name,pd_notation
12a_0028_0,"[[24, 21, 1, 22], [2, 6, 3, 5], [4, 9, 5, 10], [6, 12, 7, 11], [8, 18, 9, 17], [10, 3, 11, 4], [12, 24, 13, 23], [14, 20, 15, 19], [16, 8, 17, 7], [18, 16, 19, 15], [20, 1, 21, 2], [22, 14, 23, 13]]"
12a_0028_1,"[[22, 14, 23, 13], [24, 21, 1, 22], [2, 6, 3, 5], [4, 9, 5, 10], [6, 12, 7, 11], [8, 18, 9, 17], [10, 3, 11, 4], [12, 24, 13, 23], [14, 20, 15, 19], [16, 8, 17, 7], [18, 16, 19, 15], [20, 1, 21, 2]]"
12a_0028_2,"[[20, 1, 21, 2], [22, 14, 23, 13], [24, 21, 1, 22], [2, 6, 3, 5], [4, 9, 5, 10], [6, 12, 7, 11], [8, 18, 9, 17], [10, 3, 11, 4], [12, 24, 13, 23], [14, 20, 15, 19], [16, 8, 17, 7], [18, 16, 19, 15]]"
12a_0028_3,"[[18, 16, 19, 15], [20, 1, 21, 2], [22, 14, 23, 13], [24, 21, 1, 22], [2, 6, 3, 5], [4, 9, 5, 10], [6, 12, 7, 11], [8, 18, 9, 17], [10, 3, 11, 4], [12, 24, 13, 23], [14, 20, 15, 19], [16, 8, 17, 7]]"
12a_0028_4,"[[16, 8, 17, 7], [18, 16, 19, 15], [20, 1, 21, 2], [22, 14, 23, 13], [24, 21, 1, 22], [2, 6, 3, 5], [4, 9, 5, 10], [6, 12, 7, 11], [8, 18, 9, 17], [10, 3, 11, 4], [12, 24, 13, 23], [14, 20, 15, 19]]"
12a_0028_5,"[[14, 20, 15, 19], [16, 8, 17, 7], [18, 16, 19, 15], [20, 1, 21, 2], [22, 14, 23, 13], [24, 21, 1, 22], [2, 6, 3, 5], [4, 9, 5, 10], [6, 12, 7, 11], [8, 18, 9, 17], [10, 3, 11, 4], [12, 24, 13, 23]]"
12a_0028_6,"[[12, 24, 13, 23], [14, 20, 15, 19], [16, 8, 17, 7], [18, 16, 19, 15], [20, 1, 21, 2], [22, 14, 23, 13], [24, 21, 1, 22], [2, 6, 3, 5], [4, 9, 5, 10], [6, 12, 7, 11], [8, 18, 9, 17], [10, 3, 11, 4]]"
12a_0028_7,"[[10, 3, 11, 4], [12, 24, 13, 23], [14, 20, 15, 19], [16, 8, 17, 7], [18, 16, 19, 15], [20, 1, 21, 2], [22, 14, 23, 13], [24, 21, 1, 22], [2, 6, 3, 5], [4, 9, 5, 10], [6, 12, 7, 11], [8, 18, 9, 17]]"
12a_0028_8,"[[8, 18, 9, 17], [10, 3, 11, 4], [12, 24, 13, 23], [14, 20, 15, 19], [16, 8, 17, 7], [18, 16, 19, 15], [20, 1, 21, 2], [22, 14, 23, 13], [24, 21, 1, 22], [2, 6, 3, 5], [4, 9, 5, 10], [6, 12, 7, 11]]"
12a_0028_9,"[[6, 12, 7, 11], [8, 18, 9, 17], [10, 3, 11, 4], [12, 24, 13, 23], [14, 20, 15, 19], [16, 8, 17, 7], [18, 16, 19, 15], [20, 1, 21, 2], [22, 14, 23, 13], [24, 21, 1, 22], [2, 6, 3, 5], [4, 9, 5, 10]]"
12a_0028_10,"[[4, 9, 5, 10], [6, 12, 7, 11], [8, 18, 9, 17], [10, 3, 11, 4], [12, 24, 13, 23], [14, 20, 15, 19], [16, 8, 17, 7], [18, 16, 19, 15], [20, 1, 21, 2], [22, 14, 23, 13], [24, 21, 1, 22], [2, 6, 3, 5]]"
12a_0028_11,"[[2, 6, 3, 5], [4, 9, 5, 10], [6, 12, 7, 11], [8, 18, 9, 17], [10, 3, 11, 4], [12, 24, 13, 23], [14, 20, 15, 19], [16, 8, 17, 7], [18, 16, 19, 15], [20, 1, 21, 2], [22, 14, 23, 13], [24, 21, 1, 22]]"
12a_0028_12,"[[1, 22, 2, 23], [3, 7, 4, 6], [5, 10, 6, 11], [7, 13, 8, 12], [9, 19, 10, 18], [11, 4, 12, 5], [13, 1, 14, 24], [15, 21, 16, 20], [17, 9, 18, 8], [19, 17, 20, 16], [21, 2, 22, 3], [23, 15, 24, 14]]"
12a_0028_13,"[[23, 15, 24, 14], [1, 22, 2, 23], [3, 7, 4, 6], [5, 10, 6, 11], [7, 13, 8, 12], [9, 19, 10, 18], [11, 4, 12, 5], [13, 1, 14, 24], [15, 21, 16, 20], [17, 9, 18, 8], [19, 17, 20, 16], [21, 2, 22, 3]]"
12a_0028_14,"[[21, 2, 22, 3], [23, 15, 24, 14], [1, 22, 2, 23], [3, 7, 4, 6], [5, 10, 6, 11], [7, 13, 8, 12], [9, 19, 10, 18], [11, 4, 12, 5], [13, 1, 14, 24], [15, 21, 16, 20], [17, 9, 18, 8], [19, 17, 20, 16]]"
12a_0028_15,"[[19, 17, 20, 16], [21, 2, 22, 3], [23, 15, 24, 14], [1, 22, 2, 23], [3, 7, 4, 6], [5, 10, 6, 11], [7, 13, 8, 12], [9, 19, 10, 18], [11, 4, 12, 5], [13, 1, 14, 24], [15, 21, 16, 20], [17, 9, 18, 8]]"
12a_0028_16,"[[17, 9, 18, 8], [19, 17, 20, 16], [21, 2, 22, 3], [23, 15, 24, 14], [1, 22, 2, 23], [3, 7, 4, 6], [5, 10, 6, 11], [7, 13, 8, 12], [9, 19, 10, 18], [11, 4, 12, 5], [13, 1, 14, 24], [15, 21, 16, 20]]"
12a_0028_17,"[[15, 21, 16, 20], [17, 9, 18, 8], [19, 17, 20, 16], [21, 2, 22, 3], [23, 15, 24, 14], [1, 22, 2, 23], [3, 7, 4, 6], [5, 10, 6, 11], [7, 13, 8, 12], [9, 19, 10, 18], [11, 4, 12, 5], [13, 1, 14, 24]]"
12a_0028_18,"[[13, 1, 14, 24], [15, 21, 16, 20], [17, 9, 18, 8], [19, 17, 20, 16], [21, 2, 22, 3], [23, 15, 24, 14], [1, 22, 2, 23], [3, 7, 4, 6], [5, 10, 6, 11], [7, 13, 8, 12], [9, 19, 10, 18], [11, 4, 12, 5]]"
12a_0028_19,"[[11, 4, 12, 5], [13, 1, 14, 24], [15, 21, 16, 20], [17, 9, 18, 8], [19, 17, 20, 16], [21, 2, 22, 3], [23, 15, 24, 14], [1, 22, 2, 23], [3, 7, 4, 6], [5, 10, 6, 11], [7, 13, 8, 12], [9, 19, 10, 18]]"
12a_0028_20,"[[9, 19, 10, 18], [11, 4, 12, 5], [13, 1, 14, 24], [15, 21, 16, 20], [17, 9, 18, 8], [19, 17, 20, 16], [21, 2, 22, 3], [23, 15, 24, 14], [1, 22, 2, 23], [3, 7, 4, 6], [5, 10, 6, 11], [7, 13, 8, 12]]"
12a_0028_21,"[[7, 13, 8, 12], [9, 19, 10, 18], [11, 4, 12, 5], [13, 1, 14, 24], [15, 21, 16, 20], [17, 9, 18, 8], [19, 17, 20, 16], [21, 2, 22, 3], [23, 15, 24, 14], [1, 22, 2, 23], [3, 7, 4, 6], [5, 10, 6, 11]]"
12a_0028_22,"[[5, 10, 6, 11], [7, 13, 8, 12], [9, 19, 10, 18], [11, 4, 12, 5], [13, 1, 14, 24], [15, 21, 16, 20], [17, 9, 18, 8], [19, 17, 20, 16], [21, 2, 22, 3], [23, 15, 24, 14], [1, 22, 2, 23], [3, 7, 4, 6]]"
12a_0028_23,"[[3, 7, 4, 6], [5, 10, 6, 11], [7, 13, 8, 12], [9, 19, 10, 18], [11, 4, 12, 5], [13, 1, 14, 24], [15, 21, 16, 20], [17, 9, 18, 8], [19, 17, 20, 16], [21, 2, 22, 3], [23, 15, 24, 14], [1, 22, 2, 23]]"
12a_0028_24,"[[2, 23, 3, 24], [4, 8, 5, 7], [6, 11, 7, 12], [8, 14, 9, 13], [10, 20, 11, 19], [12, 5, 13, 6], [14, 2, 15, 1], [16, 22, 17, 21], [18, 10, 19, 9], [20, 18, 21, 17], [22, 3, 23, 4], [24, 16, 1, 15]]"
12a_0028_25,"[[24, 16, 1, 15], [2, 23, 3, 24], [4, 8, 5, 7], [6, 11, 7, 12], [8, 14, 9, 13], [10, 20, 11, 19], [12, 5, 13, 6], [14, 2, 15, 1], [16, 22, 17, 21], [18, 10, 19, 9], [20, 18, 21, 17], [22, 3, 23, 4]]"
12a_0028_26,"[[22, 3, 23, 4], [24, 16, 1, 15], [2, 23, 3, 24], [4, 8, 5, 7], [6, 11, 7, 12], [8, 14, 9, 13], [10, 20, 11, 19], [12, 5, 13, 6], [14, 2, 15, 1], [16, 22, 17, 21], [18, 10, 19, 9], [20, 18, 21, 17]]"
12a_0028_27,"[[20, 18, 21, 17], [22, 3, 23, 4], [24, 16, 1, 15], [2, 23, 3, 24], [4, 8, 5, 7], [6, 11, 7, 12], [8, 14, 9, 13], [10, 20, 11, 19], [12, 5, 13, 6], [14, 2, 15, 1], [16, 22, 17, 21], [18, 10, 19, 9]]"
12a_0028_28,"[[18, 10, 19, 9], [20, 18, 21, 17], [22, 3, 23, 4], [24, 16, 1, 15], [2, 23, 3, 24], [4, 8, 5, 7], [6, 11, 7, 12], [8, 14, 9, 13], [10, 20, 11, 19], [12, 5, 13, 6], [14, 2, 15, 1], [16, 22, 17, 21]]"
12a_0028_29,"[[16, 22, 17, 21], [18, 10, 19, 9], [20, 18, 21, 17], [22, 3, 23, 4], [24, 16, 1, 15], [2, 23, 3, 24], [4, 8, 5, 7], [6, 11, 7, 12], [8, 14, 9, 13], [10, 20, 11, 19], [12, 5, 13, 6], [14, 2, 15, 1]]"
12a_0028_30,"[[14, 2, 15, 1], [16, 22, 17, 21], [18, 10, 19, 9], [20, 18, 21, 17], [22, 3, 23, 4], [24, 16, 1, 15], [2, 23, 3, 24], [4, 8, 5, 7], [6, 11, 7, 12], [8, 14, 9, 13], [10, 20, 11, 19], [12, 5, 13, 6]]"
12a_0028_31,"[[12, 5, 13, 6], [14, 2, 15, 1], [16, 22, 17, 21], [18, 10, 19, 9], [20, 18, 21, 17], [22, 3, 23, 4], [24, 16, 1, 15], [2, 23, 3, 24], [4, 8, 5, 7], [6, 11, 7, 12], [8, 14, 9, 13], [10, 20, 11, 19]]"
12a_0028_32,"[[10, 20, 11, 19], [12, 5, 13, 6], [14, 2, 15, 1], [16, 22, 17, 21], [18, 10, 19, 9], [20, 18, 21, 17], [22, 3, 23, 4], [24, 16, 1, 15], [2, 23, 3, 24], [4, 8, 5, 7], [6, 11, 7, 12], [8, 14, 9, 13]]"
12a_0028_33,"[[8, 14, 9, 13], [10, 20, 11, 19], [12, 5, 13, 6], [14, 2, 15, 1], [16, 22, 17, 21], [18, 10, 19, 9], [20, 18, 21, 17], [22, 3, 23, 4], [24, 16, 1, 15], [2, 23, 3, 24], [4, 8, 5, 7], [6, 11, 7, 12]]"
12a_0028_34,"[[6, 11, 7, 12], [8, 14, 9, 13], [10, 20, 11, 19], [12, 5, 13, 6], [14, 2, 15, 1], [16, 22, 17, 21], [18, 10, 19, 9], [20, 18, 21, 17], [22, 3, 23, 4], [24, 16, 1, 15], [2, 23, 3, 24], [4, 8, 5, 7]]"
12a_0028_35,"[[4, 8, 5, 7], [6, 11, 7, 12], [8, 14, 9, 13], [10, 20, 11, 19], [12, 5, 13, 6], [14, 2, 15, 1], [16, 22, 17, 21], [18, 10, 19, 9], [20, 18, 21, 17], [22, 3, 23, 4], [24, 16, 1, 15], [2, 23, 3, 24]]"
12a_0028_36,"[[3, 24, 4, 1], [5, 9, 6, 8], [7, 12, 8, 13], [9, 15, 10, 14], [11, 21, 12, 20], [13, 6, 14, 7], [15, 3, 16, 2], [17, 23, 18, 22], [19, 11, 20, 10], [21, 19, 22, 18], [23, 4, 24, 5], [1, 17, 2, 16]]"
12a_0028_37,"[[1, 17, 2, 16], [3, 24, 4, 1], [5, 9, 6, 8], [7, 12, 8, 13], [9, 15, 10, 14], [11, 21, 12, 20], [13, 6, 14, 7], [15, 3, 16, 2], [17, 23, 18, 22], [19, 11, 20, 10], [21, 19, 22, 18], [23, 4, 24, 5]]"
12a_0028_38,"[[23, 4, 24, 5], [1, 17, 2, 16], [3, 24, 4, 1], [5, 9, 6, 8], [7, 12, 8, 13], [9, 15, 10, 14], [11, 21, 12, 20], [13, 6, 14, 7], [15, 3, 16, 2], [17, 23, 18, 22], [19, 11, 20, 10], [21, 19, 22, 18]]"
12a_0028_39,"[[21, 19, 22, 18], [23, 4, 24, 5], [1, 17, 2, 16], [3, 24, 4, 1], [5, 9, 6, 8], [7, 12, 8, 13], [9, 15, 10, 14], [11, 21, 12, 20], [13, 6, 14, 7], [15, 3, 16, 2], [17, 23, 18, 22], [19, 11, 20, 10]]"
12a_0028_40,"[[19, 11, 20, 10], [21, 19, 22, 18], [23, 4, 24, 5], [1, 17, 2, 16], [3, 24, 4, 1], [5, 9, 6, 8], [7, 12, 8, 13], [9, 15, 10, 14], [11, 21, 12, 20], [13, 6, 14, 7], [15, 3, 16, 2], [17, 23, 18, 22]]"
12a_0028_41,"[[17, 23, 18, 22], [19, 11, 20, 10], [21, 19, 22, 18], [23, 4, 24, 5], [1, 17, 2, 16], [3, 24, 4, 1], [5, 9, 6, 8], [7, 12, 8, 13], [9, 15, 10, 14], [11, 21, 12, 20], [13, 6, 14, 7], [15, 3, 16, 2]]"
12a_0028_42,"[[15, 3, 16, 2], [17, 23, 18, 22], [19, 11, 20, 10], [21, 19, 22, 18], [23, 4, 24, 5], [1, 17, 2, 16], [3, 24, 4, 1], [5, 9, 6, 8], [7, 12, 8, 13], [9, 15, 10, 14], [11, 21, 12, 20], [13, 6, 14, 7]]"
12a_0028_43,"[[13, 6, 14, 7], [15, 3, 16, 2], [17, 23, 18, 22], [19, 11, 20, 10], [21, 19, 22, 18], [23, 4, 24, 5], [1, 17, 2, 16], [3, 24, 4, 1], [5, 9, 6, 8], [7, 12, 8, 13], [9, 15, 10, 14], [11, 21, 12, 20]]"
12a_0028_44,"[[11, 21, 12, 20], [13, 6, 14, 7], [15, 3, 16, 2], [17, 23, 18, 22], [19, 11, 20, 10], [21, 19, 22, 18], [23, 4, 24, 5], [1, 17, 2, 16], [3, 24, 4, 1], [5, 9, 6, 8], [7, 12, 8, 13], [9, 15, 10, 14]]"
12a_0028_45,"[[9, 15, 10, 14], [11, 21, 12, 20], [13, 6, 14, 7], [15, 3, 16, 2], [17, 23, 18, 22], [19, 11, 20, 10], [21, 19, 22, 18], [23, 4, 24, 5], [1, 17, 2, 16], [3, 24, 4, 1], [5, 9, 6, 8], [7, 12, 8, 13]]"
12a_0028_46,"[[7, 12, 8, 13], [9, 15, 10, 14], [11, 21, 12, 20], [13, 6, 14, 7], [15, 3, 16, 2], [17, 23, 18, 22], [19, 11, 20, 10], [21, 19, 22, 18], [23, 4, 24, 5], [1, 17, 2, 16], [3, 24, 4, 1], [5, 9, 6, 8]]"
12a_0028_47,"[[5, 9, 6, 8], [7, 12, 8, 13], [9, 15, 10, 14], [11, 21, 12, 20], [13, 6, 14, 7], [15, 3, 16, 2], [17, 23, 18, 22], [19, 11, 20, 10], [21, 19, 22, 18], [23, 4, 24, 5], [1, 17, 2, 16], [3, 24, 4, 1]]"
12a_0028_48,"[[4, 1, 5, 2], [6, 10, 7, 9], [8, 13, 9, 14], [10, 16, 11, 15], [12, 22, 13, 21], [14, 7, 15, 8], [16, 4, 17, 3], [18, 24, 19, 23], [20, 12, 21, 11], [22, 20, 23, 19], [24, 5, 1, 6], [2, 18, 3, 17]]"
12a_0028_49,"[[2, 18, 3, 17], [4, 1, 5, 2], [6, 10, 7, 9], [8, 13, 9, 14], [10, 16, 11, 15], [12, 22, 13, 21], [14, 7, 15, 8], [16, 4, 17, 3], [18, 24, 19, 23], [20, 12, 21, 11], [22, 20, 23, 19], [24, 5, 1, 6]]"
12a_0028_50,"[[24, 5, 1, 6], [2, 18, 3, 17], [4, 1, 5, 2], [6, 10, 7, 9], [8, 13, 9, 14], [10, 16, 11, 15], [12, 22, 13, 21], [14, 7, 15, 8], [16, 4, 17, 3], [18, 24, 19, 23], [20, 12, 21, 11], [22, 20, 23, 19]]"
12a_0028_51,"[[22, 20, 23, 19], [24, 5, 1, 6], [2, 18, 3, 17], [4, 1, 5, 2], [6, 10, 7, 9], [8, 13, 9, 14], [10, 16, 11, 15], [12, 22, 13, 21], [14, 7, 15, 8], [16, 4, 17, 3], [18, 24, 19, 23], [20, 12, 21, 11]]"
12a_0028_52,"[[20, 12, 21, 11], [22, 20, 23, 19], [24, 5, 1, 6], [2, 18, 3, 17], [4, 1, 5, 2], [6, 10, 7, 9], [8, 13, 9, 14], [10, 16, 11, 15], [12, 22, 13, 21], [14, 7, 15, 8], [16, 4, 17, 3], [18, 24, 19, 23]]"
12a_0028_53,"[[18, 24, 19, 23], [20, 12, 21, 11], [22, 20, 23, 19], [24, 5, 1, 6], [2, 18, 3, 17], [4, 1, 5, 2], [6, 10, 7, 9], [8, 13, 9, 14], [10, 16, 11, 15], [12, 22, 13, 21], [14, 7, 15, 8], [16, 4, 17, 3]]"
12a_0028_54,"[[16, 4, 17, 3], [18, 24, 19, 23], [20, 12, 21, 11], [22, 20, 23, 19], [24, 5, 1, 6], [2, 18, 3, 17], [4, 1, 5, 2], [6, 10, 7, 9], [8, 13, 9, 14], [10, 16, 11, 15], [12, 22, 13, 21], [14, 7, 15, 8]]"
12a_0028_55,"[[14, 7, 15, 8], [16, 4, 17, 3], [18, 24, 19, 23], [20, 12, 21, 11], [22, 20, 23, 19], [24, 5, 1, 6], [2, 18, 3, 17], [4, 1, 5, 2], [6, 10, 7, 9], [8, 13, 9, 14], [10, 16, 11, 15], [12, 22, 13, 21]]"
12a_0028_56,"[[12, 22, 13, 21], [14, 7, 15, 8], [16, 4, 17, 3], [18, 24, 19, 23], [20, 12, 21, 11], [22, 20, 23, 19], [24, 5, 1, 6], [2, 18, 3, 17], [4, 1, 5, 2], [6, 10, 7, 9], [8, 13, 9, 14], [10, 16, 11, 15]]"
12a_0028_57,"[[10, 16, 11, 15], [12, 22, 13, 21], [14, 7, 15, 8], [16, 4, 17, 3], [18, 24, 19, 23], [20, 12, 21, 11], [22, 20, 23, 19], [24, 5, 1, 6], [2, 18, 3, 17], [4, 1, 5, 2], [6, 10, 7, 9], [8, 13, 9, 14]]"
12a_0028_58,"[[8, 13, 9, 14], [10, 16, 11, 15], [12, 22, 13, 21], [14, 7, 15, 8], [16, 4, 17, 3], [18, 24, 19, 23], [20, 12, 21, 11], [22, 20, 23, 19], [24, 5, 1, 6], [2, 18, 3, 17], [4, 1, 5, 2], [6, 10, 7, 9]]"
12a_0028_59,"[[6, 10, 7, 9], [8, 13, 9, 14], [10, 16, 11, 15], [12, 22, 13, 21], [14, 7, 15, 8], [16, 4, 17, 3], [18, 24, 19, 23], [20, 12, 21, 11], [22, 20, 23, 19], [24, 5, 1, 6], [2, 18, 3, 17], [4, 1, 5, 2]]"
12a_0028_60,"[[5, 2, 6, 3], [7, 11, 8, 10], [9, 14, 10, 15], [11, 17, 12, 16], [13, 23, 14, 22], [15, 8, 16, 9], [17, 5, 18, 4], [19, 1, 20, 24], [21, 13, 22, 12], [23, 21, 24, 20], [1, 6, 2, 7], [3, 19, 4, 18]]"
12a_0028_61,"[[3, 19, 4, 18], [5, 2, 6, 3], [7, 11, 8, 10], [9, 14, 10, 15], [11, 17, 12, 16], [13, 23, 14, 22], [15, 8, 16, 9], [17, 5, 18, 4], [19, 1, 20, 24], [21, 13, 22, 12], [23, 21, 24, 20], [1, 6, 2, 7]]"
12a_0028_62,"[[1, 6, 2, 7], [3, 19, 4, 18], [5, 2, 6, 3], [7, 11, 8, 10], [9, 14, 10, 15], [11, 17, 12, 16], [13, 23, 14, 22], [15, 8, 16, 9], [17, 5, 18, 4], [19, 1, 20, 24], [21, 13, 22, 12], [23, 21, 24, 20]]"
12a_0028_63,"[[23, 21, 24, 20], [1, 6, 2, 7], [3, 19, 4, 18], [5, 2, 6, 3], [7, 11, 8, 10], [9, 14, 10, 15], [11, 17, 12, 16], [13, 23, 14, 22], [15, 8, 16, 9], [17, 5, 18, 4], [19, 1, 20, 24], [21, 13, 22, 12]]"
12a_0028_64,"[[21, 13, 22, 12], [23, 21, 24, 20], [1, 6, 2, 7], [3, 19, 4, 18], [5, 2, 6, 3], [7, 11, 8, 10], [9, 14, 10, 15], [11, 17, 12, 16], [13, 23, 14, 22], [15, 8, 16, 9], [17, 5, 18, 4], [19, 1, 20, 24]]"
12a_0028_65,"[[19, 1, 20, 24], [21, 13, 22, 12], [23, 21, 24, 20], [1, 6, 2, 7], [3, 19, 4, 18], [5, 2, 6, 3], [7, 11, 8, 10], [9, 14, 10, 15], [11, 17, 12, 16], [13, 23, 14, 22], [15, 8, 16, 9], [17, 5, 18, 4]]"
12a_0028_66,"[[17, 5, 18, 4], [19, 1, 20, 24], [21, 13, 22, 12], [23, 21, 24, 20], [1, 6, 2, 7], [3, 19, 4, 18], [5, 2, 6, 3], [7, 11, 8, 10], [9, 14, 10, 15], [11, 17, 12, 16], [13, 23, 14, 22], [15, 8, 16, 9]]"
12a_0028_67,"[[15, 8, 16, 9], [17, 5, 18, 4], [19, 1, 20, 24], [21, 13, 22, 12], [23, 21, 24, 20], [1, 6, 2, 7], [3, 19, 4, 18], [5, 2, 6, 3], [7, 11, 8, 10], [9, 14, 10, 15], [11, 17, 12, 16], [13, 23, 14, 22]]"
12a_0028_68,"[[13, 23, 14, 22], [15, 8, 16, 9], [17, 5, 18, 4], [19, 1, 20, 24], [21, 13, 22, 12], [23, 21, 24, 20], [1, 6, 2, 7], [3, 19, 4, 18], [5, 2, 6, 3], [7, 11, 8, 10], [9, 14, 10, 15], [11, 17, 12, 16]]"
12a_0028_69,"[[11, 17, 12, 16], [13, 23, 14, 22], [15, 8, 16, 9], [17, 5, 18, 4], [19, 1, 20, 24], [21, 13, 22, 12], [23, 21, 24, 20], [1, 6, 2, 7], [3, 19, 4, 18], [5, 2, 6, 3], [7, 11, 8, 10], [9, 14, 10, 15]]"
12a_0028_70,"[[9, 14, 10, 15], [11, 17, 12, 16], [13, 23, 14, 22], [15, 8, 16, 9], [17, 5, 18, 4], [19, 1, 20, 24], [21, 13, 22, 12], [23, 21, 24, 20], [1, 6, 2, 7], [3, 19, 4, 18], [5, 2, 6, 3], [7, 11, 8, 10]]"
12a_0028_71,"[[7, 11, 8, 10], [9, 14, 10, 15], [11, 17, 12, 16], [13, 23, 14, 22], [15, 8, 16, 9], [17, 5, 18, 4], [19, 1, 20, 24], [21, 13, 22, 12], [23, 21, 24, 20], [1, 6, 2, 7], [3, 19, 4, 18], [5, 2, 6, 3]]"
12a_0028_72,"[[6, 3, 7, 4], [8, 12, 9, 11], [10, 15, 11, 16], [12, 18, 13, 17], [14, 24, 15, 23], [16, 9, 17, 10], [18, 6, 19, 5], [20, 2, 21, 1], [22, 14, 23, 13], [24, 22, 1, 21], [2, 7, 3, 8], [4, 20, 5, 19]]"
12a_0028_73,"[[4, 20, 5, 19], [6, 3, 7, 4], [8, 12, 9, 11], [10, 15, 11, 16], [12, 18, 13, 17], [14, 24, 15, 23], [16, 9, 17, 10], [18, 6, 19, 5], [20, 2, 21, 1], [22, 14, 23, 13], [24, 22, 1, 21], [2, 7, 3, 8]]"
12a_0028_74,"[[2, 7, 3, 8], [4, 20, 5, 19], [6, 3, 7, 4], [8, 12, 9, 11], [10, 15, 11, 16], [12, 18, 13, 17], [14, 24, 15, 23], [16, 9, 17, 10], [18, 6, 19, 5], [20, 2, 21, 1], [22, 14, 23, 13], [24, 22, 1, 21]]"
12a_0028_75,"[[24, 22, 1, 21], [2, 7, 3, 8], [4, 20, 5, 19], [6, 3, 7, 4], [8, 12, 9, 11], [10, 15, 11, 16], [12, 18, 13, 17], [14, 24, 15, 23], [16, 9, 17, 10], [18, 6, 19, 5], [20, 2, 21, 1], [22, 14, 23, 13]]"
12a_0028_76,"[[22, 14, 23, 13], [24, 22, 1, 21], [2, 7, 3, 8], [4, 20, 5, 19], [6, 3, 7, 4], [8, 12, 9, 11], [10, 15, 11, 16], [12, 18, 13, 17], [14, 24, 15, 23], [16, 9, 17, 10], [18, 6, 19, 5], [20, 2, 21, 1]]"
12a_0028_77,"[[20, 2, 21, 1], [22, 14, 23, 13], [24, 22, 1, 21], [2, 7, 3, 8], [4, 20, 5, 19], [6, 3, 7, 4], [8, 12, 9, 11], [10, 15, 11, 16], [12, 18, 13, 17], [14, 24, 15, 23], [16, 9, 17, 10], [18, 6, 19, 5]]"
12a_0028_78,"[[18, 6, 19, 5], [20, 2, 21, 1], [22, 14, 23, 13], [24, 22, 1, 21], [2, 7, 3, 8], [4, 20, 5, 19], [6, 3, 7, 4], [8, 12, 9, 11], [10, 15, 11, 16], [12, 18, 13, 17], [14, 24, 15, 23], [16, 9, 17, 10]]"
12a_0028_79,"[[16, 9, 17, 10], [18, 6, 19, 5], [20, 2, 21, 1], [22, 14, 23, 13], [24, 22, 1, 21], [2, 7, 3, 8], [4, 20, 5, 19], [6, 3, 7, 4], [8, 12, 9, 11], [10, 15, 11, 16], [12, 18, 13, 17], [14, 24, 15, 23]]"
12a_0028_80,"[[14, 24, 15, 23], [16, 9, 17, 10], [18, 6, 19, 5], [20, 2, 21, 1], [22, 14, 23, 13], [24, 22, 1, 21], [2, 7, 3, 8], [4, 20, 5, 19], [6, 3, 7, 4], [8, 12, 9, 11], [10, 15, 11, 16], [12, 18, 13, 17]]"
12a_0028_81,"[[12, 18, 13, 17], [14, 24, 15, 23], [16, 9, 17, 10], [18, 6, 19, 5], [20, 2, 21, 1], [22, 14, 23, 13], [24, 22, 1, 21], [2, 7, 3, 8], [4, 20, 5, 19], [6, 3, 7, 4], [8, 12, 9, 11], [10, 15, 11, 16]]"
12a_0028_82,"[[10, 15, 11, 16], [12, 18, 13, 17], [14, 24, 15, 23], [16, 9, 17, 10], [18, 6, 19, 5], [20, 2, 21, 1], [22, 14, 23, 13], [24, 22, 1, 21], [2, 7, 3, 8], [4, 20, 5, 19], [6, 3, 7, 4], [8, 12, 9, 11]]"
12a_0028_83,"[[8, 12, 9, 11], [10, 15, 11, 16], [12, 18, 13, 17], [14, 24, 15, 23], [16, 9, 17, 10], [18, 6, 19, 5], [20, 2, 21, 1], [22, 14, 23, 13], [24, 22, 1, 21], [2, 7, 3, 8], [4, 20, 5, 19], [6, 3, 7, 4]]"
12a_0028_84,"[[7, 4, 8, 5], [9, 13, 10, 12], [11, 16, 12, 17], [13, 19, 14, 18], [15, 1, 16, 24], [17, 10, 18, 11], [19, 7, 20, 6], [21, 3, 22, 2], [23, 15, 24, 14], [1, 23, 2, 22], [3, 8, 4, 9], [5, 21, 6, 20]]"
12a_0028_85,"[[5, 21, 6, 20], [7, 4, 8, 5], [9, 13, 10, 12], [11, 16, 12, 17], [13, 19, 14, 18], [15, 1, 16, 24], [17, 10, 18, 11], [19, 7, 20, 6], [21, 3, 22, 2], [23, 15, 24, 14], [1, 23, 2, 22], [3, 8, 4, 9]]"
12a_0028_86,"[[3, 8, 4, 9], [5, 21, 6, 20], [7, 4, 8, 5], [9, 13, 10, 12], [11, 16, 12, 17], [13, 19, 14, 18], [15, 1, 16, 24], [17, 10, 18, 11], [19, 7, 20, 6], [21, 3, 22, 2], [23, 15, 24, 14], [1, 23, 2, 22]]"
12a_0028_87,"[[1, 23, 2, 22], [3, 8, 4, 9], [5, 21, 6, 20], [7, 4, 8, 5], [9, 13, 10, 12], [11, 16, 12, 17], [13, 19, 14, 18], [15, 1, 16, 24], [17, 10, 18, 11], [19, 7, 20, 6], [21, 3, 22, 2], [23, 15, 24, 14]]"
12a_0028_88,"[[23, 15, 24, 14], [1, 23, 2, 22], [3, 8, 4, 9], [5, 21, 6, 20], [7, 4, 8, 5], [9, 13, 10, 12], [11, 16, 12, 17], [13, 19, 14, 18], [15, 1, 16, 24], [17, 10, 18, 11], [19, 7, 20, 6], [21, 3, 22, 2]]"
12a_0028_89,"[[21, 3, 22, 2], [23, 15, 24, 14], [1, 23, 2, 22], [3, 8, 4, 9], [5, 21, 6, 20], [7, 4, 8, 5], [9, 13, 10, 12], [11, 16, 12, 17], [13, 19, 14, 18], [15, 1, 16, 24], [17, 10, 18, 11], [19, 7, 20, 6]]"
12a_0028_90,"[[19, 7, 20, 6], [21, 3, 22, 2], [23, 15, 24, 14], [1, 23, 2, 22], [3, 8, 4, 9], [5, 21, 6, 20], [7, 4, 8, 5], [9, 13, 10, 12], [11, 16, 12, 17], [13, 19, 14, 18], [15, 1, 16, 24], [17, 10, 18, 11]]"
12a_0028_91,"[[17, 10, 18, 11], [19, 7, 20, 6], [21, 3, 22, 2], [23, 15, 24, 14], [1, 23, 2, 22], [3, 8, 4, 9], [5, 21, 6, 20], [7, 4, 8, 5], [9, 13, 10, 12], [11, 16, 12, 17], [13, 19, 14, 18], [15, 1, 16, 24]]"
12a_0028_92,"[[15, 1, 16, 24], [17, 10, 18, 11], [19, 7, 20, 6], [21, 3, 22, 2], [23, 15, 24, 14], [1, 23, 2, 22], [3, 8, 4, 9], [5, 21, 6, 20], [7, 4, 8, 5], [9, 13, 10, 12], [11, 16, 12, 17], [13, 19, 14, 18]]"
12a_0028_93,"[[13, 19, 14, 18], [15, 1, 16, 24], [17, 10, 18, 11], [19, 7, 20, 6], [21, 3, 22, 2], [23, 15, 24, 14], [1, 23, 2, 22], [3, 8, 4, 9], [5, 21, 6, 20], [7, 4, 8, 5], [9, 13, 10, 12], [11, 16, 12, 17]]"
12a_0028_94,"[[11, 16, 12, 17], [13, 19, 14, 18], [15, 1, 16, 24], [17, 10, 18, 11], [19, 7, 20, 6], [21, 3, 22, 2], [23, 15, 24, 14], [1, 23, 2, 22], [3, 8, 4, 9], [5, 21, 6, 20], [7, 4, 8, 5], [9, 13, 10, 12]]"
12a_0028_95,"[[9, 13, 10, 12], [11, 16, 12, 17], [13, 19, 14, 18], [15, 1, 16, 24], [17, 10, 18, 11], [19, 7, 20, 6], [21, 3, 22, 2], [23, 15, 24, 14], [1, 23, 2, 22], [3, 8, 4, 9], [5, 21, 6, 20], [7, 4, 8, 5]]"
12a_0028_96,"[[8, 5, 9, 6], [10, 14, 11, 13], [12, 17, 13, 18], [14, 20, 15, 19], [16, 2, 17, 1], [18, 11, 19, 12], [20, 8, 21, 7], [22, 4, 23, 3], [24, 16, 1, 15], [2, 24, 3, 23], [4, 9, 5, 10], [6, 22, 7, 21]]"
12a_0028_97,"[[6, 22, 7, 21], [8, 5, 9, 6], [10, 14, 11, 13], [12, 17, 13, 18], [14, 20, 15, 19], [16, 2, 17, 1], [18, 11, 19, 12], [20, 8, 21, 7], [22, 4, 23, 3], [24, 16, 1, 15], [2, 24, 3, 23], [4, 9, 5, 10]]"
12a_0028_98,"[[4, 9, 5, 10], [6, 22, 7, 21], [8, 5, 9, 6], [10, 14, 11, 13], [12, 17, 13, 18], [14, 20, 15, 19], [16, 2, 17, 1], [18, 11, 19, 12], [20, 8, 21, 7], [22, 4, 23, 3], [24, 16, 1, 15], [2, 24, 3, 23]]"
12a_0028_99,"[[2, 24, 3, 23], [4, 9, 5, 10], [6, 22, 7, 21], [8, 5, 9, 6], [10, 14, 11, 13], [12, 17, 13, 18], [14, 20, 15, 19], [16, 2, 17, 1], [18, 11, 19, 12], [20, 8, 21, 7], [22, 4, 23, 3], [24, 16, 1, 15]]"
12a_0028_100,"[[24, 16, 1, 15], [2, 24, 3, 23], [4, 9, 5, 10], [6, 22, 7, 21], [8, 5, 9, 6], [10, 14, 11, 13], [12, 17, 13, 18], [14, 20, 15, 19], [16, 2, 17, 1], [18, 11, 19, 12], [20, 8, 21, 7], [22, 4, 23, 3]]"
12a_0028_101,"[[22, 4, 23, 3], [24, 16, 1, 15], [2, 24, 3, 23], [4, 9, 5, 10], [6, 22, 7, 21], [8, 5, 9, 6], [10, 14, 11, 13], [12, 17, 13, 18], [14, 20, 15, 19], [16, 2, 17, 1], [18, 11, 19, 12], [20, 8, 21, 7]]"
12a_0028_102,"[[20, 8, 21, 7], [22, 4, 23, 3], [24, 16, 1, 15], [2, 24, 3, 23], [4, 9, 5, 10], [6, 22, 7, 21], [8, 5, 9, 6], [10, 14, 11, 13], [12, 17, 13, 18], [14, 20, 15, 19], [16, 2, 17, 1], [18, 11, 19, 12]]"
12a_0028_103,"[[18, 11, 19, 12], [20, 8, 21, 7], [22, 4, 23, 3], [24, 16, 1, 15], [2, 24, 3, 23], [4, 9, 5, 10], [6, 22, 7, 21], [8, 5, 9, 6], [10, 14, 11, 13], [12, 17, 13, 18], [14, 20, 15, 19], [16, 2, 17, 1]]"
12a_0028_104,"[[16, 2, 17, 1], [18, 11, 19, 12], [20, 8, 21, 7], [22, 4, 23, 3], [24, 16, 1, 15], [2, 24, 3, 23], [4, 9, 5, 10], [6, 22, 7, 21], [8, 5, 9, 6], [10, 14, 11, 13], [12, 17, 13, 18], [14, 20, 15, 19]]"
12a_0028_105,"[[14, 20, 15, 19], [16, 2, 17, 1], [18, 11, 19, 12], [20, 8, 21, 7], [22, 4, 23, 3], [24, 16, 1, 15], [2, 24, 3, 23], [4, 9, 5, 10], [6, 22, 7, 21], [8, 5, 9, 6], [10, 14, 11, 13], [12, 17, 13, 18]]"
12a_0028_106,"[[12, 17, 13, 18], [14, 20, 15, 19], [16, 2, 17, 1], [18, 11, 19, 12], [20, 8, 21, 7], [22, 4, 23, 3], [24, 16, 1, 15], [2, 24, 3, 23], [4, 9, 5, 10], [6, 22, 7, 21], [8, 5, 9, 6], [10, 14, 11, 13]]"
12a_0028_107,"[[10, 14, 11, 13], [12, 17, 13, 18], [14, 20, 15, 19], [16, 2, 17, 1], [18, 11, 19, 12], [20, 8, 21, 7], [22, 4, 23, 3], [24, 16, 1, 15], [2, 24, 3, 23], [4, 9, 5, 10], [6, 22, 7, 21], [8, 5, 9, 6]]"
12a_0028_108,"[[9, 6, 10, 7], [11, 15, 12, 14], [13, 18, 14, 19], [15, 21, 16, 20], [17, 3, 18, 2], [19, 12, 20, 13], [21, 9, 22, 8], [23, 5, 24, 4], [1, 17, 2, 16], [3, 1, 4, 24], [5, 10, 6, 11], [7, 23, 8, 22]]"
12a_0028_109,"[[7, 23, 8, 22], [9, 6, 10, 7], [11, 15, 12, 14], [13, 18, 14, 19], [15, 21, 16, 20], [17, 3, 18, 2], [19, 12, 20, 13], [21, 9, 22, 8], [23, 5, 24, 4], [1, 17, 2, 16], [3, 1, 4, 24], [5, 10, 6, 11]]"
12a_0028_110,"[[5, 10, 6, 11], [7, 23, 8, 22], [9, 6, 10, 7], [11, 15, 12, 14], [13, 18, 14, 19], [15, 21, 16, 20], [17, 3, 18, 2], [19, 12, 20, 13], [21, 9, 22, 8], [23, 5, 24, 4], [1, 17, 2, 16], [3, 1, 4, 24]]"
12a_0028_111,"[[3, 1, 4, 24], [5, 10, 6, 11], [7, 23, 8, 22], [9, 6, 10, 7], [11, 15, 12, 14], [13, 18, 14, 19], [15, 21, 16, 20], [17, 3, 18, 2], [19, 12, 20, 13], [21, 9, 22, 8], [23, 5, 24, 4], [1, 17, 2, 16]]"
12a_0028_112,"[[1, 17, 2, 16], [3, 1, 4, 24], [5, 10, 6, 11], [7, 23, 8, 22], [9, 6, 10, 7], [11, 15, 12, 14], [13, 18, 14, 19], [15, 21, 16, 20], [17, 3, 18, 2], [19, 12, 20, 13], [21, 9, 22, 8], [23, 5, 24, 4]]"
12a_0028_113,"[[23, 5, 24, 4], [1, 17, 2, 16], [3, 1, 4, 24], [5, 10, 6, 11], [7, 23, 8, 22], [9, 6, 10, 7], [11, 15, 12, 14], [13, 18, 14, 19], [15, 21, 16, 20], [17, 3, 18, 2], [19, 12, 20, 13], [21, 9, 22, 8]]"
12a_0028_114,"[[21, 9, 22, 8], [23, 5, 24, 4], [1, 17, 2, 16], [3, 1, 4, 24], [5, 10, 6, 11], [7, 23, 8, 22], [9, 6, 10, 7], [11, 15, 12, 14], [13, 18, 14, 19], [15, 21, 16, 20], [17, 3, 18, 2], [19, 12, 20, 13]]"
12a_0028_115,"[[19, 12, 20, 13], [21, 9, 22, 8], [23, 5, 24, 4], [1, 17, 2, 16], [3, 1, 4, 24], [5, 10, 6, 11], [7, 23, 8, 22], [9, 6, 10, 7], [11, 15, 12, 14], [13, 18, 14, 19], [15, 21, 16, 20], [17, 3, 18, 2]]"
12a_0028_116,"[[17, 3, 18, 2], [19, 12, 20, 13], [21, 9, 22, 8], [23, 5, 24, 4], [1, 17, 2, 16], [3, 1, 4, 24], [5, 10, 6, 11], [7, 23, 8, 22], [9, 6, 10, 7], [11, 15, 12, 14], [13, 18, 14, 19], [15, 21, 16, 20]]"
12a_0028_117,"[[15, 21, 16, 20], [17, 3, 18, 2], [19, 12, 20, 13], [21, 9, 22, 8], [23, 5, 24, 4], [1, 17, 2, 16], [3, 1, 4, 24], [5, 10, 6, 11], [7, 23, 8, 22], [9, 6, 10, 7], [11, 15, 12, 14], [13, 18, 14, 19]]"
12a_0028_118,"[[13, 18, 14, 19], [15, 21, 16, 20], [17, 3, 18, 2], [19, 12, 20, 13], [21, 9, 22, 8], [23, 5, 24, 4], [1, 17, 2, 16], [3, 1, 4, 24], [5, 10, 6, 11], [7, 23, 8, 22], [9, 6, 10, 7], [11, 15, 12, 14]]"
12a_0028_119,"[[11, 15, 12, 14], [13, 18, 14, 19], [15, 21, 16, 20], [17, 3, 18, 2], [19, 12, 20, 13], [21, 9, 22, 8], [23, 5, 24, 4], [1, 17, 2, 16], [3, 1, 4, 24], [5, 10, 6, 11], [7, 23, 8, 22], [9, 6, 10, 7]]"
12a_0028_120,"[[10, 7, 11, 8], [12, 16, 13, 15], [14, 19, 15, 20], [16, 22, 17, 21], [18, 4, 19, 3], [20, 13, 21, 14], [22, 10, 23, 9], [24, 6, 1, 5], [2, 18, 3, 17], [4, 2, 5, 1], [6, 11, 7, 12], [8, 24, 9, 23]]"
12a_0028_121,"[[8, 24, 9, 23], [10, 7, 11, 8], [12, 16, 13, 15], [14, 19, 15, 20], [16, 22, 17, 21], [18, 4, 19, 3], [20, 13, 21, 14], [22, 10, 23, 9], [24, 6, 1, 5], [2, 18, 3, 17], [4, 2, 5, 1], [6, 11, 7, 12]]"
12a_0028_122,"[[6, 11, 7, 12], [8, 24, 9, 23], [10, 7, 11, 8], [12, 16, 13, 15], [14, 19, 15, 20], [16, 22, 17, 21], [18, 4, 19, 3], [20, 13, 21, 14], [22, 10, 23, 9], [24, 6, 1, 5], [2, 18, 3, 17], [4, 2, 5, 1]]"
12a_0028_123,"[[4, 2, 5, 1], [6, 11, 7, 12], [8, 24, 9, 23], [10, 7, 11, 8], [12, 16, 13, 15], [14, 19, 15, 20], [16, 22, 17, 21], [18, 4, 19, 3], [20, 13, 21, 14], [22, 10, 23, 9], [24, 6, 1, 5], [2, 18, 3, 17]]"
12a_0028_124,"[[2, 18, 3, 17], [4, 2, 5, 1], [6, 11, 7, 12], [8, 24, 9, 23], [10, 7, 11, 8], [12, 16, 13, 15], [14, 19, 15, 20], [16, 22, 17, 21], [18, 4, 19, 3], [20, 13, 21, 14], [22, 10, 23, 9], [24, 6, 1, 5]]"
12a_0028_125,"[[24, 6, 1, 5], [2, 18, 3, 17], [4, 2, 5, 1], [6, 11, 7, 12], [8, 24, 9, 23], [10, 7, 11, 8], [12, 16, 13, 15], [14, 19, 15, 20], [16, 22, 17, 21], [18, 4, 19, 3], [20, 13, 21, 14], [22, 10, 23, 9]]"
12a_0028_126,"[[22, 10, 23, 9], [24, 6, 1, 5], [2, 18, 3, 17], [4, 2, 5, 1], [6, 11, 7, 12], [8, 24, 9, 23], [10, 7, 11, 8], [12, 16, 13, 15], [14, 19, 15, 20], [16, 22, 17, 21], [18, 4, 19, 3], [20, 13, 21, 14]]"
12a_0028_127,"[[20, 13, 21, 14], [22, 10, 23, 9], [24, 6, 1, 5], [2, 18, 3, 17], [4, 2, 5, 1], [6, 11, 7, 12], [8, 24, 9, 23], [10, 7, 11, 8], [12, 16, 13, 15], [14, 19, 15, 20], [16, 22, 17, 21], [18, 4, 19, 3]]"
12a_0028_128,"[[18, 4, 19, 3], [20, 13, 21, 14], [22, 10, 23, 9], [24, 6, 1, 5], [2, 18, 3, 17], [4, 2, 5, 1], [6, 11, 7, 12], [8, 24, 9, 23], [10, 7, 11, 8], [12, 16, 13, 15], [14, 19, 15, 20], [16, 22, 17, 21]]"
12a_0028_129,"[[16, 22, 17, 21], [18, 4, 19, 3], [20, 13, 21, 14], [22, 10, 23, 9], [24, 6, 1, 5], [2, 18, 3, 17], [4, 2, 5, 1], [6, 11, 7, 12], [8, 24, 9, 23], [10, 7, 11, 8], [12, 16, 13, 15], [14, 19, 15, 20]]"
12a_0028_130,"[[14, 19, 15, 20], [16, 22, 17, 21], [18, 4, 19, 3], [20, 13, 21, 14], [22, 10, 23, 9], [24, 6, 1, 5], [2, 18, 3, 17], [4, 2, 5, 1], [6, 11, 7, 12], [8, 24, 9, 23], [10, 7, 11, 8], [12, 16, 13, 15]]"
12a_0028_131,"[[12, 16, 13, 15], [14, 19, 15, 20], [16, 22, 17, 21], [18, 4, 19, 3], [20, 13, 21, 14], [22, 10, 23, 9], [24, 6, 1, 5], [2, 18, 3, 17], [4, 2, 5, 1], [6, 11, 7, 12], [8, 24, 9, 23], [10, 7, 11, 8]]"
12a_0028_132,"[[11, 8, 12, 9], [13, 17, 14, 16], [15, 20, 16, 21], [17, 23, 18, 22], [19, 5, 20, 4], [21, 14, 22, 15], [23, 11, 24, 10], [1, 7, 2, 6], [3, 19, 4, 18], [5, 3, 6, 2], [7, 12, 8, 13], [9, 1, 10, 24]]"
12a_0028_133,"[[9, 1, 10, 24], [11, 8, 12, 9], [13, 17, 14, 16], [15, 20, 16, 21], [17, 23, 18, 22], [19, 5, 20, 4], [21, 14, 22, 15], [23, 11, 24, 10], [1, 7, 2, 6], [3, 19, 4, 18], [5, 3, 6, 2], [7, 12, 8, 13]]"
12a_0028_134,"[[7, 12, 8, 13], [9, 1, 10, 24], [11, 8, 12, 9], [13, 17, 14, 16], [15, 20, 16, 21], [17, 23, 18, 22], [19, 5, 20, 4], [21, 14, 22, 15], [23, 11, 24, 10], [1, 7, 2, 6], [3, 19, 4, 18], [5, 3, 6, 2]]"
12a_0028_135,"[[5, 3, 6, 2], [7, 12, 8, 13], [9, 1, 10, 24], [11, 8, 12, 9], [13, 17, 14, 16], [15, 20, 16, 21], [17, 23, 18, 22], [19, 5, 20, 4], [21, 14, 22, 15], [23, 11, 24, 10], [1, 7, 2, 6], [3, 19, 4, 18]]"
12a_0028_136,"[[3, 19, 4, 18], [5, 3, 6, 2], [7, 12, 8, 13], [9, 1, 10, 24], [11, 8, 12, 9], [13, 17, 14, 16], [15, 20, 16, 21], [17, 23, 18, 22], [19, 5, 20, 4], [21, 14, 22, 15], [23, 11, 24, 10], [1, 7, 2, 6]]"
12a_0028_137,"[[1, 7, 2, 6], [3, 19, 4, 18], [5, 3, 6, 2], [7, 12, 8, 13], [9, 1, 10, 24], [11, 8, 12, 9], [13, 17, 14, 16], [15, 20, 16, 21], [17, 23, 18, 22], [19, 5, 20, 4], [21, 14, 22, 15], [23, 11, 24, 10]]"
12a_0028_138,"[[23, 11, 24, 10], [1, 7, 2, 6], [3, 19, 4, 18], [5, 3, 6, 2], [7, 12, 8, 13], [9, 1, 10, 24], [11, 8, 12, 9], [13, 17, 14, 16], [15, 20, 16, 21], [17, 23, 18, 22], [19, 5, 20, 4], [21, 14, 22, 15]]"
12a_0028_139,"[[21, 14, 22, 15], [23, 11, 24, 10], [1, 7, 2, 6], [3, 19, 4, 18], [5, 3, 6, 2], [7, 12, 8, 13], [9, 1, 10, 24], [11, 8, 12, 9], [13, 17, 14, 16], [15, 20, 16, 21], [17, 23, 18, 22], [19, 5, 20, 4]]"
12a_0028_140,"[[19, 5, 20, 4], [21, 14, 22, 15], [23, 11, 24, 10], [1, 7, 2, 6], [3, 19, 4, 18], [5, 3, 6, 2], [7, 12, 8, 13], [9, 1, 10, 24], [11, 8, 12, 9], [13, 17, 14, 16], [15, 20, 16, 21], [17, 23, 18, 22]]"
12a_0028_141,"[[17, 23, 18, 22], [19, 5, 20, 4], [21, 14, 22, 15], [23, 11, 24, 10], [1, 7, 2, 6], [3, 19, 4, 18], [5, 3, 6, 2], [7, 12, 8, 13], [9, 1, 10, 24], [11, 8, 12, 9], [13, 17, 14, 16], [15, 20, 16, 21]]"
12a_0028_142,"[[15, 20, 16, 21], [17, 23, 18, 22], [19, 5, 20, 4], [21, 14, 22, 15], [23, 11, 24, 10], [1, 7, 2, 6], [3, 19, 4, 18], [5, 3, 6, 2], [7, 12, 8, 13], [9, 1, 10, 24], [11, 8, 12, 9], [13, 17, 14, 16]]"
12a_0028_143,"[[13, 17, 14, 16], [15, 20, 16, 21], [17, 23, 18, 22], [19, 5, 20, 4], [21, 14, 22, 15], [23, 11, 24, 10], [1, 7, 2, 6], [3, 19, 4, 18], [5, 3, 6, 2], [7, 12, 8, 13], [9, 1, 10, 24], [11, 8, 12, 9]]"
12a_0028_144,"[[12, 9, 13, 10], [14, 18, 15, 17], [16, 21, 17, 22], [18, 24, 19, 23], [20, 6, 21, 5], [22, 15, 23, 16], [24, 12, 1, 11], [2, 8, 3, 7], [4, 20, 5, 19], [6, 4, 7, 3], [8, 13, 9, 14], [10, 2, 11, 1]]"
12a_0028_145,"[[10, 2, 11, 1], [12, 9, 13, 10], [14, 18, 15, 17], [16, 21, 17, 22], [18, 24, 19, 23], [20, 6, 21, 5], [22, 15, 23, 16], [24, 12, 1, 11], [2, 8, 3, 7], [4, 20, 5, 19], [6, 4, 7, 3], [8, 13, 9, 14]]"
12a_0028_146,"[[8, 13, 9, 14], [10, 2, 11, 1], [12, 9, 13, 10], [14, 18, 15, 17], [16, 21, 17, 22], [18, 24, 19, 23], [20, 6, 21, 5], [22, 15, 23, 16], [24, 12, 1, 11], [2, 8, 3, 7], [4, 20, 5, 19], [6, 4, 7, 3]]"
12a_0028_147,"[[6, 4, 7, 3], [8, 13, 9, 14], [10, 2, 11, 1], [12, 9, 13, 10], [14, 18, 15, 17], [16, 21, 17, 22], [18, 24, 19, 23], [20, 6, 21, 5], [22, 15, 23, 16], [24, 12, 1, 11], [2, 8, 3, 7], [4, 20, 5, 19]]"
12a_0028_148,"[[4, 20, 5, 19], [6, 4, 7, 3], [8, 13, 9, 14], [10, 2, 11, 1], [12, 9, 13, 10], [14, 18, 15, 17], [16, 21, 17, 22], [18, 24, 19, 23], [20, 6, 21, 5], [22, 15, 23, 16], [24, 12, 1, 11], [2, 8, 3, 7]]"
12a_0028_149,"[[2, 8, 3, 7], [4, 20, 5, 19], [6, 4, 7, 3], [8, 13, 9, 14], [10, 2, 11, 1], [12, 9, 13, 10], [14, 18, 15, 17], [16, 21, 17, 22], [18, 24, 19, 23], [20, 6, 21, 5], [22, 15, 23, 16], [24, 12, 1, 11]]"
12a_0028_150,"[[24, 12, 1, 11], [2, 8, 3, 7], [4, 20, 5, 19], [6, 4, 7, 3], [8, 13, 9, 14], [10, 2, 11, 1], [12, 9, 13, 10], [14, 18, 15, 17], [16, 21, 17, 22], [18, 24, 19, 23], [20, 6, 21, 5], [22, 15, 23, 16]]"
12a_0028_151,"[[22, 15, 23, 16], [24, 12, 1, 11], [2, 8, 3, 7], [4, 20, 5, 19], [6, 4, 7, 3], [8, 13, 9, 14], [10, 2, 11, 1], [12, 9, 13, 10], [14, 18, 15, 17], [16, 21, 17, 22], [18, 24, 19, 23], [20, 6, 21, 5]]"
12a_0028_152,"[[20, 6, 21, 5], [22, 15, 23, 16], [24, 12, 1, 11], [2, 8, 3, 7], [4, 20, 5, 19], [6, 4, 7, 3], [8, 13, 9, 14], [10, 2, 11, 1], [12, 9, 13, 10], [14, 18, 15, 17], [16, 21, 17, 22], [18, 24, 19, 23]]"
12a_0028_153,"[[18, 24, 19, 23], [20, 6, 21, 5], [22, 15, 23, 16], [24, 12, 1, 11], [2, 8, 3, 7], [4, 20, 5, 19], [6, 4, 7, 3], [8, 13, 9, 14], [10, 2, 11, 1], [12, 9, 13, 10], [14, 18, 15, 17], [16, 21, 17, 22]]"
12a_0028_154,"[[16, 21, 17, 22], [18, 24, 19, 23], [20, 6, 21, 5], [22, 15, 23, 16], [24, 12, 1, 11], [2, 8, 3, 7], [4, 20, 5, 19], [6, 4, 7, 3], [8, 13, 9, 14], [10, 2, 11, 1], [12, 9, 13, 10], [14, 18, 15, 17]]"
12a_0028_155,"[[14, 18, 15, 17], [16, 21, 17, 22], [18, 24, 19, 23], [20, 6, 21, 5], [22, 15, 23, 16], [24, 12, 1, 11], [2, 8, 3, 7], [4, 20, 5, 19], [6, 4, 7, 3], [8, 13, 9, 14], [10, 2, 11, 1], [12, 9, 13, 10]]"
12a_0028_156,"[[13, 10, 14, 11], [15, 19, 16, 18], [17, 22, 18, 23], [19, 1, 20, 24], [21, 7, 22, 6], [23, 16, 24, 17], [1, 13, 2, 12], [3, 9, 4, 8], [5, 21, 6, 20], [7, 5, 8, 4], [9, 14, 10, 15], [11, 3, 12, 2]]"
12a_0028_157,"[[11, 3, 12, 2], [13, 10, 14, 11], [15, 19, 16, 18], [17, 22, 18, 23], [19, 1, 20, 24], [21, 7, 22, 6], [23, 16, 24, 17], [1, 13, 2, 12], [3, 9, 4, 8], [5, 21, 6, 20], [7, 5, 8, 4], [9, 14, 10, 15]]"
12a_0028_158,"[[9, 14, 10, 15], [11, 3, 12, 2], [13, 10, 14, 11], [15, 19, 16, 18], [17, 22, 18, 23], [19, 1, 20, 24], [21, 7, 22, 6], [23, 16, 24, 17], [1, 13, 2, 12], [3, 9, 4, 8], [5, 21, 6, 20], [7, 5, 8, 4]]"
12a_0028_159,"[[7, 5, 8, 4], [9, 14, 10, 15], [11, 3, 12, 2], [13, 10, 14, 11], [15, 19, 16, 18], [17, 22, 18, 23], [19, 1, 20, 24], [21, 7, 22, 6], [23, 16, 24, 17], [1, 13, 2, 12], [3, 9, 4, 8], [5, 21, 6, 20]]"
12a_0028_160,"[[5, 21, 6, 20], [7, 5, 8, 4], [9, 14, 10, 15], [11, 3, 12, 2], [13, 10, 14, 11], [15, 19, 16, 18], [17, 22, 18, 23], [19, 1, 20, 24], [21, 7, 22, 6], [23, 16, 24, 17], [1, 13, 2, 12], [3, 9, 4, 8]]"
12a_0028_161,"[[3, 9, 4, 8], [5, 21, 6, 20], [7, 5, 8, 4], [9, 14, 10, 15], [11, 3, 12, 2], [13, 10, 14, 11], [15, 19, 16, 18], [17, 22, 18, 23], [19, 1, 20, 24], [21, 7, 22, 6], [23, 16, 24, 17], [1, 13, 2, 12]]"
12a_0028_162,"[[1, 13, 2, 12], [3, 9, 4, 8], [5, 21, 6, 20], [7, 5, 8, 4], [9, 14, 10, 15], [11, 3, 12, 2], [13, 10, 14, 11], [15, 19, 16, 18], [17, 22, 18, 23], [19, 1, 20, 24], [21, 7, 22, 6], [23, 16, 24, 17]]"
12a_0028_163,"[[23, 16, 24, 17], [1, 13, 2, 12], [3, 9, 4, 8], [5, 21, 6, 20], [7, 5, 8, 4], [9, 14, 10, 15], [11, 3, 12, 2], [13, 10, 14, 11], [15, 19, 16, 18], [17, 22, 18, 23], [19, 1, 20, 24], [21, 7, 22, 6]]"
12a_0028_164,"[[21, 7, 22, 6], [23, 16, 24, 17], [1, 13, 2, 12], [3, 9, 4, 8], [5, 21, 6, 20], [7, 5, 8, 4], [9, 14, 10, 15], [11, 3, 12, 2], [13, 10, 14, 11], [15, 19, 16, 18], [17, 22, 18, 23], [19, 1, 20, 24]]"
12a_0028_165,"[[19, 1, 20, 24], [21, 7, 22, 6], [23, 16, 24, 17], [1, 13, 2, 12], [3, 9, 4, 8], [5, 21, 6, 20], [7, 5, 8, 4], [9, 14, 10, 15], [11, 3, 12, 2], [13, 10, 14, 11], [15, 19, 16, 18], [17, 22, 18, 23]]"
12a_0028_166,"[[17, 22, 18, 23], [19, 1, 20, 24], [21, 7, 22, 6], [23, 16, 24, 17], [1, 13, 2, 12], [3, 9, 4, 8], [5, 21, 6, 20], [7, 5, 8, 4], [9, 14, 10, 15], [11, 3, 12, 2], [13, 10, 14, 11], [15, 19, 16, 18]]"
12a_0028_167,"[[15, 19, 16, 18], [17, 22, 18, 23], [19, 1, 20, 24], [21, 7, 22, 6], [23, 16, 24, 17], [1, 13, 2, 12], [3, 9, 4, 8], [5, 21, 6, 20], [7, 5, 8, 4], [9, 14, 10, 15], [11, 3, 12, 2], [13, 10, 14, 11]]"
12a_0028_168,"[[14, 11, 15, 12], [16, 20, 17, 19], [18, 23, 19, 24], [20, 2, 21, 1], [22, 8, 23, 7], [24, 17, 1, 18], [2, 14, 3, 13], [4, 10, 5, 9], [6, 22, 7, 21], [8, 6, 9, 5], [10, 15, 11, 16], [12, 4, 13, 3]]"
12a_0028_169,"[[12, 4, 13, 3], [14, 11, 15, 12], [16, 20, 17, 19], [18, 23, 19, 24], [20, 2, 21, 1], [22, 8, 23, 7], [24, 17, 1, 18], [2, 14, 3, 13], [4, 10, 5, 9], [6, 22, 7, 21], [8, 6, 9, 5], [10, 15, 11, 16]]"
12a_0028_170,"[[10, 15, 11, 16], [12, 4, 13, 3], [14, 11, 15, 12], [16, 20, 17, 19], [18, 23, 19, 24], [20, 2, 21, 1], [22, 8, 23, 7], [24, 17, 1, 18], [2, 14, 3, 13], [4, 10, 5, 9], [6, 22, 7, 21], [8, 6, 9, 5]]"
12a_0028_171,"[[8, 6, 9, 5], [10, 15, 11, 16], [12, 4, 13, 3], [14, 11, 15, 12], [16, 20, 17, 19], [18, 23, 19, 24], [20, 2, 21, 1], [22, 8, 23, 7], [24, 17, 1, 18], [2, 14, 3, 13], [4, 10, 5, 9], [6, 22, 7, 21]]"
12a_0028_172,"[[6, 22, 7, 21], [8, 6, 9, 5], [10, 15, 11, 16], [12, 4, 13, 3], [14, 11, 15, 12], [16, 20, 17, 19], [18, 23, 19, 24], [20, 2, 21, 1], [22, 8, 23, 7], [24, 17, 1, 18], [2, 14, 3, 13], [4, 10, 5, 9]]"
12a_0028_173,"[[4, 10, 5, 9], [6, 22, 7, 21], [8, 6, 9, 5], [10, 15, 11, 16], [12, 4, 13, 3], [14, 11, 15, 12], [16, 20, 17, 19], [18, 23, 19, 24], [20, 2, 21, 1], [22, 8, 23, 7], [24, 17, 1, 18], [2, 14, 3, 13]]"
12a_0028_174,"[[2, 14, 3, 13], [4, 10, 5, 9], [6, 22, 7, 21], [8, 6, 9, 5], [10, 15, 11, 16], [12, 4, 13, 3], [14, 11, 15, 12], [16, 20, 17, 19], [18, 23, 19, 24], [20, 2, 21, 1], [22, 8, 23, 7], [24, 17, 1, 18]]"
12a_0028_175,"[[24, 17, 1, 18], [2, 14, 3, 13], [4, 10, 5, 9], [6, 22, 7, 21], [8, 6, 9, 5], [10, 15, 11, 16], [12, 4, 13, 3], [14, 11, 15, 12], [16, 20, 17, 19], [18, 23, 19, 24], [20, 2, 21, 1], [22, 8, 23, 7]]"
12a_0028_176,"[[22, 8, 23, 7], [24, 17, 1, 18], [2, 14, 3, 13], [4, 10, 5, 9], [6, 22, 7, 21], [8, 6, 9, 5], [10, 15, 11, 16], [12, 4, 13, 3], [14, 11, 15, 12], [16, 20, 17, 19], [18, 23, 19, 24], [20, 2, 21, 1]]"
12a_0028_177,"[[20, 2, 21, 1], [22, 8, 23, 7], [24, 17, 1, 18], [2, 14, 3, 13], [4, 10, 5, 9], [6, 22, 7, 21], [8, 6, 9, 5], [10, 15, 11, 16], [12, 4, 13, 3], [14, 11, 15, 12], [16, 20, 17, 19], [18, 23, 19, 24]]"
12a_0028_178,"[[18, 23, 19, 24], [20, 2, 21, 1], [22, 8, 23, 7], [24, 17, 1, 18], [2, 14, 3, 13], [4, 10, 5, 9], [6, 22, 7, 21], [8, 6, 9, 5], [10, 15, 11, 16], [12, 4, 13, 3], [14, 11, 15, 12], [16, 20, 17, 19]]"
12a_0028_179,"[[16, 20, 17, 19], [18, 23, 19, 24], [20, 2, 21, 1], [22, 8, 23, 7], [24, 17, 1, 18], [2, 14, 3, 13], [4, 10, 5, 9], [6, 22, 7, 21], [8, 6, 9, 5], [10, 15, 11, 16], [12, 4, 13, 3], [14, 11, 15, 12]]"
12a_0028_180,"[[15, 12, 16, 13], [17, 21, 18, 20], [19, 24, 20, 1], [21, 3, 22, 2], [23, 9, 24, 8], [1, 18, 2, 19], [3, 15, 4, 14], [5, 11, 6, 10], [7, 23, 8, 22], [9, 7, 10, 6], [11, 16, 12, 17], [13, 5, 14, 4]]"
12a_0028_181,"[[13, 5, 14, 4], [15, 12, 16, 13], [17, 21, 18, 20], [19, 24, 20, 1], [21, 3, 22, 2], [23, 9, 24, 8], [1, 18, 2, 19], [3, 15, 4, 14], [5, 11, 6, 10], [7, 23, 8, 22], [9, 7, 10, 6], [11, 16, 12, 17]]"
12a_0028_182,"[[11, 16, 12, 17], [13, 5, 14, 4], [15, 12, 16, 13], [17, 21, 18, 20], [19, 24, 20, 1], [21, 3, 22, 2], [23, 9, 24, 8], [1, 18, 2, 19], [3, 15, 4, 14], [5, 11, 6, 10], [7, 23, 8, 22], [9, 7, 10, 6]]"
12a_0028_183,"[[9, 7, 10, 6], [11, 16, 12, 17], [13, 5, 14, 4], [15, 12, 16, 13], [17, 21, 18, 20], [19, 24, 20, 1], [21, 3, 22, 2], [23, 9, 24, 8], [1, 18, 2, 19], [3, 15, 4, 14], [5, 11, 6, 10], [7, 23, 8, 22]]"
12a_0028_184,"[[7, 23, 8, 22], [9, 7, 10, 6], [11, 16, 12, 17], [13, 5, 14, 4], [15, 12, 16, 13], [17, 21, 18, 20], [19, 24, 20, 1], [21, 3, 22, 2], [23, 9, 24, 8], [1, 18, 2, 19], [3, 15, 4, 14], [5, 11, 6, 10]]"
12a_0028_185,"[[5, 11, 6, 10], [7, 23, 8, 22], [9, 7, 10, 6], [11, 16, 12, 17], [13, 5, 14, 4], [15, 12, 16, 13], [17, 21, 18, 20], [19, 24, 20, 1], [21, 3, 22, 2], [23, 9, 24, 8], [1, 18, 2, 19], [3, 15, 4, 14]]"
12a_0028_186,"[[3, 15, 4, 14], [5, 11, 6, 10], [7, 23, 8, 22], [9, 7, 10, 6], [11, 16, 12, 17], [13, 5, 14, 4], [15, 12, 16, 13], [17, 21, 18, 20], [19, 24, 20, 1], [21, 3, 22, 2], [23, 9, 24, 8], [1, 18, 2, 19]]"
12a_0028_187,"[[1, 18, 2, 19], [3, 15, 4, 14], [5, 11, 6, 10], [7, 23, 8, 22], [9, 7, 10, 6], [11, 16, 12, 17], [13, 5, 14, 4], [15, 12, 16, 13], [17, 21, 18, 20], [19, 24, 20, 1], [21, 3, 22, 2], [23, 9, 24, 8]]"
12a_0028_188,"[[23, 9, 24, 8], [1, 18, 2, 19], [3, 15, 4, 14], [5, 11, 6, 10], [7, 23, 8, 22], [9, 7, 10, 6], [11, 16, 12, 17], [13, 5, 14, 4], [15, 12, 16, 13], [17, 21, 18, 20], [19, 24, 20, 1], [21, 3, 22, 2]]"
12a_0028_189,"[[21, 3, 22, 2], [23, 9, 24, 8], [1, 18, 2, 19], [3, 15, 4, 14], [5, 11, 6, 10], [7, 23, 8, 22], [9, 7, 10, 6], [11, 16, 12, 17], [13, 5, 14, 4], [15, 12, 16, 13], [17, 21, 18, 20], [19, 24, 20, 1]]"
12a_0028_190,"[[19, 24, 20, 1], [21, 3, 22, 2], [23, 9, 24, 8], [1, 18, 2, 19], [3, 15, 4, 14], [5, 11, 6, 10], [7, 23, 8, 22], [9, 7, 10, 6], [11, 16, 12, 17], [13, 5, 14, 4], [15, 12, 16, 13], [17, 21, 18, 20]]"
12a_0028_191,"[[17, 21, 18, 20], [19, 24, 20, 1], [21, 3, 22, 2], [23, 9, 24, 8], [1, 18, 2, 19], [3, 15, 4, 14], [5, 11, 6, 10], [7, 23, 8, 22], [9, 7, 10, 6], [11, 16, 12, 17], [13, 5, 14, 4], [15, 12, 16, 13]]"
12a_0028_192,"[[16, 13, 17, 14], [18, 22, 19, 21], [20, 1, 21, 2], [22, 4, 23, 3], [24, 10, 1, 9], [2, 19, 3, 20], [4, 16, 5, 15], [6, 12, 7, 11], [8, 24, 9, 23], [10, 8, 11, 7], [12, 17, 13, 18], [14, 6, 15, 5]]"
12a_0028_193,"[[14, 6, 15, 5], [16, 13, 17, 14], [18, 22, 19, 21], [20, 1, 21, 2], [22, 4, 23, 3], [24, 10, 1, 9], [2, 19, 3, 20], [4, 16, 5, 15], [6, 12, 7, 11], [8, 24, 9, 23], [10, 8, 11, 7], [12, 17, 13, 18]]"
12a_0028_194,"[[12, 17, 13, 18], [14, 6, 15, 5], [16, 13, 17, 14], [18, 22, 19, 21], [20, 1, 21, 2], [22, 4, 23, 3], [24, 10, 1, 9], [2, 19, 3, 20], [4, 16, 5, 15], [6, 12, 7, 11], [8, 24, 9, 23], [10, 8, 11, 7]]"
12a_0028_195,"[[10, 8, 11, 7], [12, 17, 13, 18], [14, 6, 15, 5], [16, 13, 17, 14], [18, 22, 19, 21], [20, 1, 21, 2], [22, 4, 23, 3], [24, 10, 1, 9], [2, 19, 3, 20], [4, 16, 5, 15], [6, 12, 7, 11], [8, 24, 9, 23]]"
12a_0028_196,"[[8, 24, 9, 23], [10, 8, 11, 7], [12, 17, 13, 18], [14, 6, 15, 5], [16, 13, 17, 14], [18, 22, 19, 21], [20, 1, 21, 2], [22, 4, 23, 3], [24, 10, 1, 9], [2, 19, 3, 20], [4, 16, 5, 15], [6, 12, 7, 11]]"
12a_0028_197,"[[6, 12, 7, 11], [8, 24, 9, 23], [10, 8, 11, 7], [12, 17, 13, 18], [14, 6, 15, 5], [16, 13, 17, 14], [18, 22, 19, 21], [20, 1, 21, 2], [22, 4, 23, 3], [24, 10, 1, 9], [2, 19, 3, 20], [4, 16, 5, 15]]"
12a_0028_198,"[[4, 16, 5, 15], [6, 12, 7, 11], [8, 24, 9, 23], [10, 8, 11, 7], [12, 17, 13, 18], [14, 6, 15, 5], [16, 13, 17, 14], [18, 22, 19, 21], [20, 1, 21, 2], [22, 4, 23, 3], [24, 10, 1, 9], [2, 19, 3, 20]]"
12a_0028_199,"[[2, 19, 3, 20], [4, 16, 5, 15], [6, 12, 7, 11], [8, 24, 9, 23], [10, 8, 11, 7], [12, 17, 13, 18], [14, 6, 15, 5], [16, 13, 17, 14], [18, 22, 19, 21], [20, 1, 21, 2], [22, 4, 23, 3], [24, 10, 1, 9]]"
12a_0028_200,"[[24, 10, 1, 9], [2, 19, 3, 20], [4, 16, 5, 15], [6, 12, 7, 11], [8, 24, 9, 23], [10, 8, 11, 7], [12, 17, 13, 18], [14, 6, 15, 5], [16, 13, 17, 14], [18, 22, 19, 21], [20, 1, 21, 2], [22, 4, 23, 3]]"
12a_0028_201,"[[22, 4, 23, 3], [24, 10, 1, 9], [2, 19, 3, 20], [4, 16, 5, 15], [6, 12, 7, 11], [8, 24, 9, 23], [10, 8, 11, 7], [12, 17, 13, 18], [14, 6, 15, 5], [16, 13, 17, 14], [18, 22, 19, 21], [20, 1, 21, 2]]"
12a_0028_202,"[[20, 1, 21, 2], [22, 4, 23, 3], [24, 10, 1, 9], [2, 19, 3, 20], [4, 16, 5, 15], [6, 12, 7, 11], [8, 24, 9, 23], [10, 8, 11, 7], [12, 17, 13, 18], [14, 6, 15, 5], [16, 13, 17, 14], [18, 22, 19, 21]]"
12a_0028_203,"[[18, 22, 19, 21], [20, 1, 21, 2], [22, 4, 23, 3], [24, 10, 1, 9], [2, 19, 3, 20], [4, 16, 5, 15], [6, 12, 7, 11], [8, 24, 9, 23], [10, 8, 11, 7], [12, 17, 13, 18], [14, 6, 15, 5], [16, 13, 17, 14]]"
12a_0028_204,"[[17, 14, 18, 15], [19, 23, 20, 22], [21, 2, 22, 3], [23, 5, 24, 4], [1, 11, 2, 10], [3, 20, 4, 21], [5, 17, 6, 16], [7, 13, 8, 12], [9, 1, 10, 24], [11, 9, 12, 8], [13, 18, 14, 19], [15, 7, 16, 6]]"
12a_0028_205,"[[15, 7, 16, 6], [17, 14, 18, 15], [19, 23, 20, 22], [21, 2, 22, 3], [23, 5, 24, 4], [1, 11, 2, 10], [3, 20, 4, 21], [5, 17, 6, 16], [7, 13, 8, 12], [9, 1, 10, 24], [11, 9, 12, 8], [13, 18, 14, 19]]"
12a_0028_206,"[[13, 18, 14, 19], [15, 7, 16, 6], [17, 14, 18, 15], [19, 23, 20, 22], [21, 2, 22, 3], [23, 5, 24, 4], [1, 11, 2, 10], [3, 20, 4, 21], [5, 17, 6, 16], [7, 13, 8, 12], [9, 1, 10, 24], [11, 9, 12, 8]]"
12a_0028_207,"[[11, 9, 12, 8], [13, 18, 14, 19], [15, 7, 16, 6], [17, 14, 18, 15], [19, 23, 20, 22], [21, 2, 22, 3], [23, 5, 24, 4], [1, 11, 2, 10], [3, 20, 4, 21], [5, 17, 6, 16], [7, 13, 8, 12], [9, 1, 10, 24]]"
12a_0028_208,"[[9, 1, 10, 24], [11, 9, 12, 8], [13, 18, 14, 19], [15, 7, 16, 6], [17, 14, 18, 15], [19, 23, 20, 22], [21, 2, 22, 3], [23, 5, 24, 4], [1, 11, 2, 10], [3, 20, 4, 21], [5, 17, 6, 16], [7, 13, 8, 12]]"
12a_0028_209,"[[7, 13, 8, 12], [9, 1, 10, 24], [11, 9, 12, 8], [13, 18, 14, 19], [15, 7, 16, 6], [17, 14, 18, 15], [19, 23, 20, 22], [21, 2, 22, 3], [23, 5, 24, 4], [1, 11, 2, 10], [3, 20, 4, 21], [5, 17, 6, 16]]"
12a_0028_210,"[[5, 17, 6, 16], [7, 13, 8, 12], [9, 1, 10, 24], [11, 9, 12, 8], [13, 18, 14, 19], [15, 7, 16, 6], [17, 14, 18, 15], [19, 23, 20, 22], [21, 2, 22, 3], [23, 5, 24, 4], [1, 11, 2, 10], [3, 20, 4, 21]]"
12a_0028_211,"[[3, 20, 4, 21], [5, 17, 6, 16], [7, 13, 8, 12], [9, 1, 10, 24], [11, 9, 12, 8], [13, 18, 14, 19], [15, 7, 16, 6], [17, 14, 18, 15], [19, 23, 20, 22], [21, 2, 22, 3], [23, 5, 24, 4], [1, 11, 2, 10]]"
12a_0028_212,"[[1, 11, 2, 10], [3, 20, 4, 21], [5, 17, 6, 16], [7, 13, 8, 12], [9, 1, 10, 24], [11, 9, 12, 8], [13, 18, 14, 19], [15, 7, 16, 6], [17, 14, 18, 15], [19, 23, 20, 22], [21, 2, 22, 3], [23, 5, 24, 4]]"
12a_0028_213,"[[23, 5, 24, 4], [1, 11, 2, 10], [3, 20, 4, 21], [5, 17, 6, 16], [7, 13, 8, 12], [9, 1, 10, 24], [11, 9, 12, 8], [13, 18, 14, 19], [15, 7, 16, 6], [17, 14, 18, 15], [19, 23, 20, 22], [21, 2, 22, 3]]"
12a_0028_214,"[[21, 2, 22, 3], [23, 5, 24, 4], [1, 11, 2, 10], [3, 20, 4, 21], [5, 17, 6, 16], [7, 13, 8, 12], [9, 1, 10, 24], [11, 9, 12, 8], [13, 18, 14, 19], [15, 7, 16, 6], [17, 14, 18, 15], [19, 23, 20, 22]]"
12a_0028_215,"[[19, 23, 20, 22], [21, 2, 22, 3], [23, 5, 24, 4], [1, 11, 2, 10], [3, 20, 4, 21], [5, 17, 6, 16], [7, 13, 8, 12], [9, 1, 10, 24], [11, 9, 12, 8], [13, 18, 14, 19], [15, 7, 16, 6], [17, 14, 18, 15]]"
12a_0028_216,"[[18, 15, 19, 16], [20, 24, 21, 23], [22, 3, 23, 4], [24, 6, 1, 5], [2, 12, 3, 11], [4, 21, 5, 22], [6, 18, 7, 17], [8, 14, 9, 13], [10, 2, 11, 1], [12, 10, 13, 9], [14, 19, 15, 20], [16, 8, 17, 7]]"
12a_0028_217,"[[16, 8, 17, 7], [18, 15, 19, 16], [20, 24, 21, 23], [22, 3, 23, 4], [24, 6, 1, 5], [2, 12, 3, 11], [4, 21, 5, 22], [6, 18, 7, 17], [8, 14, 9, 13], [10, 2, 11, 1], [12, 10, 13, 9], [14, 19, 15, 20]]"
12a_0028_218,"[[14, 19, 15, 20], [16, 8, 17, 7], [18, 15, 19, 16], [20, 24, 21, 23], [22, 3, 23, 4], [24, 6, 1, 5], [2, 12, 3, 11], [4, 21, 5, 22], [6, 18, 7, 17], [8, 14, 9, 13], [10, 2, 11, 1], [12, 10, 13, 9]]"
12a_0028_219,"[[12, 10, 13, 9], [14, 19, 15, 20], [16, 8, 17, 7], [18, 15, 19, 16], [20, 24, 21, 23], [22, 3, 23, 4], [24, 6, 1, 5], [2, 12, 3, 11], [4, 21, 5, 22], [6, 18, 7, 17], [8, 14, 9, 13], [10, 2, 11, 1]]"
12a_0028_220,"[[10, 2, 11, 1], [12, 10, 13, 9], [14, 19, 15, 20], [16, 8, 17, 7], [18, 15, 19, 16], [20, 24, 21, 23], [22, 3, 23, 4], [24, 6, 1, 5], [2, 12, 3, 11], [4, 21, 5, 22], [6, 18, 7, 17], [8, 14, 9, 13]]"
12a_0028_221,"[[8, 14, 9, 13], [10, 2, 11, 1], [12, 10, 13, 9], [14, 19, 15, 20], [16, 8, 17, 7], [18, 15, 19, 16], [20, 24, 21, 23], [22, 3, 23, 4], [24, 6, 1, 5], [2, 12, 3, 11], [4, 21, 5, 22], [6, 18, 7, 17]]"
12a_0028_222,"[[6, 18, 7, 17], [8, 14, 9, 13], [10, 2, 11, 1], [12, 10, 13, 9], [14, 19, 15, 20], [16, 8, 17, 7], [18, 15, 19, 16], [20, 24, 21, 23], [22, 3, 23, 4], [24, 6, 1, 5], [2, 12, 3, 11], [4, 21, 5, 22]]"
12a_0028_223,"[[4, 21, 5, 22], [6, 18, 7, 17], [8, 14, 9, 13], [10, 2, 11, 1], [12, 10, 13, 9], [14, 19, 15, 20], [16, 8, 17, 7], [18, 15, 19, 16], [20, 24, 21, 23], [22, 3, 23, 4], [24, 6, 1, 5], [2, 12, 3, 11]]"
12a_0028_224,"[[2, 12, 3, 11], [4, 21, 5, 22], [6, 18, 7, 17], [8, 14, 9, 13], [10, 2, 11, 1], [12, 10, 13, 9], [14, 19, 15, 20], [16, 8, 17, 7], [18, 15, 19, 16], [20, 24, 21, 23], [22, 3, 23, 4], [24, 6, 1, 5]]"
12a_0028_225,"[[24, 6, 1, 5], [2, 12, 3, 11], [4, 21, 5, 22], [6, 18, 7, 17], [8, 14, 9, 13], [10, 2, 11, 1], [12, 10, 13, 9], [14, 19, 15, 20], [16, 8, 17, 7], [18, 15, 19, 16], [20, 24, 21, 23], [22, 3, 23, 4]]"
12a_0028_226,"[[22, 3, 23, 4], [24, 6, 1, 5], [2, 12, 3, 11], [4, 21, 5, 22], [6, 18, 7, 17], [8, 14, 9, 13], [10, 2, 11, 1], [12, 10, 13, 9], [14, 19, 15, 20], [16, 8, 17, 7], [18, 15, 19, 16], [20, 24, 21, 23]]"
12a_0028_227,"[[20, 24, 21, 23], [22, 3, 23, 4], [24, 6, 1, 5], [2, 12, 3, 11], [4, 21, 5, 22], [6, 18, 7, 17], [8, 14, 9, 13], [10, 2, 11, 1], [12, 10, 13, 9], [14, 19, 15, 20], [16, 8, 17, 7], [18, 15, 19, 16]]"
12a_0028_228,"[[19, 16, 20, 17], [21, 1, 22, 24], [23, 4, 24, 5], [1, 7, 2, 6], [3, 13, 4, 12], [5, 22, 6, 23], [7, 19, 8, 18], [9, 15, 10, 14], [11, 3, 12, 2], [13, 11, 14, 10], [15, 20, 16, 21], [17, 9, 18, 8]]"
12a_0028_229,"[[17, 9, 18, 8], [19, 16, 20, 17], [21, 1, 22, 24], [23, 4, 24, 5], [1, 7, 2, 6], [3, 13, 4, 12], [5, 22, 6, 23], [7, 19, 8, 18], [9, 15, 10, 14], [11, 3, 12, 2], [13, 11, 14, 10], [15, 20, 16, 21]]"
12a_0028_230,"[[15, 20, 16, 21], [17, 9, 18, 8], [19, 16, 20, 17], [21, 1, 22, 24], [23, 4, 24, 5], [1, 7, 2, 6], [3, 13, 4, 12], [5, 22, 6, 23], [7, 19, 8, 18], [9, 15, 10, 14], [11, 3, 12, 2], [13, 11, 14, 10]]"
12a_0028_231,"[[13, 11, 14, 10], [15, 20, 16, 21], [17, 9, 18, 8], [19, 16, 20, 17], [21, 1, 22, 24], [23, 4, 24, 5], [1, 7, 2, 6], [3, 13, 4, 12], [5, 22, 6, 23], [7, 19, 8, 18], [9, 15, 10, 14], [11, 3, 12, 2]]"
12a_0028_232,"[[11, 3, 12, 2], [13, 11, 14, 10], [15, 20, 16, 21], [17, 9, 18, 8], [19, 16, 20, 17], [21, 1, 22, 24], [23, 4, 24, 5], [1, 7, 2, 6], [3, 13, 4, 12], [5, 22, 6, 23], [7, 19, 8, 18], [9, 15, 10, 14]]"
12a_0028_233,"[[9, 15, 10, 14], [11, 3, 12, 2], [13, 11, 14, 10], [15, 20, 16, 21], [17, 9, 18, 8], [19, 16, 20, 17], [21, 1, 22, 24], [23, 4, 24, 5], [1, 7, 2, 6], [3, 13, 4, 12], [5, 22, 6, 23], [7, 19, 8, 18]]"
12a_0028_234,"[[7, 19, 8, 18], [9, 15, 10, 14], [11, 3, 12, 2], [13, 11, 14, 10], [15, 20, 16, 21], [17, 9, 18, 8], [19, 16, 20, 17], [21, 1, 22, 24], [23, 4, 24, 5], [1, 7, 2, 6], [3, 13, 4, 12], [5, 22, 6, 23]]"
12a_0028_235,"[[5, 22, 6, 23], [7, 19, 8, 18], [9, 15, 10, 14], [11, 3, 12, 2], [13, 11, 14, 10], [15, 20, 16, 21], [17, 9, 18, 8], [19, 16, 20, 17], [21, 1, 22, 24], [23, 4, 24, 5], [1, 7, 2, 6], [3, 13, 4, 12]]"
12a_0028_236,"[[3, 13, 4, 12], [5, 22, 6, 23], [7, 19, 8, 18], [9, 15, 10, 14], [11, 3, 12, 2], [13, 11, 14, 10], [15, 20, 16, 21], [17, 9, 18, 8], [19, 16, 20, 17], [21, 1, 22, 24], [23, 4, 24, 5], [1, 7, 2, 6]]"
12a_0028_237,"[[1, 7, 2, 6], [3, 13, 4, 12], [5, 22, 6, 23], [7, 19, 8, 18], [9, 15, 10, 14], [11, 3, 12, 2], [13, 11, 14, 10], [15, 20, 16, 21], [17, 9, 18, 8], [19, 16, 20, 17], [21, 1, 22, 24], [23, 4, 24, 5]]"
12a_0028_238,"[[23, 4, 24, 5], [1, 7, 2, 6], [3, 13, 4, 12], [5, 22, 6, 23], [7, 19, 8, 18], [9, 15, 10, 14], [11, 3, 12, 2], [13, 11, 14, 10], [15, 20, 16, 21], [17, 9, 18, 8], [19, 16, 20, 17], [21, 1, 22, 24]]"
12a_0028_239,"[[21, 1, 22, 24], [23, 4, 24, 5], [1, 7, 2, 6], [3, 13, 4, 12], [5, 22, 6, 23], [7, 19, 8, 18], [9, 15, 10, 14], [11, 3, 12, 2], [13, 11, 14, 10], [15, 20, 16, 21], [17, 9, 18, 8], [19, 16, 20, 17]]"
12a_0028_240,"[[20, 17, 21, 18], [22, 2, 23, 1], [24, 5, 1, 6], [2, 8, 3, 7], [4, 14, 5, 13], [6, 23, 7, 24], [8, 20, 9, 19], [10, 16, 11, 15], [12, 4, 13, 3], [14, 12, 15, 11], [16, 21, 17, 22], [18, 10, 19, 9]]"
12a_0028_241,"[[18, 10, 19, 9], [20, 17, 21, 18], [22, 2, 23, 1], [24, 5, 1, 6], [2, 8, 3, 7], [4, 14, 5, 13], [6, 23, 7, 24], [8, 20, 9, 19], [10, 16, 11, 15], [12, 4, 13, 3], [14, 12, 15, 11], [16, 21, 17, 22]]"
12a_0028_242,"[[16, 21, 17, 22], [18, 10, 19, 9], [20, 17, 21, 18], [22, 2, 23, 1], [24, 5, 1, 6], [2, 8, 3, 7], [4, 14, 5, 13], [6, 23, 7, 24], [8, 20, 9, 19], [10, 16, 11, 15], [12, 4, 13, 3], [14, 12, 15, 11]]"
12a_0028_243,"[[14, 12, 15, 11], [16, 21, 17, 22], [18, 10, 19, 9], [20, 17, 21, 18], [22, 2, 23, 1], [24, 5, 1, 6], [2, 8, 3, 7], [4, 14, 5, 13], [6, 23, 7, 24], [8, 20, 9, 19], [10, 16, 11, 15], [12, 4, 13, 3]]"
12a_0028_244,"[[12, 4, 13, 3], [14, 12, 15, 11], [16, 21, 17, 22], [18, 10, 19, 9], [20, 17, 21, 18], [22, 2, 23, 1], [24, 5, 1, 6], [2, 8, 3, 7], [4, 14, 5, 13], [6, 23, 7, 24], [8, 20, 9, 19], [10, 16, 11, 15]]"
12a_0028_245,"[[10, 16, 11, 15], [12, 4, 13, 3], [14, 12, 15, 11], [16, 21, 17, 22], [18, 10, 19, 9], [20, 17, 21, 18], [22, 2, 23, 1], [24, 5, 1, 6], [2, 8, 3, 7], [4, 14, 5, 13], [6, 23, 7, 24], [8, 20, 9, 19]]"
12a_0028_246,"[[8, 20, 9, 19], [10, 16, 11, 15], [12, 4, 13, 3], [14, 12, 15, 11], [16, 21, 17, 22], [18, 10, 19, 9], [20, 17, 21, 18], [22, 2, 23, 1], [24, 5, 1, 6], [2, 8, 3, 7], [4, 14, 5, 13], [6, 23, 7, 24]]"
12a_0028_247,"[[6, 23, 7, 24], [8, 20, 9, 19], [10, 16, 11, 15], [12, 4, 13, 3], [14, 12, 15, 11], [16, 21, 17, 22], [18, 10, 19, 9], [20, 17, 21, 18], [22, 2, 23, 1], [24, 5, 1, 6], [2, 8, 3, 7], [4, 14, 5, 13]]"
12a_0028_248,"[[4, 14, 5, 13], [6, 23, 7, 24], [8, 20, 9, 19], [10, 16, 11, 15], [12, 4, 13, 3], [14, 12, 15, 11], [16, 21, 17, 22], [18, 10, 19, 9], [20, 17, 21, 18], [22, 2, 23, 1], [24, 5, 1, 6], [2, 8, 3, 7]]"
12a_0028_249,"[[2, 8, 3, 7], [4, 14, 5, 13], [6, 23, 7, 24], [8, 20, 9, 19], [10, 16, 11, 15], [12, 4, 13, 3], [14, 12, 15, 11], [16, 21, 17, 22], [18, 10, 19, 9], [20, 17, 21, 18], [22, 2, 23, 1], [24, 5, 1, 6]]"
12a_0028_250,"[[24, 5, 1, 6], [2, 8, 3, 7], [4, 14, 5, 13], [6, 23, 7, 24], [8, 20, 9, 19], [10, 16, 11, 15], [12, 4, 13, 3], [14, 12, 15, 11], [16, 21, 17, 22], [18, 10, 19, 9], [20, 17, 21, 18], [22, 2, 23, 1]]"
12a_0028_251,"[[22, 2, 23, 1], [24, 5, 1, 6], [2, 8, 3, 7], [4, 14, 5, 13], [6, 23, 7, 24], [8, 20, 9, 19], [10, 16, 11, 15], [12, 4, 13, 3], [14, 12, 15, 11], [16, 21, 17, 22], [18, 10, 19, 9], [20, 17, 21, 18]]"
12a_0028_252,"[[21, 18, 22, 19], [23, 3, 24, 2], [1, 6, 2, 7], [3, 9, 4, 8], [5, 15, 6, 14], [7, 24, 8, 1], [9, 21, 10, 20], [11, 17, 12, 16], [13, 5, 14, 4], [15, 13, 16, 12], [17, 22, 18, 23], [19, 11, 20, 10]]"
12a_0028_253,"[[19, 11, 20, 10], [21, 18, 22, 19], [23, 3, 24, 2], [1, 6, 2, 7], [3, 9, 4, 8], [5, 15, 6, 14], [7, 24, 8, 1], [9, 21, 10, 20], [11, 17, 12, 16], [13, 5, 14, 4], [15, 13, 16, 12], [17, 22, 18, 23]]"
12a_0028_254,"[[17, 22, 18, 23], [19, 11, 20, 10], [21, 18, 22, 19], [23, 3, 24, 2], [1, 6, 2, 7], [3, 9, 4, 8], [5, 15, 6, 14], [7, 24, 8, 1], [9, 21, 10, 20], [11, 17, 12, 16], [13, 5, 14, 4], [15, 13, 16, 12]]"
12a_0028_255,"[[15, 13, 16, 12], [17, 22, 18, 23], [19, 11, 20, 10], [21, 18, 22, 19], [23, 3, 24, 2], [1, 6, 2, 7], [3, 9, 4, 8], [5, 15, 6, 14], [7, 24, 8, 1], [9, 21, 10, 20], [11, 17, 12, 16], [13, 5, 14, 4]]"
12a_0028_256,"[[13, 5, 14, 4], [15, 13, 16, 12], [17, 22, 18, 23], [19, 11, 20, 10], [21, 18, 22, 19], [23, 3, 24, 2], [1, 6, 2, 7], [3, 9, 4, 8], [5, 15, 6, 14], [7, 24, 8, 1], [9, 21, 10, 20], [11, 17, 12, 16]]"
12a_0028_257,"[[11, 17, 12, 16], [13, 5, 14, 4], [15, 13, 16, 12], [17, 22, 18, 23], [19, 11, 20, 10], [21, 18, 22, 19], [23, 3, 24, 2], [1, 6, 2, 7], [3, 9, 4, 8], [5, 15, 6, 14], [7, 24, 8, 1], [9, 21, 10, 20]]"
12a_0028_258,"[[9, 21, 10, 20], [11, 17, 12, 16], [13, 5, 14, 4], [15, 13, 16, 12], [17, 22, 18, 23], [19, 11, 20, 10], [21, 18, 22, 19], [23, 3, 24, 2], [1, 6, 2, 7], [3, 9, 4, 8], [5, 15, 6, 14], [7, 24, 8, 1]]"
12a_0028_259,"[[7, 24, 8, 1], [9, 21, 10, 20], [11, 17, 12, 16], [13, 5, 14, 4], [15, 13, 16, 12], [17, 22, 18, 23], [19, 11, 20, 10], [21, 18, 22, 19], [23, 3, 24, 2], [1, 6, 2, 7], [3, 9, 4, 8], [5, 15, 6, 14]]"
12a_0028_260,"[[5, 15, 6, 14], [7, 24, 8, 1], [9, 21, 10, 20], [11, 17, 12, 16], [13, 5, 14, 4], [15, 13, 16, 12], [17, 22, 18, 23], [19, 11, 20, 10], [21, 18, 22, 19], [23, 3, 24, 2], [1, 6, 2, 7], [3, 9, 4, 8]]"
12a_0028_261,"[[3, 9, 4, 8], [5, 15, 6, 14], [7, 24, 8, 1], [9, 21, 10, 20], [11, 17, 12, 16], [13, 5, 14, 4], [15, 13, 16, 12], [17, 22, 18, 23], [19, 11, 20, 10], [21, 18, 22, 19], [23, 3, 24, 2], [1, 6, 2, 7]]"
12a_0028_262,"[[1, 6, 2, 7], [3, 9, 4, 8], [5, 15, 6, 14], [7, 24, 8, 1], [9, 21, 10, 20], [11, 17, 12, 16], [13, 5, 14, 4], [15, 13, 16, 12], [17, 22, 18, 23], [19, 11, 20, 10], [21, 18, 22, 19], [23, 3, 24, 2]]"
12a_0028_263,"[[23, 3, 24, 2], [1, 6, 2, 7], [3, 9, 4, 8], [5, 15, 6, 14], [7, 24, 8, 1], [9, 21, 10, 20], [11, 17, 12, 16], [13, 5, 14, 4], [15, 13, 16, 12], [17, 22, 18, 23], [19, 11, 20, 10], [21, 18, 22, 19]]"
12a_0028_264,"[[22, 19, 23, 20], [24, 4, 1, 3], [2, 7, 3, 8], [4, 10, 5, 9], [6, 16, 7, 15], [8, 1, 9, 2], [10, 22, 11, 21], [12, 18, 13, 17], [14, 6, 15, 5], [16, 14, 17, 13], [18, 23, 19, 24], [20, 12, 21, 11]]"
12a_0028_265,"[[20, 12, 21, 11], [22, 19, 23, 20], [24, 4, 1, 3], [2, 7, 3, 8], [4, 10, 5, 9], [6, 16, 7, 15], [8, 1, 9, 2], [10, 22, 11, 21], [12, 18, 13, 17], [14, 6, 15, 5], [16, 14, 17, 13], [18, 23, 19, 24]]"
12a_0028_266,"[[18, 23, 19, 24], [20, 12, 21, 11], [22, 19, 23, 20], [24, 4, 1, 3], [2, 7, 3, 8], [4, 10, 5, 9], [6, 16, 7, 15], [8, 1, 9, 2], [10, 22, 11, 21], [12, 18, 13, 17], [14, 6, 15, 5], [16, 14, 17, 13]]"
12a_0028_267,"[[16, 14, 17, 13], [18, 23, 19, 24], [20, 12, 21, 11], [22, 19, 23, 20], [24, 4, 1, 3], [2, 7, 3, 8], [4, 10, 5, 9], [6, 16, 7, 15], [8, 1, 9, 2], [10, 22, 11, 21], [12, 18, 13, 17], [14, 6, 15, 5]]"
12a_0028_268,"[[14, 6, 15, 5], [16, 14, 17, 13], [18, 23, 19, 24], [20, 12, 21, 11], [22, 19, 23, 20], [24, 4, 1, 3], [2, 7, 3, 8], [4, 10, 5, 9], [6, 16, 7, 15], [8, 1, 9, 2], [10, 22, 11, 21], [12, 18, 13, 17]]"
12a_0028_269,"[[12, 18, 13, 17], [14, 6, 15, 5], [16, 14, 17, 13], [18, 23, 19, 24], [20, 12, 21, 11], [22, 19, 23, 20], [24, 4, 1, 3], [2, 7, 3, 8], [4, 10, 5, 9], [6, 16, 7, 15], [8, 1, 9, 2], [10, 22, 11, 21]]"
12a_0028_270,"[[10, 22, 11, 21], [12, 18, 13, 17], [14, 6, 15, 5], [16, 14, 17, 13], [18, 23, 19, 24], [20, 12, 21, 11], [22, 19, 23, 20], [24, 4, 1, 3], [2, 7, 3, 8], [4, 10, 5, 9], [6, 16, 7, 15], [8, 1, 9, 2]]"
12a_0028_271,"[[8, 1, 9, 2], [10, 22, 11, 21], [12, 18, 13, 17], [14, 6, 15, 5], [16, 14, 17, 13], [18, 23, 19, 24], [20, 12, 21, 11], [22, 19, 23, 20], [24, 4, 1, 3], [2, 7, 3, 8], [4, 10, 5, 9], [6, 16, 7, 15]]"
12a_0028_272,"[[6, 16, 7, 15], [8, 1, 9, 2], [10, 22, 11, 21], [12, 18, 13, 17], [14, 6, 15, 5], [16, 14, 17, 13], [18, 23, 19, 24], [20, 12, 21, 11], [22, 19, 23, 20], [24, 4, 1, 3], [2, 7, 3, 8], [4, 10, 5, 9]]"
12a_0028_273,"[[4, 10, 5, 9], [6, 16, 7, 15], [8, 1, 9, 2], [10, 22, 11, 21], [12, 18, 13, 17], [14, 6, 15, 5], [16, 14, 17, 13], [18, 23, 19, 24], [20, 12, 21, 11], [22, 19, 23, 20], [24, 4, 1, 3], [2, 7, 3, 8]]"
12a_0028_274,"[[2, 7, 3, 8], [4, 10, 5, 9], [6, 16, 7, 15], [8, 1, 9, 2], [10, 22, 11, 21], [12, 18, 13, 17], [14, 6, 15, 5], [16, 14, 17, 13], [18, 23, 19, 24], [20, 12, 21, 11], [22, 19, 23, 20], [24, 4, 1, 3]]"
12a_0028_275,"[[24, 4, 1, 3], [2, 7, 3, 8], [4, 10, 5, 9], [6, 16, 7, 15], [8, 1, 9, 2], [10, 22, 11, 21], [12, 18, 13, 17], [14, 6, 15, 5], [16, 14, 17, 13], [18, 23, 19, 24], [20, 12, 21, 11], [22, 19, 23, 20]]"
12a_0028_276,"[[23, 20, 24, 21], [1, 5, 2, 4], [3, 8, 4, 9], [5, 11, 6, 10], [7, 17, 8, 16], [9, 2, 10, 3], [11, 23, 12, 22], [13, 19, 14, 18], [15, 7, 16, 6], [17, 15, 18, 14], [19, 24, 20, 1], [21, 13, 22, 12]]"
12a_0028_277,"[[21, 13, 22, 12], [23, 20, 24, 21], [1, 5, 2, 4], [3, 8, 4, 9], [5, 11, 6, 10], [7, 17, 8, 16], [9, 2, 10, 3], [11, 23, 12, 22], [13, 19, 14, 18], [15, 7, 16, 6], [17, 15, 18, 14], [19, 24, 20, 1]]"
12a_0028_278,"[[19, 24, 20, 1], [21, 13, 22, 12], [23, 20, 24, 21], [1, 5, 2, 4], [3, 8, 4, 9], [5, 11, 6, 10], [7, 17, 8, 16], [9, 2, 10, 3], [11, 23, 12, 22], [13, 19, 14, 18], [15, 7, 16, 6], [17, 15, 18, 14]]"
12a_0028_279,"[[17, 15, 18, 14], [19, 24, 20, 1], [21, 13, 22, 12], [23, 20, 24, 21], [1, 5, 2, 4], [3, 8, 4, 9], [5, 11, 6, 10], [7, 17, 8, 16], [9, 2, 10, 3], [11, 23, 12, 22], [13, 19, 14, 18], [15, 7, 16, 6]]"
12a_0028_280,"[[15, 7, 16, 6], [17, 15, 18, 14], [19, 24, 20, 1], [21, 13, 22, 12], [23, 20, 24, 21], [1, 5, 2, 4], [3, 8, 4, 9], [5, 11, 6, 10], [7, 17, 8, 16], [9, 2, 10, 3], [11, 23, 12, 22], [13, 19, 14, 18]]"
12a_0028_281,"[[13, 19, 14, 18], [15, 7, 16, 6], [17, 15, 18, 14], [19, 24, 20, 1], [21, 13, 22, 12], [23, 20, 24, 21], [1, 5, 2, 4], [3, 8, 4, 9], [5, 11, 6, 10], [7, 17, 8, 16], [9, 2, 10, 3], [11, 23, 12, 22]]"
12a_0028_282,"[[11, 23, 12, 22], [13, 19, 14, 18], [15, 7, 16, 6], [17, 15, 18, 14], [19, 24, 20, 1], [21, 13, 22, 12], [23, 20, 24, 21], [1, 5, 2, 4], [3, 8, 4, 9], [5, 11, 6, 10], [7, 17, 8, 16], [9, 2, 10, 3]]"
12a_0028_283,"[[9, 2, 10, 3], [11, 23, 12, 22], [13, 19, 14, 18], [15, 7, 16, 6], [17, 15, 18, 14], [19, 24, 20, 1], [21, 13, 22, 12], [23, 20, 24, 21], [1, 5, 2, 4], [3, 8, 4, 9], [5, 11, 6, 10], [7, 17, 8, 16]]"
12a_0028_284,"[[7, 17, 8, 16], [9, 2, 10, 3], [11, 23, 12, 22], [13, 19, 14, 18], [15, 7, 16, 6], [17, 15, 18, 14], [19, 24, 20, 1], [21, 13, 22, 12], [23, 20, 24, 21], [1, 5, 2, 4], [3, 8, 4, 9], [5, 11, 6, 10]]"
12a_0028_285,"[[5, 11, 6, 10], [7, 17, 8, 16], [9, 2, 10, 3], [11, 23, 12, 22], [13, 19, 14, 18], [15, 7, 16, 6], [17, 15, 18, 14], [19, 24, 20, 1], [21, 13, 22, 12], [23, 20, 24, 21], [1, 5, 2, 4], [3, 8, 4, 9]]"
12a_0028_286,"[[3, 8, 4, 9], [5, 11, 6, 10], [7, 17, 8, 16], [9, 2, 10, 3], [11, 23, 12, 22], [13, 19, 14, 18], [15, 7, 16, 6], [17, 15, 18, 14], [19, 24, 20, 1], [21, 13, 22, 12], [23, 20, 24, 21], [1, 5, 2, 4]]"
12a_0028_287,"[[1, 5, 2, 4], [3, 8, 4, 9], [5, 11, 6, 10], [7, 17, 8, 16], [9, 2, 10, 3], [11, 23, 12, 22], [13, 19, 14, 18], [15, 7, 16, 6], [17, 15, 18, 14], [19, 24, 20, 1], [21, 13, 22, 12], [23, 20, 24, 21]]"
12a_0028_reversed_288,"[[24, 22, 1, 21], [2, 5, 3, 6], [4, 14, 5, 13], [6, 1, 7, 2], [8, 12, 9, 11], [10, 20, 11, 19], [12, 8, 13, 7], [14, 4, 15, 3], [16, 23, 17, 24], [18, 10, 19, 9], [20, 16, 21, 15], [22, 17, 23, 18]]"
12a_0028_reversed_289,"[[22, 17, 23, 18], [24, 22, 1, 21], [2, 5, 3, 6], [4, 14, 5, 13], [6, 1, 7, 2], [8, 12, 9, 11], [10, 20, 11, 19], [12, 8, 13, 7], [14, 4, 15, 3], [16, 23, 17, 24], [18, 10, 19, 9], [20, 16, 21, 15]]"
12a_0028_reversed_290,"[[20, 16, 21, 15], [22, 17, 23, 18], [24, 22, 1, 21], [2, 5, 3, 6], [4, 14, 5, 13], [6, 1, 7, 2], [8, 12, 9, 11], [10, 20, 11, 19], [12, 8, 13, 7], [14, 4, 15, 3], [16, 23, 17, 24], [18, 10, 19, 9]]"
12a_0028_reversed_291,"[[18, 10, 19, 9], [20, 16, 21, 15], [22, 17, 23, 18], [24, 22, 1, 21], [2, 5, 3, 6], [4, 14, 5, 13], [6, 1, 7, 2], [8, 12, 9, 11], [10, 20, 11, 19], [12, 8, 13, 7], [14, 4, 15, 3], [16, 23, 17, 24]]"
12a_0028_reversed_292,"[[16, 23, 17, 24], [18, 10, 19, 9], [20, 16, 21, 15], [22, 17, 23, 18], [24, 22, 1, 21], [2, 5, 3, 6], [4, 14, 5, 13], [6, 1, 7, 2], [8, 12, 9, 11], [10, 20, 11, 19], [12, 8, 13, 7], [14, 4, 15, 3]]"
12a_0028_reversed_293,"[[14, 4, 15, 3], [16, 23, 17, 24], [18, 10, 19, 9], [20, 16, 21, 15], [22, 17, 23, 18], [24, 22, 1, 21], [2, 5, 3, 6], [4, 14, 5, 13], [6, 1, 7, 2], [8, 12, 9, 11], [10, 20, 11, 19], [12, 8, 13, 7]]"
12a_0028_reversed_294,"[[12, 8, 13, 7], [14, 4, 15, 3], [16, 23, 17, 24], [18, 10, 19, 9], [20, 16, 21, 15], [22, 17, 23, 18], [24, 22, 1, 21], [2, 5, 3, 6], [4, 14, 5, 13], [6, 1, 7, 2], [8, 12, 9, 11], [10, 20, 11, 19]]"
12a_0028_reversed_295,"[[10, 20, 11, 19], [12, 8, 13, 7], [14, 4, 15, 3], [16, 23, 17, 24], [18, 10, 19, 9], [20, 16, 21, 15], [22, 17, 23, 18], [24, 22, 1, 21], [2, 5, 3, 6], [4, 14, 5, 13], [6, 1, 7, 2], [8, 12, 9, 11]]"
12a_0028_reversed_296,"[[8, 12, 9, 11], [10, 20, 11, 19], [12, 8, 13, 7], [14, 4, 15, 3], [16, 23, 17, 24], [18, 10, 19, 9], [20, 16, 21, 15], [22, 17, 23, 18], [24, 22, 1, 21], [2, 5, 3, 6], [4, 14, 5, 13], [6, 1, 7, 2]]"
12a_0028_reversed_297,"[[6, 1, 7, 2], [8, 12, 9, 11], [10, 20, 11, 19], [12, 8, 13, 7], [14, 4, 15, 3], [16, 23, 17, 24], [18, 10, 19, 9], [20, 16, 21, 15], [22, 17, 23, 18], [24, 22, 1, 21], [2, 5, 3, 6], [4, 14, 5, 13]]"
12a_0028_reversed_298,"[[4, 14, 5, 13], [6, 1, 7, 2], [8, 12, 9, 11], [10, 20, 11, 19], [12, 8, 13, 7], [14, 4, 15, 3], [16, 23, 17, 24], [18, 10, 19, 9], [20, 16, 21, 15], [22, 17, 23, 18], [24, 22, 1, 21], [2, 5, 3, 6]]"
12a_0028_reversed_299,"[[2, 5, 3, 6], [4, 14, 5, 13], [6, 1, 7, 2], [8, 12, 9, 11], [10, 20, 11, 19], [12, 8, 13, 7], [14, 4, 15, 3], [16, 23, 17, 24], [18, 10, 19, 9], [20, 16, 21, 15], [22, 17, 23, 18], [24, 22, 1, 21]]"
12a_0028_reversed_300,"[[1, 23, 2, 22], [3, 6, 4, 7], [5, 15, 6, 14], [7, 2, 8, 3], [9, 13, 10, 12], [11, 21, 12, 20], [13, 9, 14, 8], [15, 5, 16, 4], [17, 24, 18, 1], [19, 11, 20, 10], [21, 17, 22, 16], [23, 18, 24, 19]]"
12a_0028_reversed_301,"[[23, 18, 24, 19], [1, 23, 2, 22], [3, 6, 4, 7], [5, 15, 6, 14], [7, 2, 8, 3], [9, 13, 10, 12], [11, 21, 12, 20], [13, 9, 14, 8], [15, 5, 16, 4], [17, 24, 18, 1], [19, 11, 20, 10], [21, 17, 22, 16]]"
12a_0028_reversed_302,"[[21, 17, 22, 16], [23, 18, 24, 19], [1, 23, 2, 22], [3, 6, 4, 7], [5, 15, 6, 14], [7, 2, 8, 3], [9, 13, 10, 12], [11, 21, 12, 20], [13, 9, 14, 8], [15, 5, 16, 4], [17, 24, 18, 1], [19, 11, 20, 10]]"
12a_0028_reversed_303,"[[19, 11, 20, 10], [21, 17, 22, 16], [23, 18, 24, 19], [1, 23, 2, 22], [3, 6, 4, 7], [5, 15, 6, 14], [7, 2, 8, 3], [9, 13, 10, 12], [11, 21, 12, 20], [13, 9, 14, 8], [15, 5, 16, 4], [17, 24, 18, 1]]"
12a_0028_reversed_304,"[[17, 24, 18, 1], [19, 11, 20, 10], [21, 17, 22, 16], [23, 18, 24, 19], [1, 23, 2, 22], [3, 6, 4, 7], [5, 15, 6, 14], [7, 2, 8, 3], [9, 13, 10, 12], [11, 21, 12, 20], [13, 9, 14, 8], [15, 5, 16, 4]]"
12a_0028_reversed_305,"[[15, 5, 16, 4], [17, 24, 18, 1], [19, 11, 20, 10], [21, 17, 22, 16], [23, 18, 24, 19], [1, 23, 2, 22], [3, 6, 4, 7], [5, 15, 6, 14], [7, 2, 8, 3], [9, 13, 10, 12], [11, 21, 12, 20], [13, 9, 14, 8]]"
12a_0028_reversed_306,"[[13, 9, 14, 8], [15, 5, 16, 4], [17, 24, 18, 1], [19, 11, 20, 10], [21, 17, 22, 16], [23, 18, 24, 19], [1, 23, 2, 22], [3, 6, 4, 7], [5, 15, 6, 14], [7, 2, 8, 3], [9, 13, 10, 12], [11, 21, 12, 20]]"
12a_0028_reversed_307,"[[11, 21, 12, 20], [13, 9, 14, 8], [15, 5, 16, 4], [17, 24, 18, 1], [19, 11, 20, 10], [21, 17, 22, 16], [23, 18, 24, 19], [1, 23, 2, 22], [3, 6, 4, 7], [5, 15, 6, 14], [7, 2, 8, 3], [9, 13, 10, 12]]"
12a_0028_reversed_308,"[[9, 13, 10, 12], [11, 21, 12, 20], [13, 9, 14, 8], [15, 5, 16, 4], [17, 24, 18, 1], [19, 11, 20, 10], [21, 17, 22, 16], [23, 18, 24, 19], [1, 23, 2, 22], [3, 6, 4, 7], [5, 15, 6, 14], [7, 2, 8, 3]]"
12a_0028_reversed_309,"[[7, 2, 8, 3], [9, 13, 10, 12], [11, 21, 12, 20], [13, 9, 14, 8], [15, 5, 16, 4], [17, 24, 18, 1], [19, 11, 20, 10], [21, 17, 22, 16], [23, 18, 24, 19], [1, 23, 2, 22], [3, 6, 4, 7], [5, 15, 6, 14]]"
12a_0028_reversed_310,"[[5, 15, 6, 14], [7, 2, 8, 3], [9, 13, 10, 12], [11, 21, 12, 20], [13, 9, 14, 8], [15, 5, 16, 4], [17, 24, 18, 1], [19, 11, 20, 10], [21, 17, 22, 16], [23, 18, 24, 19], [1, 23, 2, 22], [3, 6, 4, 7]]"
12a_0028_reversed_311,"[[3, 6, 4, 7], [5, 15, 6, 14], [7, 2, 8, 3], [9, 13, 10, 12], [11, 21, 12, 20], [13, 9, 14, 8], [15, 5, 16, 4], [17, 24, 18, 1], [19, 11, 20, 10], [21, 17, 22, 16], [23, 18, 24, 19], [1, 23, 2, 22]]"
12a_0028_reversed_312,"[[2, 24, 3, 23], [4, 7, 5, 8], [6, 16, 7, 15], [8, 3, 9, 4], [10, 14, 11, 13], [12, 22, 13, 21], [14, 10, 15, 9], [16, 6, 17, 5], [18, 1, 19, 2], [20, 12, 21, 11], [22, 18, 23, 17], [24, 19, 1, 20]]"
12a_0028_reversed_313,"[[24, 19, 1, 20], [2, 24, 3, 23], [4, 7, 5, 8], [6, 16, 7, 15], [8, 3, 9, 4], [10, 14, 11, 13], [12, 22, 13, 21], [14, 10, 15, 9], [16, 6, 17, 5], [18, 1, 19, 2], [20, 12, 21, 11], [22, 18, 23, 17]]"
12a_0028_reversed_314,"[[22, 18, 23, 17], [24, 19, 1, 20], [2, 24, 3, 23], [4, 7, 5, 8], [6, 16, 7, 15], [8, 3, 9, 4], [10, 14, 11, 13], [12, 22, 13, 21], [14, 10, 15, 9], [16, 6, 17, 5], [18, 1, 19, 2], [20, 12, 21, 11]]"
12a_0028_reversed_315,"[[20, 12, 21, 11], [22, 18, 23, 17], [24, 19, 1, 20], [2, 24, 3, 23], [4, 7, 5, 8], [6, 16, 7, 15], [8, 3, 9, 4], [10, 14, 11, 13], [12, 22, 13, 21], [14, 10, 15, 9], [16, 6, 17, 5], [18, 1, 19, 2]]"
12a_0028_reversed_316,"[[18, 1, 19, 2], [20, 12, 21, 11], [22, 18, 23, 17], [24, 19, 1, 20], [2, 24, 3, 23], [4, 7, 5, 8], [6, 16, 7, 15], [8, 3, 9, 4], [10, 14, 11, 13], [12, 22, 13, 21], [14, 10, 15, 9], [16, 6, 17, 5]]"
12a_0028_reversed_317,"[[16, 6, 17, 5], [18, 1, 19, 2], [20, 12, 21, 11], [22, 18, 23, 17], [24, 19, 1, 20], [2, 24, 3, 23], [4, 7, 5, 8], [6, 16, 7, 15], [8, 3, 9, 4], [10, 14, 11, 13], [12, 22, 13, 21], [14, 10, 15, 9]]"
12a_0028_reversed_318,"[[14, 10, 15, 9], [16, 6, 17, 5], [18, 1, 19, 2], [20, 12, 21, 11], [22, 18, 23, 17], [24, 19, 1, 20], [2, 24, 3, 23], [4, 7, 5, 8], [6, 16, 7, 15], [8, 3, 9, 4], [10, 14, 11, 13], [12, 22, 13, 21]]"
12a_0028_reversed_319,"[[12, 22, 13, 21], [14, 10, 15, 9], [16, 6, 17, 5], [18, 1, 19, 2], [20, 12, 21, 11], [22, 18, 23, 17], [24, 19, 1, 20], [2, 24, 3, 23], [4, 7, 5, 8], [6, 16, 7, 15], [8, 3, 9, 4], [10, 14, 11, 13]]"
12a_0028_reversed_320,"[[10, 14, 11, 13], [12, 22, 13, 21], [14, 10, 15, 9], [16, 6, 17, 5], [18, 1, 19, 2], [20, 12, 21, 11], [22, 18, 23, 17], [24, 19, 1, 20], [2, 24, 3, 23], [4, 7, 5, 8], [6, 16, 7, 15], [8, 3, 9, 4]]"
12a_0028_reversed_321,"[[8, 3, 9, 4], [10, 14, 11, 13], [12, 22, 13, 21], [14, 10, 15, 9], [16, 6, 17, 5], [18, 1, 19, 2], [20, 12, 21, 11], [22, 18, 23, 17], [24, 19, 1, 20], [2, 24, 3, 23], [4, 7, 5, 8], [6, 16, 7, 15]]"
12a_0028_reversed_322,"[[6, 16, 7, 15], [8, 3, 9, 4], [10, 14, 11, 13], [12, 22, 13, 21], [14, 10, 15, 9], [16, 6, 17, 5], [18, 1, 19, 2], [20, 12, 21, 11], [22, 18, 23, 17], [24, 19, 1, 20], [2, 24, 3, 23], [4, 7, 5, 8]]"
12a_0028_reversed_323,"[[4, 7, 5, 8], [6, 16, 7, 15], [8, 3, 9, 4], [10, 14, 11, 13], [12, 22, 13, 21], [14, 10, 15, 9], [16, 6, 17, 5], [18, 1, 19, 2], [20, 12, 21, 11], [22, 18, 23, 17], [24, 19, 1, 20], [2, 24, 3, 23]]"
12a_0028_reversed_324,"[[3, 1, 4, 24], [5, 8, 6, 9], [7, 17, 8, 16], [9, 4, 10, 5], [11, 15, 12, 14], [13, 23, 14, 22], [15, 11, 16, 10], [17, 7, 18, 6], [19, 2, 20, 3], [21, 13, 22, 12], [23, 19, 24, 18], [1, 20, 2, 21]]"
12a_0028_reversed_325,"[[1, 20, 2, 21], [3, 1, 4, 24], [5, 8, 6, 9], [7, 17, 8, 16], [9, 4, 10, 5], [11, 15, 12, 14], [13, 23, 14, 22], [15, 11, 16, 10], [17, 7, 18, 6], [19, 2, 20, 3], [21, 13, 22, 12], [23, 19, 24, 18]]"
12a_0028_reversed_326,"[[23, 19, 24, 18], [1, 20, 2, 21], [3, 1, 4, 24], [5, 8, 6, 9], [7, 17, 8, 16], [9, 4, 10, 5], [11, 15, 12, 14], [13, 23, 14, 22], [15, 11, 16, 10], [17, 7, 18, 6], [19, 2, 20, 3], [21, 13, 22, 12]]"
12a_0028_reversed_327,"[[21, 13, 22, 12], [23, 19, 24, 18], [1, 20, 2, 21], [3, 1, 4, 24], [5, 8, 6, 9], [7, 17, 8, 16], [9, 4, 10, 5], [11, 15, 12, 14], [13, 23, 14, 22], [15, 11, 16, 10], [17, 7, 18, 6], [19, 2, 20, 3]]"
12a_0028_reversed_328,"[[19, 2, 20, 3], [21, 13, 22, 12], [23, 19, 24, 18], [1, 20, 2, 21], [3, 1, 4, 24], [5, 8, 6, 9], [7, 17, 8, 16], [9, 4, 10, 5], [11, 15, 12, 14], [13, 23, 14, 22], [15, 11, 16, 10], [17, 7, 18, 6]]"
12a_0028_reversed_329,"[[17, 7, 18, 6], [19, 2, 20, 3], [21, 13, 22, 12], [23, 19, 24, 18], [1, 20, 2, 21], [3, 1, 4, 24], [5, 8, 6, 9], [7, 17, 8, 16], [9, 4, 10, 5], [11, 15, 12, 14], [13, 23, 14, 22], [15, 11, 16, 10]]"
12a_0028_reversed_330,"[[15, 11, 16, 10], [17, 7, 18, 6], [19, 2, 20, 3], [21, 13, 22, 12], [23, 19, 24, 18], [1, 20, 2, 21], [3, 1, 4, 24], [5, 8, 6, 9], [7, 17, 8, 16], [9, 4, 10, 5], [11, 15, 12, 14], [13, 23, 14, 22]]"
12a_0028_reversed_331,"[[13, 23, 14, 22], [15, 11, 16, 10], [17, 7, 18, 6], [19, 2, 20, 3], [21, 13, 22, 12], [23, 19, 24, 18], [1, 20, 2, 21], [3, 1, 4, 24], [5, 8, 6, 9], [7, 17, 8, 16], [9, 4, 10, 5], [11, 15, 12, 14]]"
12a_0028_reversed_332,"[[11, 15, 12, 14], [13, 23, 14, 22], [15, 11, 16, 10], [17, 7, 18, 6], [19, 2, 20, 3], [21, 13, 22, 12], [23, 19, 24, 18], [1, 20, 2, 21], [3, 1, 4, 24], [5, 8, 6, 9], [7, 17, 8, 16], [9, 4, 10, 5]]"
12a_0028_reversed_333,"[[9, 4, 10, 5], [11, 15, 12, 14], [13, 23, 14, 22], [15, 11, 16, 10], [17, 7, 18, 6], [19, 2, 20, 3], [21, 13, 22, 12], [23, 19, 24, 18], [1, 20, 2, 21], [3, 1, 4, 24], [5, 8, 6, 9], [7, 17, 8, 16]]"
12a_0028_reversed_334,"[[7, 17, 8, 16], [9, 4, 10, 5], [11, 15, 12, 14], [13, 23, 14, 22], [15, 11, 16, 10], [17, 7, 18, 6], [19, 2, 20, 3], [21, 13, 22, 12], [23, 19, 24, 18], [1, 20, 2, 21], [3, 1, 4, 24], [5, 8, 6, 9]]"
12a_0028_reversed_335,"[[5, 8, 6, 9], [7, 17, 8, 16], [9, 4, 10, 5], [11, 15, 12, 14], [13, 23, 14, 22], [15, 11, 16, 10], [17, 7, 18, 6], [19, 2, 20, 3], [21, 13, 22, 12], [23, 19, 24, 18], [1, 20, 2, 21], [3, 1, 4, 24]]"
12a_0028_reversed_336,"[[4, 2, 5, 1], [6, 9, 7, 10], [8, 18, 9, 17], [10, 5, 11, 6], [12, 16, 13, 15], [14, 24, 15, 23], [16, 12, 17, 11], [18, 8, 19, 7], [20, 3, 21, 4], [22, 14, 23, 13], [24, 20, 1, 19], [2, 21, 3, 22]]"
12a_0028_reversed_337,"[[2, 21, 3, 22], [4, 2, 5, 1], [6, 9, 7, 10], [8, 18, 9, 17], [10, 5, 11, 6], [12, 16, 13, 15], [14, 24, 15, 23], [16, 12, 17, 11], [18, 8, 19, 7], [20, 3, 21, 4], [22, 14, 23, 13], [24, 20, 1, 19]]"
12a_0028_reversed_338,"[[24, 20, 1, 19], [2, 21, 3, 22], [4, 2, 5, 1], [6, 9, 7, 10], [8, 18, 9, 17], [10, 5, 11, 6], [12, 16, 13, 15], [14, 24, 15, 23], [16, 12, 17, 11], [18, 8, 19, 7], [20, 3, 21, 4], [22, 14, 23, 13]]"
12a_0028_reversed_339,"[[22, 14, 23, 13], [24, 20, 1, 19], [2, 21, 3, 22], [4, 2, 5, 1], [6, 9, 7, 10], [8, 18, 9, 17], [10, 5, 11, 6], [12, 16, 13, 15], [14, 24, 15, 23], [16, 12, 17, 11], [18, 8, 19, 7], [20, 3, 21, 4]]"
12a_0028_reversed_340,"[[20, 3, 21, 4], [22, 14, 23, 13], [24, 20, 1, 19], [2, 21, 3, 22], [4, 2, 5, 1], [6, 9, 7, 10], [8, 18, 9, 17], [10, 5, 11, 6], [12, 16, 13, 15], [14, 24, 15, 23], [16, 12, 17, 11], [18, 8, 19, 7]]"
12a_0028_reversed_341,"[[18, 8, 19, 7], [20, 3, 21, 4], [22, 14, 23, 13], [24, 20, 1, 19], [2, 21, 3, 22], [4, 2, 5, 1], [6, 9, 7, 10], [8, 18, 9, 17], [10, 5, 11, 6], [12, 16, 13, 15], [14, 24, 15, 23], [16, 12, 17, 11]]"
12a_0028_reversed_342,"[[16, 12, 17, 11], [18, 8, 19, 7], [20, 3, 21, 4], [22, 14, 23, 13], [24, 20, 1, 19], [2, 21, 3, 22], [4, 2, 5, 1], [6, 9, 7, 10], [8, 18, 9, 17], [10, 5, 11, 6], [12, 16, 13, 15], [14, 24, 15, 23]]"
12a_0028_reversed_343,"[[14, 24, 15, 23], [16, 12, 17, 11], [18, 8, 19, 7], [20, 3, 21, 4], [22, 14, 23, 13], [24, 20, 1, 19], [2, 21, 3, 22], [4, 2, 5, 1], [6, 9, 7, 10], [8, 18, 9, 17], [10, 5, 11, 6], [12, 16, 13, 15]]"
12a_0028_reversed_344,"[[12, 16, 13, 15], [14, 24, 15, 23], [16, 12, 17, 11], [18, 8, 19, 7], [20, 3, 21, 4], [22, 14, 23, 13], [24, 20, 1, 19], [2, 21, 3, 22], [4, 2, 5, 1], [6, 9, 7, 10], [8, 18, 9, 17], [10, 5, 11, 6]]"
12a_0028_reversed_345,"[[10, 5, 11, 6], [12, 16, 13, 15], [14, 24, 15, 23], [16, 12, 17, 11], [18, 8, 19, 7], [20, 3, 21, 4], [22, 14, 23, 13], [24, 20, 1, 19], [2, 21, 3, 22], [4, 2, 5, 1], [6, 9, 7, 10], [8, 18, 9, 17]]"
12a_0028_reversed_346,"[[8, 18, 9, 17], [10, 5, 11, 6], [12, 16, 13, 15], [14, 24, 15, 23], [16, 12, 17, 11], [18, 8, 19, 7], [20, 3, 21, 4], [22, 14, 23, 13], [24, 20, 1, 19], [2, 21, 3, 22], [4, 2, 5, 1], [6, 9, 7, 10]]"
12a_0028_reversed_347,"[[6, 9, 7, 10], [8, 18, 9, 17], [10, 5, 11, 6], [12, 16, 13, 15], [14, 24, 15, 23], [16, 12, 17, 11], [18, 8, 19, 7], [20, 3, 21, 4], [22, 14, 23, 13], [24, 20, 1, 19], [2, 21, 3, 22], [4, 2, 5, 1]]"
12a_0028_reversed_348,"[[5, 3, 6, 2], [7, 10, 8, 11], [9, 19, 10, 18], [11, 6, 12, 7], [13, 17, 14, 16], [15, 1, 16, 24], [17, 13, 18, 12], [19, 9, 20, 8], [21, 4, 22, 5], [23, 15, 24, 14], [1, 21, 2, 20], [3, 22, 4, 23]]"
12a_0028_reversed_349,"[[3, 22, 4, 23], [5, 3, 6, 2], [7, 10, 8, 11], [9, 19, 10, 18], [11, 6, 12, 7], [13, 17, 14, 16], [15, 1, 16, 24], [17, 13, 18, 12], [19, 9, 20, 8], [21, 4, 22, 5], [23, 15, 24, 14], [1, 21, 2, 20]]"
12a_0028_reversed_350,"[[1, 21, 2, 20], [3, 22, 4, 23], [5, 3, 6, 2], [7, 10, 8, 11], [9, 19, 10, 18], [11, 6, 12, 7], [13, 17, 14, 16], [15, 1, 16, 24], [17, 13, 18, 12], [19, 9, 20, 8], [21, 4, 22, 5], [23, 15, 24, 14]]"
12a_0028_reversed_351,"[[23, 15, 24, 14], [1, 21, 2, 20], [3, 22, 4, 23], [5, 3, 6, 2], [7, 10, 8, 11], [9, 19, 10, 18], [11, 6, 12, 7], [13, 17, 14, 16], [15, 1, 16, 24], [17, 13, 18, 12], [19, 9, 20, 8], [21, 4, 22, 5]]"
12a_0028_reversed_352,"[[21, 4, 22, 5], [23, 15, 24, 14], [1, 21, 2, 20], [3, 22, 4, 23], [5, 3, 6, 2], [7, 10, 8, 11], [9, 19, 10, 18], [11, 6, 12, 7], [13, 17, 14, 16], [15, 1, 16, 24], [17, 13, 18, 12], [19, 9, 20, 8]]"
12a_0028_reversed_353,"[[19, 9, 20, 8], [21, 4, 22, 5], [23, 15, 24, 14], [1, 21, 2, 20], [3, 22, 4, 23], [5, 3, 6, 2], [7, 10, 8, 11], [9, 19, 10, 18], [11, 6, 12, 7], [13, 17, 14, 16], [15, 1, 16, 24], [17, 13, 18, 12]]"
12a_0028_reversed_354,"[[17, 13, 18, 12], [19, 9, 20, 8], [21, 4, 22, 5], [23, 15, 24, 14], [1, 21, 2, 20], [3, 22, 4, 23], [5, 3, 6, 2], [7, 10, 8, 11], [9, 19, 10, 18], [11, 6, 12, 7], [13, 17, 14, 16], [15, 1, 16, 24]]"
12a_0028_reversed_355,"[[15, 1, 16, 24], [17, 13, 18, 12], [19, 9, 20, 8], [21, 4, 22, 5], [23, 15, 24, 14], [1, 21, 2, 20], [3, 22, 4, 23], [5, 3, 6, 2], [7, 10, 8, 11], [9, 19, 10, 18], [11, 6, 12, 7], [13, 17, 14, 16]]"
12a_0028_reversed_356,"[[13, 17, 14, 16], [15, 1, 16, 24], [17, 13, 18, 12], [19, 9, 20, 8], [21, 4, 22, 5], [23, 15, 24, 14], [1, 21, 2, 20], [3, 22, 4, 23], [5, 3, 6, 2], [7, 10, 8, 11], [9, 19, 10, 18], [11, 6, 12, 7]]"
12a_0028_reversed_357,"[[11, 6, 12, 7], [13, 17, 14, 16], [15, 1, 16, 24], [17, 13, 18, 12], [19, 9, 20, 8], [21, 4, 22, 5], [23, 15, 24, 14], [1, 21, 2, 20], [3, 22, 4, 23], [5, 3, 6, 2], [7, 10, 8, 11], [9, 19, 10, 18]]"
12a_0028_reversed_358,"[[9, 19, 10, 18], [11, 6, 12, 7], [13, 17, 14, 16], [15, 1, 16, 24], [17, 13, 18, 12], [19, 9, 20, 8], [21, 4, 22, 5], [23, 15, 24, 14], [1, 21, 2, 20], [3, 22, 4, 23], [5, 3, 6, 2], [7, 10, 8, 11]]"
12a_0028_reversed_359,"[[7, 10, 8, 11], [9, 19, 10, 18], [11, 6, 12, 7], [13, 17, 14, 16], [15, 1, 16, 24], [17, 13, 18, 12], [19, 9, 20, 8], [21, 4, 22, 5], [23, 15, 24, 14], [1, 21, 2, 20], [3, 22, 4, 23], [5, 3, 6, 2]]"
12a_0028_reversed_360,"[[6, 4, 7, 3], [8, 11, 9, 12], [10, 20, 11, 19], [12, 7, 13, 8], [14, 18, 15, 17], [16, 2, 17, 1], [18, 14, 19, 13], [20, 10, 21, 9], [22, 5, 23, 6], [24, 16, 1, 15], [2, 22, 3, 21], [4, 23, 5, 24]]"
12a_0028_reversed_361,"[[4, 23, 5, 24], [6, 4, 7, 3], [8, 11, 9, 12], [10, 20, 11, 19], [12, 7, 13, 8], [14, 18, 15, 17], [16, 2, 17, 1], [18, 14, 19, 13], [20, 10, 21, 9], [22, 5, 23, 6], [24, 16, 1, 15], [2, 22, 3, 21]]"
12a_0028_reversed_362,"[[2, 22, 3, 21], [4, 23, 5, 24], [6, 4, 7, 3], [8, 11, 9, 12], [10, 20, 11, 19], [12, 7, 13, 8], [14, 18, 15, 17], [16, 2, 17, 1], [18, 14, 19, 13], [20, 10, 21, 9], [22, 5, 23, 6], [24, 16, 1, 15]]"
12a_0028_reversed_363,"[[24, 16, 1, 15], [2, 22, 3, 21], [4, 23, 5, 24], [6, 4, 7, 3], [8, 11, 9, 12], [10, 20, 11, 19], [12, 7, 13, 8], [14, 18, 15, 17], [16, 2, 17, 1], [18, 14, 19, 13], [20, 10, 21, 9], [22, 5, 23, 6]]"
12a_0028_reversed_364,"[[22, 5, 23, 6], [24, 16, 1, 15], [2, 22, 3, 21], [4, 23, 5, 24], [6, 4, 7, 3], [8, 11, 9, 12], [10, 20, 11, 19], [12, 7, 13, 8], [14, 18, 15, 17], [16, 2, 17, 1], [18, 14, 19, 13], [20, 10, 21, 9]]"
12a_0028_reversed_365,"[[20, 10, 21, 9], [22, 5, 23, 6], [24, 16, 1, 15], [2, 22, 3, 21], [4, 23, 5, 24], [6, 4, 7, 3], [8, 11, 9, 12], [10, 20, 11, 19], [12, 7, 13, 8], [14, 18, 15, 17], [16, 2, 17, 1], [18, 14, 19, 13]]"
12a_0028_reversed_366,"[[18, 14, 19, 13], [20, 10, 21, 9], [22, 5, 23, 6], [24, 16, 1, 15], [2, 22, 3, 21], [4, 23, 5, 24], [6, 4, 7, 3], [8, 11, 9, 12], [10, 20, 11, 19], [12, 7, 13, 8], [14, 18, 15, 17], [16, 2, 17, 1]]"
12a_0028_reversed_367,"[[16, 2, 17, 1], [18, 14, 19, 13], [20, 10, 21, 9], [22, 5, 23, 6], [24, 16, 1, 15], [2, 22, 3, 21], [4, 23, 5, 24], [6, 4, 7, 3], [8, 11, 9, 12], [10, 20, 11, 19], [12, 7, 13, 8], [14, 18, 15, 17]]"
12a_0028_reversed_368,"[[14, 18, 15, 17], [16, 2, 17, 1], [18, 14, 19, 13], [20, 10, 21, 9], [22, 5, 23, 6], [24, 16, 1, 15], [2, 22, 3, 21], [4, 23, 5, 24], [6, 4, 7, 3], [8, 11, 9, 12], [10, 20, 11, 19], [12, 7, 13, 8]]"
12a_0028_reversed_369,"[[12, 7, 13, 8], [14, 18, 15, 17], [16, 2, 17, 1], [18, 14, 19, 13], [20, 10, 21, 9], [22, 5, 23, 6], [24, 16, 1, 15], [2, 22, 3, 21], [4, 23, 5, 24], [6, 4, 7, 3], [8, 11, 9, 12], [10, 20, 11, 19]]"
12a_0028_reversed_370,"[[10, 20, 11, 19], [12, 7, 13, 8], [14, 18, 15, 17], [16, 2, 17, 1], [18, 14, 19, 13], [20, 10, 21, 9], [22, 5, 23, 6], [24, 16, 1, 15], [2, 22, 3, 21], [4, 23, 5, 24], [6, 4, 7, 3], [8, 11, 9, 12]]"
12a_0028_reversed_371,"[[8, 11, 9, 12], [10, 20, 11, 19], [12, 7, 13, 8], [14, 18, 15, 17], [16, 2, 17, 1], [18, 14, 19, 13], [20, 10, 21, 9], [22, 5, 23, 6], [24, 16, 1, 15], [2, 22, 3, 21], [4, 23, 5, 24], [6, 4, 7, 3]]"
12a_0028_reversed_372,"[[7, 5, 8, 4], [9, 12, 10, 13], [11, 21, 12, 20], [13, 8, 14, 9], [15, 19, 16, 18], [17, 3, 18, 2], [19, 15, 20, 14], [21, 11, 22, 10], [23, 6, 24, 7], [1, 17, 2, 16], [3, 23, 4, 22], [5, 24, 6, 1]]"
12a_0028_reversed_373,"[[5, 24, 6, 1], [7, 5, 8, 4], [9, 12, 10, 13], [11, 21, 12, 20], [13, 8, 14, 9], [15, 19, 16, 18], [17, 3, 18, 2], [19, 15, 20, 14], [21, 11, 22, 10], [23, 6, 24, 7], [1, 17, 2, 16], [3, 23, 4, 22]]"
12a_0028_reversed_374,"[[3, 23, 4, 22], [5, 24, 6, 1], [7, 5, 8, 4], [9, 12, 10, 13], [11, 21, 12, 20], [13, 8, 14, 9], [15, 19, 16, 18], [17, 3, 18, 2], [19, 15, 20, 14], [21, 11, 22, 10], [23, 6, 24, 7], [1, 17, 2, 16]]"
12a_0028_reversed_375,"[[1, 17, 2, 16], [3, 23, 4, 22], [5, 24, 6, 1], [7, 5, 8, 4], [9, 12, 10, 13], [11, 21, 12, 20], [13, 8, 14, 9], [15, 19, 16, 18], [17, 3, 18, 2], [19, 15, 20, 14], [21, 11, 22, 10], [23, 6, 24, 7]]"
12a_0028_reversed_376,"[[23, 6, 24, 7], [1, 17, 2, 16], [3, 23, 4, 22], [5, 24, 6, 1], [7, 5, 8, 4], [9, 12, 10, 13], [11, 21, 12, 20], [13, 8, 14, 9], [15, 19, 16, 18], [17, 3, 18, 2], [19, 15, 20, 14], [21, 11, 22, 10]]"
12a_0028_reversed_377,"[[21, 11, 22, 10], [23, 6, 24, 7], [1, 17, 2, 16], [3, 23, 4, 22], [5, 24, 6, 1], [7, 5, 8, 4], [9, 12, 10, 13], [11, 21, 12, 20], [13, 8, 14, 9], [15, 19, 16, 18], [17, 3, 18, 2], [19, 15, 20, 14]]"
12a_0028_reversed_378,"[[19, 15, 20, 14], [21, 11, 22, 10], [23, 6, 24, 7], [1, 17, 2, 16], [3, 23, 4, 22], [5, 24, 6, 1], [7, 5, 8, 4], [9, 12, 10, 13], [11, 21, 12, 20], [13, 8, 14, 9], [15, 19, 16, 18], [17, 3, 18, 2]]"
12a_0028_reversed_379,"[[17, 3, 18, 2], [19, 15, 20, 14], [21, 11, 22, 10], [23, 6, 24, 7], [1, 17, 2, 16], [3, 23, 4, 22], [5, 24, 6, 1], [7, 5, 8, 4], [9, 12, 10, 13], [11, 21, 12, 20], [13, 8, 14, 9], [15, 19, 16, 18]]"
12a_0028_reversed_380,"[[15, 19, 16, 18], [17, 3, 18, 2], [19, 15, 20, 14], [21, 11, 22, 10], [23, 6, 24, 7], [1, 17, 2, 16], [3, 23, 4, 22], [5, 24, 6, 1], [7, 5, 8, 4], [9, 12, 10, 13], [11, 21, 12, 20], [13, 8, 14, 9]]"
12a_0028_reversed_381,"[[13, 8, 14, 9], [15, 19, 16, 18], [17, 3, 18, 2], [19, 15, 20, 14], [21, 11, 22, 10], [23, 6, 24, 7], [1, 17, 2, 16], [3, 23, 4, 22], [5, 24, 6, 1], [7, 5, 8, 4], [9, 12, 10, 13], [11, 21, 12, 20]]"
12a_0028_reversed_382,"[[11, 21, 12, 20], [13, 8, 14, 9], [15, 19, 16, 18], [17, 3, 18, 2], [19, 15, 20, 14], [21, 11, 22, 10], [23, 6, 24, 7], [1, 17, 2, 16], [3, 23, 4, 22], [5, 24, 6, 1], [7, 5, 8, 4], [9, 12, 10, 13]]"
12a_0028_reversed_383,"[[9, 12, 10, 13], [11, 21, 12, 20], [13, 8, 14, 9], [15, 19, 16, 18], [17, 3, 18, 2], [19, 15, 20, 14], [21, 11, 22, 10], [23, 6, 24, 7], [1, 17, 2, 16], [3, 23, 4, 22], [5, 24, 6, 1], [7, 5, 8, 4]]"
12a_0028_reversed_384,"[[8, 6, 9, 5], [10, 13, 11, 14], [12, 22, 13, 21], [14, 9, 15, 10], [16, 20, 17, 19], [18, 4, 19, 3], [20, 16, 21, 15], [22, 12, 23, 11], [24, 7, 1, 8], [2, 18, 3, 17], [4, 24, 5, 23], [6, 1, 7, 2]]"
12a_0028_reversed_385,"[[6, 1, 7, 2], [8, 6, 9, 5], [10, 13, 11, 14], [12, 22, 13, 21], [14, 9, 15, 10], [16, 20, 17, 19], [18, 4, 19, 3], [20, 16, 21, 15], [22, 12, 23, 11], [24, 7, 1, 8], [2, 18, 3, 17], [4, 24, 5, 23]]"
12a_0028_reversed_386,"[[4, 24, 5, 23], [6, 1, 7, 2], [8, 6, 9, 5], [10, 13, 11, 14], [12, 22, 13, 21], [14, 9, 15, 10], [16, 20, 17, 19], [18, 4, 19, 3], [20, 16, 21, 15], [22, 12, 23, 11], [24, 7, 1, 8], [2, 18, 3, 17]]"
12a_0028_reversed_387,"[[2, 18, 3, 17], [4, 24, 5, 23], [6, 1, 7, 2], [8, 6, 9, 5], [10, 13, 11, 14], [12, 22, 13, 21], [14, 9, 15, 10], [16, 20, 17, 19], [18, 4, 19, 3], [20, 16, 21, 15], [22, 12, 23, 11], [24, 7, 1, 8]]"
12a_0028_reversed_388,"[[24, 7, 1, 8], [2, 18, 3, 17], [4, 24, 5, 23], [6, 1, 7, 2], [8, 6, 9, 5], [10, 13, 11, 14], [12, 22, 13, 21], [14, 9, 15, 10], [16, 20, 17, 19], [18, 4, 19, 3], [20, 16, 21, 15], [22, 12, 23, 11]]"
12a_0028_reversed_389,"[[22, 12, 23, 11], [24, 7, 1, 8], [2, 18, 3, 17], [4, 24, 5, 23], [6, 1, 7, 2], [8, 6, 9, 5], [10, 13, 11, 14], [12, 22, 13, 21], [14, 9, 15, 10], [16, 20, 17, 19], [18, 4, 19, 3], [20, 16, 21, 15]]"
12a_0028_reversed_390,"[[20, 16, 21, 15], [22, 12, 23, 11], [24, 7, 1, 8], [2, 18, 3, 17], [4, 24, 5, 23], [6, 1, 7, 2], [8, 6, 9, 5], [10, 13, 11, 14], [12, 22, 13, 21], [14, 9, 15, 10], [16, 20, 17, 19], [18, 4, 19, 3]]"
12a_0028_reversed_391,"[[18, 4, 19, 3], [20, 16, 21, 15], [22, 12, 23, 11], [24, 7, 1, 8], [2, 18, 3, 17], [4, 24, 5, 23], [6, 1, 7, 2], [8, 6, 9, 5], [10, 13, 11, 14], [12, 22, 13, 21], [14, 9, 15, 10], [16, 20, 17, 19]]"
12a_0028_reversed_392,"[[16, 20, 17, 19], [18, 4, 19, 3], [20, 16, 21, 15], [22, 12, 23, 11], [24, 7, 1, 8], [2, 18, 3, 17], [4, 24, 5, 23], [6, 1, 7, 2], [8, 6, 9, 5], [10, 13, 11, 14], [12, 22, 13, 21], [14, 9, 15, 10]]"
12a_0028_reversed_393,"[[14, 9, 15, 10], [16, 20, 17, 19], [18, 4, 19, 3], [20, 16, 21, 15], [22, 12, 23, 11], [24, 7, 1, 8], [2, 18, 3, 17], [4, 24, 5, 23], [6, 1, 7, 2], [8, 6, 9, 5], [10, 13, 11, 14], [12, 22, 13, 21]]"
12a_0028_reversed_394,"[[12, 22, 13, 21], [14, 9, 15, 10], [16, 20, 17, 19], [18, 4, 19, 3], [20, 16, 21, 15], [22, 12, 23, 11], [24, 7, 1, 8], [2, 18, 3, 17], [4, 24, 5, 23], [6, 1, 7, 2], [8, 6, 9, 5], [10, 13, 11, 14]]"
12a_0028_reversed_395,"[[10, 13, 11, 14], [12, 22, 13, 21], [14, 9, 15, 10], [16, 20, 17, 19], [18, 4, 19, 3], [20, 16, 21, 15], [22, 12, 23, 11], [24, 7, 1, 8], [2, 18, 3, 17], [4, 24, 5, 23], [6, 1, 7, 2], [8, 6, 9, 5]]"
12a_0028_reversed_396,"[[9, 7, 10, 6], [11, 14, 12, 15], [13, 23, 14, 22], [15, 10, 16, 11], [17, 21, 18, 20], [19, 5, 20, 4], [21, 17, 22, 16], [23, 13, 24, 12], [1, 8, 2, 9], [3, 19, 4, 18], [5, 1, 6, 24], [7, 2, 8, 3]]"
12a_0028_reversed_397,"[[7, 2, 8, 3], [9, 7, 10, 6], [11, 14, 12, 15], [13, 23, 14, 22], [15, 10, 16, 11], [17, 21, 18, 20], [19, 5, 20, 4], [21, 17, 22, 16], [23, 13, 24, 12], [1, 8, 2, 9], [3, 19, 4, 18], [5, 1, 6, 24]]"
12a_0028_reversed_398,"[[5, 1, 6, 24], [7, 2, 8, 3], [9, 7, 10, 6], [11, 14, 12, 15], [13, 23, 14, 22], [15, 10, 16, 11], [17, 21, 18, 20], [19, 5, 20, 4], [21, 17, 22, 16], [23, 13, 24, 12], [1, 8, 2, 9], [3, 19, 4, 18]]"
12a_0028_reversed_399,"[[3, 19, 4, 18], [5, 1, 6, 24], [7, 2, 8, 3], [9, 7, 10, 6], [11, 14, 12, 15], [13, 23, 14, 22], [15, 10, 16, 11], [17, 21, 18, 20], [19, 5, 20, 4], [21, 17, 22, 16], [23, 13, 24, 12], [1, 8, 2, 9]]"
12a_0028_reversed_400,"[[1, 8, 2, 9], [3, 19, 4, 18], [5, 1, 6, 24], [7, 2, 8, 3], [9, 7, 10, 6], [11, 14, 12, 15], [13, 23, 14, 22], [15, 10, 16, 11], [17, 21, 18, 20], [19, 5, 20, 4], [21, 17, 22, 16], [23, 13, 24, 12]]"
12a_0028_reversed_401,"[[23, 13, 24, 12], [1, 8, 2, 9], [3, 19, 4, 18], [5, 1, 6, 24], [7, 2, 8, 3], [9, 7, 10, 6], [11, 14, 12, 15], [13, 23, 14, 22], [15, 10, 16, 11], [17, 21, 18, 20], [19, 5, 20, 4], [21, 17, 22, 16]]"
12a_0028_reversed_402,"[[21, 17, 22, 16], [23, 13, 24, 12], [1, 8, 2, 9], [3, 19, 4, 18], [5, 1, 6, 24], [7, 2, 8, 3], [9, 7, 10, 6], [11, 14, 12, 15], [13, 23, 14, 22], [15, 10, 16, 11], [17, 21, 18, 20], [19, 5, 20, 4]]"
12a_0028_reversed_403,"[[19, 5, 20, 4], [21, 17, 22, 16], [23, 13, 24, 12], [1, 8, 2, 9], [3, 19, 4, 18], [5, 1, 6, 24], [7, 2, 8, 3], [9, 7, 10, 6], [11, 14, 12, 15], [13, 23, 14, 22], [15, 10, 16, 11], [17, 21, 18, 20]]"
12a_0028_reversed_404,"[[17, 21, 18, 20], [19, 5, 20, 4], [21, 17, 22, 16], [23, 13, 24, 12], [1, 8, 2, 9], [3, 19, 4, 18], [5, 1, 6, 24], [7, 2, 8, 3], [9, 7, 10, 6], [11, 14, 12, 15], [13, 23, 14, 22], [15, 10, 16, 11]]"
12a_0028_reversed_405,"[[15, 10, 16, 11], [17, 21, 18, 20], [19, 5, 20, 4], [21, 17, 22, 16], [23, 13, 24, 12], [1, 8, 2, 9], [3, 19, 4, 18], [5, 1, 6, 24], [7, 2, 8, 3], [9, 7, 10, 6], [11, 14, 12, 15], [13, 23, 14, 22]]"
12a_0028_reversed_406,"[[13, 23, 14, 22], [15, 10, 16, 11], [17, 21, 18, 20], [19, 5, 20, 4], [21, 17, 22, 16], [23, 13, 24, 12], [1, 8, 2, 9], [3, 19, 4, 18], [5, 1, 6, 24], [7, 2, 8, 3], [9, 7, 10, 6], [11, 14, 12, 15]]"
12a_0028_reversed_407,"[[11, 14, 12, 15], [13, 23, 14, 22], [15, 10, 16, 11], [17, 21, 18, 20], [19, 5, 20, 4], [21, 17, 22, 16], [23, 13, 24, 12], [1, 8, 2, 9], [3, 19, 4, 18], [5, 1, 6, 24], [7, 2, 8, 3], [9, 7, 10, 6]]"
12a_0028_reversed_408,"[[10, 8, 11, 7], [12, 15, 13, 16], [14, 24, 15, 23], [16, 11, 17, 12], [18, 22, 19, 21], [20, 6, 21, 5], [22, 18, 23, 17], [24, 14, 1, 13], [2, 9, 3, 10], [4, 20, 5, 19], [6, 2, 7, 1], [8, 3, 9, 4]]"
12a_0028_reversed_409,"[[8, 3, 9, 4], [10, 8, 11, 7], [12, 15, 13, 16], [14, 24, 15, 23], [16, 11, 17, 12], [18, 22, 19, 21], [20, 6, 21, 5], [22, 18, 23, 17], [24, 14, 1, 13], [2, 9, 3, 10], [4, 20, 5, 19], [6, 2, 7, 1]]"
12a_0028_reversed_410,"[[6, 2, 7, 1], [8, 3, 9, 4], [10, 8, 11, 7], [12, 15, 13, 16], [14, 24, 15, 23], [16, 11, 17, 12], [18, 22, 19, 21], [20, 6, 21, 5], [22, 18, 23, 17], [24, 14, 1, 13], [2, 9, 3, 10], [4, 20, 5, 19]]"
12a_0028_reversed_411,"[[4, 20, 5, 19], [6, 2, 7, 1], [8, 3, 9, 4], [10, 8, 11, 7], [12, 15, 13, 16], [14, 24, 15, 23], [16, 11, 17, 12], [18, 22, 19, 21], [20, 6, 21, 5], [22, 18, 23, 17], [24, 14, 1, 13], [2, 9, 3, 10]]"
12a_0028_reversed_412,"[[2, 9, 3, 10], [4, 20, 5, 19], [6, 2, 7, 1], [8, 3, 9, 4], [10, 8, 11, 7], [12, 15, 13, 16], [14, 24, 15, 23], [16, 11, 17, 12], [18, 22, 19, 21], [20, 6, 21, 5], [22, 18, 23, 17], [24, 14, 1, 13]]"
12a_0028_reversed_413,"[[24, 14, 1, 13], [2, 9, 3, 10], [4, 20, 5, 19], [6, 2, 7, 1], [8, 3, 9, 4], [10, 8, 11, 7], [12, 15, 13, 16], [14, 24, 15, 23], [16, 11, 17, 12], [18, 22, 19, 21], [20, 6, 21, 5], [22, 18, 23, 17]]"
12a_0028_reversed_414,"[[22, 18, 23, 17], [24, 14, 1, 13], [2, 9, 3, 10], [4, 20, 5, 19], [6, 2, 7, 1], [8, 3, 9, 4], [10, 8, 11, 7], [12, 15, 13, 16], [14, 24, 15, 23], [16, 11, 17, 12], [18, 22, 19, 21], [20, 6, 21, 5]]"
12a_0028_reversed_415,"[[20, 6, 21, 5], [22, 18, 23, 17], [24, 14, 1, 13], [2, 9, 3, 10], [4, 20, 5, 19], [6, 2, 7, 1], [8, 3, 9, 4], [10, 8, 11, 7], [12, 15, 13, 16], [14, 24, 15, 23], [16, 11, 17, 12], [18, 22, 19, 21]]"
12a_0028_reversed_416,"[[18, 22, 19, 21], [20, 6, 21, 5], [22, 18, 23, 17], [24, 14, 1, 13], [2, 9, 3, 10], [4, 20, 5, 19], [6, 2, 7, 1], [8, 3, 9, 4], [10, 8, 11, 7], [12, 15, 13, 16], [14, 24, 15, 23], [16, 11, 17, 12]]"
12a_0028_reversed_417,"[[16, 11, 17, 12], [18, 22, 19, 21], [20, 6, 21, 5], [22, 18, 23, 17], [24, 14, 1, 13], [2, 9, 3, 10], [4, 20, 5, 19], [6, 2, 7, 1], [8, 3, 9, 4], [10, 8, 11, 7], [12, 15, 13, 16], [14, 24, 15, 23]]"
12a_0028_reversed_418,"[[14, 24, 15, 23], [16, 11, 17, 12], [18, 22, 19, 21], [20, 6, 21, 5], [22, 18, 23, 17], [24, 14, 1, 13], [2, 9, 3, 10], [4, 20, 5, 19], [6, 2, 7, 1], [8, 3, 9, 4], [10, 8, 11, 7], [12, 15, 13, 16]]"
12a_0028_reversed_419,"[[12, 15, 13, 16], [14, 24, 15, 23], [16, 11, 17, 12], [18, 22, 19, 21], [20, 6, 21, 5], [22, 18, 23, 17], [24, 14, 1, 13], [2, 9, 3, 10], [4, 20, 5, 19], [6, 2, 7, 1], [8, 3, 9, 4], [10, 8, 11, 7]]"
12a_0028_reversed_420,"[[11, 9, 12, 8], [13, 16, 14, 17], [15, 1, 16, 24], [17, 12, 18, 13], [19, 23, 20, 22], [21, 7, 22, 6], [23, 19, 24, 18], [1, 15, 2, 14], [3, 10, 4, 11], [5, 21, 6, 20], [7, 3, 8, 2], [9, 4, 10, 5]]"
12a_0028_reversed_421,"[[9, 4, 10, 5], [11, 9, 12, 8], [13, 16, 14, 17], [15, 1, 16, 24], [17, 12, 18, 13], [19, 23, 20, 22], [21, 7, 22, 6], [23, 19, 24, 18], [1, 15, 2, 14], [3, 10, 4, 11], [5, 21, 6, 20], [7, 3, 8, 2]]"
12a_0028_reversed_422,"[[7, 3, 8, 2], [9, 4, 10, 5], [11, 9, 12, 8], [13, 16, 14, 17], [15, 1, 16, 24], [17, 12, 18, 13], [19, 23, 20, 22], [21, 7, 22, 6], [23, 19, 24, 18], [1, 15, 2, 14], [3, 10, 4, 11], [5, 21, 6, 20]]"
12a_0028_reversed_423,"[[5, 21, 6, 20], [7, 3, 8, 2], [9, 4, 10, 5], [11, 9, 12, 8], [13, 16, 14, 17], [15, 1, 16, 24], [17, 12, 18, 13], [19, 23, 20, 22], [21, 7, 22, 6], [23, 19, 24, 18], [1, 15, 2, 14], [3, 10, 4, 11]]"
12a_0028_reversed_424,"[[3, 10, 4, 11], [5, 21, 6, 20], [7, 3, 8, 2], [9, 4, 10, 5], [11, 9, 12, 8], [13, 16, 14, 17], [15, 1, 16, 24], [17, 12, 18, 13], [19, 23, 20, 22], [21, 7, 22, 6], [23, 19, 24, 18], [1, 15, 2, 14]]"
12a_0028_reversed_425,"[[1, 15, 2, 14], [3, 10, 4, 11], [5, 21, 6, 20], [7, 3, 8, 2], [9, 4, 10, 5], [11, 9, 12, 8], [13, 16, 14, 17], [15, 1, 16, 24], [17, 12, 18, 13], [19, 23, 20, 22], [21, 7, 22, 6], [23, 19, 24, 18]]"
12a_0028_reversed_426,"[[23, 19, 24, 18], [1, 15, 2, 14], [3, 10, 4, 11], [5, 21, 6, 20], [7, 3, 8, 2], [9, 4, 10, 5], [11, 9, 12, 8], [13, 16, 14, 17], [15, 1, 16, 24], [17, 12, 18, 13], [19, 23, 20, 22], [21, 7, 22, 6]]"
12a_0028_reversed_427,"[[21, 7, 22, 6], [23, 19, 24, 18], [1, 15, 2, 14], [3, 10, 4, 11], [5, 21, 6, 20], [7, 3, 8, 2], [9, 4, 10, 5], [11, 9, 12, 8], [13, 16, 14, 17], [15, 1, 16, 24], [17, 12, 18, 13], [19, 23, 20, 22]]"
12a_0028_reversed_428,"[[19, 23, 20, 22], [21, 7, 22, 6], [23, 19, 24, 18], [1, 15, 2, 14], [3, 10, 4, 11], [5, 21, 6, 20], [7, 3, 8, 2], [9, 4, 10, 5], [11, 9, 12, 8], [13, 16, 14, 17], [15, 1, 16, 24], [17, 12, 18, 13]]"
12a_0028_reversed_429,"[[17, 12, 18, 13], [19, 23, 20, 22], [21, 7, 22, 6], [23, 19, 24, 18], [1, 15, 2, 14], [3, 10, 4, 11], [5, 21, 6, 20], [7, 3, 8, 2], [9, 4, 10, 5], [11, 9, 12, 8], [13, 16, 14, 17], [15, 1, 16, 24]]"
12a_0028_reversed_430,"[[15, 1, 16, 24], [17, 12, 18, 13], [19, 23, 20, 22], [21, 7, 22, 6], [23, 19, 24, 18], [1, 15, 2, 14], [3, 10, 4, 11], [5, 21, 6, 20], [7, 3, 8, 2], [9, 4, 10, 5], [11, 9, 12, 8], [13, 16, 14, 17]]"
12a_0028_reversed_431,"[[13, 16, 14, 17], [15, 1, 16, 24], [17, 12, 18, 13], [19, 23, 20, 22], [21, 7, 22, 6], [23, 19, 24, 18], [1, 15, 2, 14], [3, 10, 4, 11], [5, 21, 6, 20], [7, 3, 8, 2], [9, 4, 10, 5], [11, 9, 12, 8]]"
12a_0028_reversed_432,"[[12, 10, 13, 9], [14, 17, 15, 18], [16, 2, 17, 1], [18, 13, 19, 14], [20, 24, 21, 23], [22, 8, 23, 7], [24, 20, 1, 19], [2, 16, 3, 15], [4, 11, 5, 12], [6, 22, 7, 21], [8, 4, 9, 3], [10, 5, 11, 6]]"
12a_0028_reversed_433,"[[10, 5, 11, 6], [12, 10, 13, 9], [14, 17, 15, 18], [16, 2, 17, 1], [18, 13, 19, 14], [20, 24, 21, 23], [22, 8, 23, 7], [24, 20, 1, 19], [2, 16, 3, 15], [4, 11, 5, 12], [6, 22, 7, 21], [8, 4, 9, 3]]"
12a_0028_reversed_434,"[[8, 4, 9, 3], [10, 5, 11, 6], [12, 10, 13, 9], [14, 17, 15, 18], [16, 2, 17, 1], [18, 13, 19, 14], [20, 24, 21, 23], [22, 8, 23, 7], [24, 20, 1, 19], [2, 16, 3, 15], [4, 11, 5, 12], [6, 22, 7, 21]]"
12a_0028_reversed_435,"[[6, 22, 7, 21], [8, 4, 9, 3], [10, 5, 11, 6], [12, 10, 13, 9], [14, 17, 15, 18], [16, 2, 17, 1], [18, 13, 19, 14], [20, 24, 21, 23], [22, 8, 23, 7], [24, 20, 1, 19], [2, 16, 3, 15], [4, 11, 5, 12]]"
12a_0028_reversed_436,"[[4, 11, 5, 12], [6, 22, 7, 21], [8, 4, 9, 3], [10, 5, 11, 6], [12, 10, 13, 9], [14, 17, 15, 18], [16, 2, 17, 1], [18, 13, 19, 14], [20, 24, 21, 23], [22, 8, 23, 7], [24, 20, 1, 19], [2, 16, 3, 15]]"
12a_0028_reversed_437,"[[2, 16, 3, 15], [4, 11, 5, 12], [6, 22, 7, 21], [8, 4, 9, 3], [10, 5, 11, 6], [12, 10, 13, 9], [14, 17, 15, 18], [16, 2, 17, 1], [18, 13, 19, 14], [20, 24, 21, 23], [22, 8, 23, 7], [24, 20, 1, 19]]"
12a_0028_reversed_438,"[[24, 20, 1, 19], [2, 16, 3, 15], [4, 11, 5, 12], [6, 22, 7, 21], [8, 4, 9, 3], [10, 5, 11, 6], [12, 10, 13, 9], [14, 17, 15, 18], [16, 2, 17, 1], [18, 13, 19, 14], [20, 24, 21, 23], [22, 8, 23, 7]]"
12a_0028_reversed_439,"[[22, 8, 23, 7], [24, 20, 1, 19], [2, 16, 3, 15], [4, 11, 5, 12], [6, 22, 7, 21], [8, 4, 9, 3], [10, 5, 11, 6], [12, 10, 13, 9], [14, 17, 15, 18], [16, 2, 17, 1], [18, 13, 19, 14], [20, 24, 21, 23]]"
12a_0028_reversed_440,"[[20, 24, 21, 23], [22, 8, 23, 7], [24, 20, 1, 19], [2, 16, 3, 15], [4, 11, 5, 12], [6, 22, 7, 21], [8, 4, 9, 3], [10, 5, 11, 6], [12, 10, 13, 9], [14, 17, 15, 18], [16, 2, 17, 1], [18, 13, 19, 14]]"
12a_0028_reversed_441,"[[18, 13, 19, 14], [20, 24, 21, 23], [22, 8, 23, 7], [24, 20, 1, 19], [2, 16, 3, 15], [4, 11, 5, 12], [6, 22, 7, 21], [8, 4, 9, 3], [10, 5, 11, 6], [12, 10, 13, 9], [14, 17, 15, 18], [16, 2, 17, 1]]"
12a_0028_reversed_442,"[[16, 2, 17, 1], [18, 13, 19, 14], [20, 24, 21, 23], [22, 8, 23, 7], [24, 20, 1, 19], [2, 16, 3, 15], [4, 11, 5, 12], [6, 22, 7, 21], [8, 4, 9, 3], [10, 5, 11, 6], [12, 10, 13, 9], [14, 17, 15, 18]]"
12a_0028_reversed_443,"[[14, 17, 15, 18], [16, 2, 17, 1], [18, 13, 19, 14], [20, 24, 21, 23], [22, 8, 23, 7], [24, 20, 1, 19], [2, 16, 3, 15], [4, 11, 5, 12], [6, 22, 7, 21], [8, 4, 9, 3], [10, 5, 11, 6], [12, 10, 13, 9]]"
12a_0028_reversed_444,"[[13, 11, 14, 10], [15, 18, 16, 19], [17, 3, 18, 2], [19, 14, 20, 15], [21, 1, 22, 24], [23, 9, 24, 8], [1, 21, 2, 20], [3, 17, 4, 16], [5, 12, 6, 13], [7, 23, 8, 22], [9, 5, 10, 4], [11, 6, 12, 7]]"
12a_0028_reversed_445,"[[11, 6, 12, 7], [13, 11, 14, 10], [15, 18, 16, 19], [17, 3, 18, 2], [19, 14, 20, 15], [21, 1, 22, 24], [23, 9, 24, 8], [1, 21, 2, 20], [3, 17, 4, 16], [5, 12, 6, 13], [7, 23, 8, 22], [9, 5, 10, 4]]"
12a_0028_reversed_446,"[[9, 5, 10, 4], [11, 6, 12, 7], [13, 11, 14, 10], [15, 18, 16, 19], [17, 3, 18, 2], [19, 14, 20, 15], [21, 1, 22, 24], [23, 9, 24, 8], [1, 21, 2, 20], [3, 17, 4, 16], [5, 12, 6, 13], [7, 23, 8, 22]]"
12a_0028_reversed_447,"[[7, 23, 8, 22], [9, 5, 10, 4], [11, 6, 12, 7], [13, 11, 14, 10], [15, 18, 16, 19], [17, 3, 18, 2], [19, 14, 20, 15], [21, 1, 22, 24], [23, 9, 24, 8], [1, 21, 2, 20], [3, 17, 4, 16], [5, 12, 6, 13]]"
12a_0028_reversed_448,"[[5, 12, 6, 13], [7, 23, 8, 22], [9, 5, 10, 4], [11, 6, 12, 7], [13, 11, 14, 10], [15, 18, 16, 19], [17, 3, 18, 2], [19, 14, 20, 15], [21, 1, 22, 24], [23, 9, 24, 8], [1, 21, 2, 20], [3, 17, 4, 16]]"
12a_0028_reversed_449,"[[3, 17, 4, 16], [5, 12, 6, 13], [7, 23, 8, 22], [9, 5, 10, 4], [11, 6, 12, 7], [13, 11, 14, 10], [15, 18, 16, 19], [17, 3, 18, 2], [19, 14, 20, 15], [21, 1, 22, 24], [23, 9, 24, 8], [1, 21, 2, 20]]"
12a_0028_reversed_450,"[[1, 21, 2, 20], [3, 17, 4, 16], [5, 12, 6, 13], [7, 23, 8, 22], [9, 5, 10, 4], [11, 6, 12, 7], [13, 11, 14, 10], [15, 18, 16, 19], [17, 3, 18, 2], [19, 14, 20, 15], [21, 1, 22, 24], [23, 9, 24, 8]]"
12a_0028_reversed_451,"[[23, 9, 24, 8], [1, 21, 2, 20], [3, 17, 4, 16], [5, 12, 6, 13], [7, 23, 8, 22], [9, 5, 10, 4], [11, 6, 12, 7], [13, 11, 14, 10], [15, 18, 16, 19], [17, 3, 18, 2], [19, 14, 20, 15], [21, 1, 22, 24]]"
12a_0028_reversed_452,"[[21, 1, 22, 24], [23, 9, 24, 8], [1, 21, 2, 20], [3, 17, 4, 16], [5, 12, 6, 13], [7, 23, 8, 22], [9, 5, 10, 4], [11, 6, 12, 7], [13, 11, 14, 10], [15, 18, 16, 19], [17, 3, 18, 2], [19, 14, 20, 15]]"
12a_0028_reversed_453,"[[19, 14, 20, 15], [21, 1, 22, 24], [23, 9, 24, 8], [1, 21, 2, 20], [3, 17, 4, 16], [5, 12, 6, 13], [7, 23, 8, 22], [9, 5, 10, 4], [11, 6, 12, 7], [13, 11, 14, 10], [15, 18, 16, 19], [17, 3, 18, 2]]"
12a_0028_reversed_454,"[[17, 3, 18, 2], [19, 14, 20, 15], [21, 1, 22, 24], [23, 9, 24, 8], [1, 21, 2, 20], [3, 17, 4, 16], [5, 12, 6, 13], [7, 23, 8, 22], [9, 5, 10, 4], [11, 6, 12, 7], [13, 11, 14, 10], [15, 18, 16, 19]]"
12a_0028_reversed_455,"[[15, 18, 16, 19], [17, 3, 18, 2], [19, 14, 20, 15], [21, 1, 22, 24], [23, 9, 24, 8], [1, 21, 2, 20], [3, 17, 4, 16], [5, 12, 6, 13], [7, 23, 8, 22], [9, 5, 10, 4], [11, 6, 12, 7], [13, 11, 14, 10]]"
12a_0028_reversed_456,"[[14, 12, 15, 11], [16, 19, 17, 20], [18, 4, 19, 3], [20, 15, 21, 16], [22, 2, 23, 1], [24, 10, 1, 9], [2, 22, 3, 21], [4, 18, 5, 17], [6, 13, 7, 14], [8, 24, 9, 23], [10, 6, 11, 5], [12, 7, 13, 8]]"
12a_0028_reversed_457,"[[12, 7, 13, 8], [14, 12, 15, 11], [16, 19, 17, 20], [18, 4, 19, 3], [20, 15, 21, 16], [22, 2, 23, 1], [24, 10, 1, 9], [2, 22, 3, 21], [4, 18, 5, 17], [6, 13, 7, 14], [8, 24, 9, 23], [10, 6, 11, 5]]"
12a_0028_reversed_458,"[[10, 6, 11, 5], [12, 7, 13, 8], [14, 12, 15, 11], [16, 19, 17, 20], [18, 4, 19, 3], [20, 15, 21, 16], [22, 2, 23, 1], [24, 10, 1, 9], [2, 22, 3, 21], [4, 18, 5, 17], [6, 13, 7, 14], [8, 24, 9, 23]]"
12a_0028_reversed_459,"[[8, 24, 9, 23], [10, 6, 11, 5], [12, 7, 13, 8], [14, 12, 15, 11], [16, 19, 17, 20], [18, 4, 19, 3], [20, 15, 21, 16], [22, 2, 23, 1], [24, 10, 1, 9], [2, 22, 3, 21], [4, 18, 5, 17], [6, 13, 7, 14]]"
12a_0028_reversed_460,"[[6, 13, 7, 14], [8, 24, 9, 23], [10, 6, 11, 5], [12, 7, 13, 8], [14, 12, 15, 11], [16, 19, 17, 20], [18, 4, 19, 3], [20, 15, 21, 16], [22, 2, 23, 1], [24, 10, 1, 9], [2, 22, 3, 21], [4, 18, 5, 17]]"
12a_0028_reversed_461,"[[4, 18, 5, 17], [6, 13, 7, 14], [8, 24, 9, 23], [10, 6, 11, 5], [12, 7, 13, 8], [14, 12, 15, 11], [16, 19, 17, 20], [18, 4, 19, 3], [20, 15, 21, 16], [22, 2, 23, 1], [24, 10, 1, 9], [2, 22, 3, 21]]"
12a_0028_reversed_462,"[[2, 22, 3, 21], [4, 18, 5, 17], [6, 13, 7, 14], [8, 24, 9, 23], [10, 6, 11, 5], [12, 7, 13, 8], [14, 12, 15, 11], [16, 19, 17, 20], [18, 4, 19, 3], [20, 15, 21, 16], [22, 2, 23, 1], [24, 10, 1, 9]]"
12a_0028_reversed_463,"[[24, 10, 1, 9], [2, 22, 3, 21], [4, 18, 5, 17], [6, 13, 7, 14], [8, 24, 9, 23], [10, 6, 11, 5], [12, 7, 13, 8], [14, 12, 15, 11], [16, 19, 17, 20], [18, 4, 19, 3], [20, 15, 21, 16], [22, 2, 23, 1]]"
12a_0028_reversed_464,"[[22, 2, 23, 1], [24, 10, 1, 9], [2, 22, 3, 21], [4, 18, 5, 17], [6, 13, 7, 14], [8, 24, 9, 23], [10, 6, 11, 5], [12, 7, 13, 8], [14, 12, 15, 11], [16, 19, 17, 20], [18, 4, 19, 3], [20, 15, 21, 16]]"
12a_0028_reversed_465,"[[20, 15, 21, 16], [22, 2, 23, 1], [24, 10, 1, 9], [2, 22, 3, 21], [4, 18, 5, 17], [6, 13, 7, 14], [8, 24, 9, 23], [10, 6, 11, 5], [12, 7, 13, 8], [14, 12, 15, 11], [16, 19, 17, 20], [18, 4, 19, 3]]"
12a_0028_reversed_466,"[[18, 4, 19, 3], [20, 15, 21, 16], [22, 2, 23, 1], [24, 10, 1, 9], [2, 22, 3, 21], [4, 18, 5, 17], [6, 13, 7, 14], [8, 24, 9, 23], [10, 6, 11, 5], [12, 7, 13, 8], [14, 12, 15, 11], [16, 19, 17, 20]]"
12a_0028_reversed_467,"[[16, 19, 17, 20], [18, 4, 19, 3], [20, 15, 21, 16], [22, 2, 23, 1], [24, 10, 1, 9], [2, 22, 3, 21], [4, 18, 5, 17], [6, 13, 7, 14], [8, 24, 9, 23], [10, 6, 11, 5], [12, 7, 13, 8], [14, 12, 15, 11]]"
12a_0028_reversed_468,"[[15, 13, 16, 12], [17, 20, 18, 21], [19, 5, 20, 4], [21, 16, 22, 17], [23, 3, 24, 2], [1, 11, 2, 10], [3, 23, 4, 22], [5, 19, 6, 18], [7, 14, 8, 15], [9, 1, 10, 24], [11, 7, 12, 6], [13, 8, 14, 9]]"
12a_0028_reversed_469,"[[13, 8, 14, 9], [15, 13, 16, 12], [17, 20, 18, 21], [19, 5, 20, 4], [21, 16, 22, 17], [23, 3, 24, 2], [1, 11, 2, 10], [3, 23, 4, 22], [5, 19, 6, 18], [7, 14, 8, 15], [9, 1, 10, 24], [11, 7, 12, 6]]"
12a_0028_reversed_470,"[[11, 7, 12, 6], [13, 8, 14, 9], [15, 13, 16, 12], [17, 20, 18, 21], [19, 5, 20, 4], [21, 16, 22, 17], [23, 3, 24, 2], [1, 11, 2, 10], [3, 23, 4, 22], [5, 19, 6, 18], [7, 14, 8, 15], [9, 1, 10, 24]]"
12a_0028_reversed_471,"[[9, 1, 10, 24], [11, 7, 12, 6], [13, 8, 14, 9], [15, 13, 16, 12], [17, 20, 18, 21], [19, 5, 20, 4], [21, 16, 22, 17], [23, 3, 24, 2], [1, 11, 2, 10], [3, 23, 4, 22], [5, 19, 6, 18], [7, 14, 8, 15]]"
12a_0028_reversed_472,"[[7, 14, 8, 15], [9, 1, 10, 24], [11, 7, 12, 6], [13, 8, 14, 9], [15, 13, 16, 12], [17, 20, 18, 21], [19, 5, 20, 4], [21, 16, 22, 17], [23, 3, 24, 2], [1, 11, 2, 10], [3, 23, 4, 22], [5, 19, 6, 18]]"
12a_0028_reversed_473,"[[5, 19, 6, 18], [7, 14, 8, 15], [9, 1, 10, 24], [11, 7, 12, 6], [13, 8, 14, 9], [15, 13, 16, 12], [17, 20, 18, 21], [19, 5, 20, 4], [21, 16, 22, 17], [23, 3, 24, 2], [1, 11, 2, 10], [3, 23, 4, 22]]"
12a_0028_reversed_474,"[[3, 23, 4, 22], [5, 19, 6, 18], [7, 14, 8, 15], [9, 1, 10, 24], [11, 7, 12, 6], [13, 8, 14, 9], [15, 13, 16, 12], [17, 20, 18, 21], [19, 5, 20, 4], [21, 16, 22, 17], [23, 3, 24, 2], [1, 11, 2, 10]]"
12a_0028_reversed_475,"[[1, 11, 2, 10], [3, 23, 4, 22], [5, 19, 6, 18], [7, 14, 8, 15], [9, 1, 10, 24], [11, 7, 12, 6], [13, 8, 14, 9], [15, 13, 16, 12], [17, 20, 18, 21], [19, 5, 20, 4], [21, 16, 22, 17], [23, 3, 24, 2]]"
12a_0028_reversed_476,"[[23, 3, 24, 2], [1, 11, 2, 10], [3, 23, 4, 22], [5, 19, 6, 18], [7, 14, 8, 15], [9, 1, 10, 24], [11, 7, 12, 6], [13, 8, 14, 9], [15, 13, 16, 12], [17, 20, 18, 21], [19, 5, 20, 4], [21, 16, 22, 17]]"
12a_0028_reversed_477,"[[21, 16, 22, 17], [23, 3, 24, 2], [1, 11, 2, 10], [3, 23, 4, 22], [5, 19, 6, 18], [7, 14, 8, 15], [9, 1, 10, 24], [11, 7, 12, 6], [13, 8, 14, 9], [15, 13, 16, 12], [17, 20, 18, 21], [19, 5, 20, 4]]"
12a_0028_reversed_478,"[[19, 5, 20, 4], [21, 16, 22, 17], [23, 3, 24, 2], [1, 11, 2, 10], [3, 23, 4, 22], [5, 19, 6, 18], [7, 14, 8, 15], [9, 1, 10, 24], [11, 7, 12, 6], [13, 8, 14, 9], [15, 13, 16, 12], [17, 20, 18, 21]]"
12a_0028_reversed_479,"[[17, 20, 18, 21], [19, 5, 20, 4], [21, 16, 22, 17], [23, 3, 24, 2], [1, 11, 2, 10], [3, 23, 4, 22], [5, 19, 6, 18], [7, 14, 8, 15], [9, 1, 10, 24], [11, 7, 12, 6], [13, 8, 14, 9], [15, 13, 16, 12]]"
12a_0028_reversed_480,"[[16, 14, 17, 13], [18, 21, 19, 22], [20, 6, 21, 5], [22, 17, 23, 18], [24, 4, 1, 3], [2, 12, 3, 11], [4, 24, 5, 23], [6, 20, 7, 19], [8, 15, 9, 16], [10, 2, 11, 1], [12, 8, 13, 7], [14, 9, 15, 10]]"
12a_0028_reversed_481,"[[14, 9, 15, 10], [16, 14, 17, 13], [18, 21, 19, 22], [20, 6, 21, 5], [22, 17, 23, 18], [24, 4, 1, 3], [2, 12, 3, 11], [4, 24, 5, 23], [6, 20, 7, 19], [8, 15, 9, 16], [10, 2, 11, 1], [12, 8, 13, 7]]"
12a_0028_reversed_482,"[[12, 8, 13, 7], [14, 9, 15, 10], [16, 14, 17, 13], [18, 21, 19, 22], [20, 6, 21, 5], [22, 17, 23, 18], [24, 4, 1, 3], [2, 12, 3, 11], [4, 24, 5, 23], [6, 20, 7, 19], [8, 15, 9, 16], [10, 2, 11, 1]]"
12a_0028_reversed_483,"[[10, 2, 11, 1], [12, 8, 13, 7], [14, 9, 15, 10], [16, 14, 17, 13], [18, 21, 19, 22], [20, 6, 21, 5], [22, 17, 23, 18], [24, 4, 1, 3], [2, 12, 3, 11], [4, 24, 5, 23], [6, 20, 7, 19], [8, 15, 9, 16]]"
12a_0028_reversed_484,"[[8, 15, 9, 16], [10, 2, 11, 1], [12, 8, 13, 7], [14, 9, 15, 10], [16, 14, 17, 13], [18, 21, 19, 22], [20, 6, 21, 5], [22, 17, 23, 18], [24, 4, 1, 3], [2, 12, 3, 11], [4, 24, 5, 23], [6, 20, 7, 19]]"
12a_0028_reversed_485,"[[6, 20, 7, 19], [8, 15, 9, 16], [10, 2, 11, 1], [12, 8, 13, 7], [14, 9, 15, 10], [16, 14, 17, 13], [18, 21, 19, 22], [20, 6, 21, 5], [22, 17, 23, 18], [24, 4, 1, 3], [2, 12, 3, 11], [4, 24, 5, 23]]"
12a_0028_reversed_486,"[[4, 24, 5, 23], [6, 20, 7, 19], [8, 15, 9, 16], [10, 2, 11, 1], [12, 8, 13, 7], [14, 9, 15, 10], [16, 14, 17, 13], [18, 21, 19, 22], [20, 6, 21, 5], [22, 17, 23, 18], [24, 4, 1, 3], [2, 12, 3, 11]]"
12a_0028_reversed_487,"[[2, 12, 3, 11], [4, 24, 5, 23], [6, 20, 7, 19], [8, 15, 9, 16], [10, 2, 11, 1], [12, 8, 13, 7], [14, 9, 15, 10], [16, 14, 17, 13], [18, 21, 19, 22], [20, 6, 21, 5], [22, 17, 23, 18], [24, 4, 1, 3]]"
12a_0028_reversed_488,"[[24, 4, 1, 3], [2, 12, 3, 11], [4, 24, 5, 23], [6, 20, 7, 19], [8, 15, 9, 16], [10, 2, 11, 1], [12, 8, 13, 7], [14, 9, 15, 10], [16, 14, 17, 13], [18, 21, 19, 22], [20, 6, 21, 5], [22, 17, 23, 18]]"
12a_0028_reversed_489,"[[22, 17, 23, 18], [24, 4, 1, 3], [2, 12, 3, 11], [4, 24, 5, 23], [6, 20, 7, 19], [8, 15, 9, 16], [10, 2, 11, 1], [12, 8, 13, 7], [14, 9, 15, 10], [16, 14, 17, 13], [18, 21, 19, 22], [20, 6, 21, 5]]"
12a_0028_reversed_490,"[[20, 6, 21, 5], [22, 17, 23, 18], [24, 4, 1, 3], [2, 12, 3, 11], [4, 24, 5, 23], [6, 20, 7, 19], [8, 15, 9, 16], [10, 2, 11, 1], [12, 8, 13, 7], [14, 9, 15, 10], [16, 14, 17, 13], [18, 21, 19, 22]]"
12a_0028_reversed_491,"[[18, 21, 19, 22], [20, 6, 21, 5], [22, 17, 23, 18], [24, 4, 1, 3], [2, 12, 3, 11], [4, 24, 5, 23], [6, 20, 7, 19], [8, 15, 9, 16], [10, 2, 11, 1], [12, 8, 13, 7], [14, 9, 15, 10], [16, 14, 17, 13]]"
12a_0028_reversed_492,"[[17, 15, 18, 14], [19, 22, 20, 23], [21, 7, 22, 6], [23, 18, 24, 19], [1, 5, 2, 4], [3, 13, 4, 12], [5, 1, 6, 24], [7, 21, 8, 20], [9, 16, 10, 17], [11, 3, 12, 2], [13, 9, 14, 8], [15, 10, 16, 11]]"
12a_0028_reversed_493,"[[15, 10, 16, 11], [17, 15, 18, 14], [19, 22, 20, 23], [21, 7, 22, 6], [23, 18, 24, 19], [1, 5, 2, 4], [3, 13, 4, 12], [5, 1, 6, 24], [7, 21, 8, 20], [9, 16, 10, 17], [11, 3, 12, 2], [13, 9, 14, 8]]"
12a_0028_reversed_494,"[[13, 9, 14, 8], [15, 10, 16, 11], [17, 15, 18, 14], [19, 22, 20, 23], [21, 7, 22, 6], [23, 18, 24, 19], [1, 5, 2, 4], [3, 13, 4, 12], [5, 1, 6, 24], [7, 21, 8, 20], [9, 16, 10, 17], [11, 3, 12, 2]]"
12a_0028_reversed_495,"[[11, 3, 12, 2], [13, 9, 14, 8], [15, 10, 16, 11], [17, 15, 18, 14], [19, 22, 20, 23], [21, 7, 22, 6], [23, 18, 24, 19], [1, 5, 2, 4], [3, 13, 4, 12], [5, 1, 6, 24], [7, 21, 8, 20], [9, 16, 10, 17]]"
12a_0028_reversed_496,"[[9, 16, 10, 17], [11, 3, 12, 2], [13, 9, 14, 8], [15, 10, 16, 11], [17, 15, 18, 14], [19, 22, 20, 23], [21, 7, 22, 6], [23, 18, 24, 19], [1, 5, 2, 4], [3, 13, 4, 12], [5, 1, 6, 24], [7, 21, 8, 20]]"
12a_0028_reversed_497,"[[7, 21, 8, 20], [9, 16, 10, 17], [11, 3, 12, 2], [13, 9, 14, 8], [15, 10, 16, 11], [17, 15, 18, 14], [19, 22, 20, 23], [21, 7, 22, 6], [23, 18, 24, 19], [1, 5, 2, 4], [3, 13, 4, 12], [5, 1, 6, 24]]"
12a_0028_reversed_498,"[[5, 1, 6, 24], [7, 21, 8, 20], [9, 16, 10, 17], [11, 3, 12, 2], [13, 9, 14, 8], [15, 10, 16, 11], [17, 15, 18, 14], [19, 22, 20, 23], [21, 7, 22, 6], [23, 18, 24, 19], [1, 5, 2, 4], [3, 13, 4, 12]]"
12a_0028_reversed_499,"[[3, 13, 4, 12], [5, 1, 6, 24], [7, 21, 8, 20], [9, 16, 10, 17], [11, 3, 12, 2], [13, 9, 14, 8], [15, 10, 16, 11], [17, 15, 18, 14], [19, 22, 20, 23], [21, 7, 22, 6], [23, 18, 24, 19], [1, 5, 2, 4]]"
12a_0028_reversed_500,"[[1, 5, 2, 4], [3, 13, 4, 12], [5, 1, 6, 24], [7, 21, 8, 20], [9, 16, 10, 17], [11, 3, 12, 2], [13, 9, 14, 8], [15, 10, 16, 11], [17, 15, 18, 14], [19, 22, 20, 23], [21, 7, 22, 6], [23, 18, 24, 19]]"
12a_0028_reversed_501,"[[23, 18, 24, 19], [1, 5, 2, 4], [3, 13, 4, 12], [5, 1, 6, 24], [7, 21, 8, 20], [9, 16, 10, 17], [11, 3, 12, 2], [13, 9, 14, 8], [15, 10, 16, 11], [17, 15, 18, 14], [19, 22, 20, 23], [21, 7, 22, 6]]"
12a_0028_reversed_502,"[[21, 7, 22, 6], [23, 18, 24, 19], [1, 5, 2, 4], [3, 13, 4, 12], [5, 1, 6, 24], [7, 21, 8, 20], [9, 16, 10, 17], [11, 3, 12, 2], [13, 9, 14, 8], [15, 10, 16, 11], [17, 15, 18, 14], [19, 22, 20, 23]]"
12a_0028_reversed_503,"[[19, 22, 20, 23], [21, 7, 22, 6], [23, 18, 24, 19], [1, 5, 2, 4], [3, 13, 4, 12], [5, 1, 6, 24], [7, 21, 8, 20], [9, 16, 10, 17], [11, 3, 12, 2], [13, 9, 14, 8], [15, 10, 16, 11], [17, 15, 18, 14]]"
12a_0028_reversed_504,"[[18, 16, 19, 15], [20, 23, 21, 24], [22, 8, 23, 7], [24, 19, 1, 20], [2, 6, 3, 5], [4, 14, 5, 13], [6, 2, 7, 1], [8, 22, 9, 21], [10, 17, 11, 18], [12, 4, 13, 3], [14, 10, 15, 9], [16, 11, 17, 12]]"
12a_0028_reversed_505,"[[16, 11, 17, 12], [18, 16, 19, 15], [20, 23, 21, 24], [22, 8, 23, 7], [24, 19, 1, 20], [2, 6, 3, 5], [4, 14, 5, 13], [6, 2, 7, 1], [8, 22, 9, 21], [10, 17, 11, 18], [12, 4, 13, 3], [14, 10, 15, 9]]"
12a_0028_reversed_506,"[[14, 10, 15, 9], [16, 11, 17, 12], [18, 16, 19, 15], [20, 23, 21, 24], [22, 8, 23, 7], [24, 19, 1, 20], [2, 6, 3, 5], [4, 14, 5, 13], [6, 2, 7, 1], [8, 22, 9, 21], [10, 17, 11, 18], [12, 4, 13, 3]]"
12a_0028_reversed_507,"[[12, 4, 13, 3], [14, 10, 15, 9], [16, 11, 17, 12], [18, 16, 19, 15], [20, 23, 21, 24], [22, 8, 23, 7], [24, 19, 1, 20], [2, 6, 3, 5], [4, 14, 5, 13], [6, 2, 7, 1], [8, 22, 9, 21], [10, 17, 11, 18]]"
12a_0028_reversed_508,"[[10, 17, 11, 18], [12, 4, 13, 3], [14, 10, 15, 9], [16, 11, 17, 12], [18, 16, 19, 15], [20, 23, 21, 24], [22, 8, 23, 7], [24, 19, 1, 20], [2, 6, 3, 5], [4, 14, 5, 13], [6, 2, 7, 1], [8, 22, 9, 21]]"
12a_0028_reversed_509,"[[8, 22, 9, 21], [10, 17, 11, 18], [12, 4, 13, 3], [14, 10, 15, 9], [16, 11, 17, 12], [18, 16, 19, 15], [20, 23, 21, 24], [22, 8, 23, 7], [24, 19, 1, 20], [2, 6, 3, 5], [4, 14, 5, 13], [6, 2, 7, 1]]"
12a_0028_reversed_510,"[[6, 2, 7, 1], [8, 22, 9, 21], [10, 17, 11, 18], [12, 4, 13, 3], [14, 10, 15, 9], [16, 11, 17, 12], [18, 16, 19, 15], [20, 23, 21, 24], [22, 8, 23, 7], [24, 19, 1, 20], [2, 6, 3, 5], [4, 14, 5, 13]]"
12a_0028_reversed_511,"[[4, 14, 5, 13], [6, 2, 7, 1], [8, 22, 9, 21], [10, 17, 11, 18], [12, 4, 13, 3], [14, 10, 15, 9], [16, 11, 17, 12], [18, 16, 19, 15], [20, 23, 21, 24], [22, 8, 23, 7], [24, 19, 1, 20], [2, 6, 3, 5]]"
12a_0028_reversed_512,"[[2, 6, 3, 5], [4, 14, 5, 13], [6, 2, 7, 1], [8, 22, 9, 21], [10, 17, 11, 18], [12, 4, 13, 3], [14, 10, 15, 9], [16, 11, 17, 12], [18, 16, 19, 15], [20, 23, 21, 24], [22, 8, 23, 7], [24, 19, 1, 20]]"
12a_0028_reversed_513,"[[24, 19, 1, 20], [2, 6, 3, 5], [4, 14, 5, 13], [6, 2, 7, 1], [8, 22, 9, 21], [10, 17, 11, 18], [12, 4, 13, 3], [14, 10, 15, 9], [16, 11, 17, 12], [18, 16, 19, 15], [20, 23, 21, 24], [22, 8, 23, 7]]"
12a_0028_reversed_514,"[[22, 8, 23, 7], [24, 19, 1, 20], [2, 6, 3, 5], [4, 14, 5, 13], [6, 2, 7, 1], [8, 22, 9, 21], [10, 17, 11, 18], [12, 4, 13, 3], [14, 10, 15, 9], [16, 11, 17, 12], [18, 16, 19, 15], [20, 23, 21, 24]]"
12a_0028_reversed_515,"[[20, 23, 21, 24], [22, 8, 23, 7], [24, 19, 1, 20], [2, 6, 3, 5], [4, 14, 5, 13], [6, 2, 7, 1], [8, 22, 9, 21], [10, 17, 11, 18], [12, 4, 13, 3], [14, 10, 15, 9], [16, 11, 17, 12], [18, 16, 19, 15]]"
12a_0028_reversed_516,"[[19, 17, 20, 16], [21, 24, 22, 1], [23, 9, 24, 8], [1, 20, 2, 21], [3, 7, 4, 6], [5, 15, 6, 14], [7, 3, 8, 2], [9, 23, 10, 22], [11, 18, 12, 19], [13, 5, 14, 4], [15, 11, 16, 10], [17, 12, 18, 13]]"
12a_0028_reversed_517,"[[17, 12, 18, 13], [19, 17, 20, 16], [21, 24, 22, 1], [23, 9, 24, 8], [1, 20, 2, 21], [3, 7, 4, 6], [5, 15, 6, 14], [7, 3, 8, 2], [9, 23, 10, 22], [11, 18, 12, 19], [13, 5, 14, 4], [15, 11, 16, 10]]"
12a_0028_reversed_518,"[[15, 11, 16, 10], [17, 12, 18, 13], [19, 17, 20, 16], [21, 24, 22, 1], [23, 9, 24, 8], [1, 20, 2, 21], [3, 7, 4, 6], [5, 15, 6, 14], [7, 3, 8, 2], [9, 23, 10, 22], [11, 18, 12, 19], [13, 5, 14, 4]]"
12a_0028_reversed_519,"[[13, 5, 14, 4], [15, 11, 16, 10], [17, 12, 18, 13], [19, 17, 20, 16], [21, 24, 22, 1], [23, 9, 24, 8], [1, 20, 2, 21], [3, 7, 4, 6], [5, 15, 6, 14], [7, 3, 8, 2], [9, 23, 10, 22], [11, 18, 12, 19]]"
12a_0028_reversed_520,"[[11, 18, 12, 19], [13, 5, 14, 4], [15, 11, 16, 10], [17, 12, 18, 13], [19, 17, 20, 16], [21, 24, 22, 1], [23, 9, 24, 8], [1, 20, 2, 21], [3, 7, 4, 6], [5, 15, 6, 14], [7, 3, 8, 2], [9, 23, 10, 22]]"
12a_0028_reversed_521,"[[9, 23, 10, 22], [11, 18, 12, 19], [13, 5, 14, 4], [15, 11, 16, 10], [17, 12, 18, 13], [19, 17, 20, 16], [21, 24, 22, 1], [23, 9, 24, 8], [1, 20, 2, 21], [3, 7, 4, 6], [5, 15, 6, 14], [7, 3, 8, 2]]"
12a_0028_reversed_522,"[[7, 3, 8, 2], [9, 23, 10, 22], [11, 18, 12, 19], [13, 5, 14, 4], [15, 11, 16, 10], [17, 12, 18, 13], [19, 17, 20, 16], [21, 24, 22, 1], [23, 9, 24, 8], [1, 20, 2, 21], [3, 7, 4, 6], [5, 15, 6, 14]]"
12a_0028_reversed_523,"[[5, 15, 6, 14], [7, 3, 8, 2], [9, 23, 10, 22], [11, 18, 12, 19], [13, 5, 14, 4], [15, 11, 16, 10], [17, 12, 18, 13], [19, 17, 20, 16], [21, 24, 22, 1], [23, 9, 24, 8], [1, 20, 2, 21], [3, 7, 4, 6]]"
12a_0028_reversed_524,"[[3, 7, 4, 6], [5, 15, 6, 14], [7, 3, 8, 2], [9, 23, 10, 22], [11, 18, 12, 19], [13, 5, 14, 4], [15, 11, 16, 10], [17, 12, 18, 13], [19, 17, 20, 16], [21, 24, 22, 1], [23, 9, 24, 8], [1, 20, 2, 21]]"
12a_0028_reversed_525,"[[1, 20, 2, 21], [3, 7, 4, 6], [5, 15, 6, 14], [7, 3, 8, 2], [9, 23, 10, 22], [11, 18, 12, 19], [13, 5, 14, 4], [15, 11, 16, 10], [17, 12, 18, 13], [19, 17, 20, 16], [21, 24, 22, 1], [23, 9, 24, 8]]"
12a_0028_reversed_526,"[[23, 9, 24, 8], [1, 20, 2, 21], [3, 7, 4, 6], [5, 15, 6, 14], [7, 3, 8, 2], [9, 23, 10, 22], [11, 18, 12, 19], [13, 5, 14, 4], [15, 11, 16, 10], [17, 12, 18, 13], [19, 17, 20, 16], [21, 24, 22, 1]]"
12a_0028_reversed_527,"[[21, 24, 22, 1], [23, 9, 24, 8], [1, 20, 2, 21], [3, 7, 4, 6], [5, 15, 6, 14], [7, 3, 8, 2], [9, 23, 10, 22], [11, 18, 12, 19], [13, 5, 14, 4], [15, 11, 16, 10], [17, 12, 18, 13], [19, 17, 20, 16]]"
12a_0028_reversed_528,"[[20, 18, 21, 17], [22, 1, 23, 2], [24, 10, 1, 9], [2, 21, 3, 22], [4, 8, 5, 7], [6, 16, 7, 15], [8, 4, 9, 3], [10, 24, 11, 23], [12, 19, 13, 20], [14, 6, 15, 5], [16, 12, 17, 11], [18, 13, 19, 14]]"
12a_0028_reversed_529,"[[18, 13, 19, 14], [20, 18, 21, 17], [22, 1, 23, 2], [24, 10, 1, 9], [2, 21, 3, 22], [4, 8, 5, 7], [6, 16, 7, 15], [8, 4, 9, 3], [10, 24, 11, 23], [12, 19, 13, 20], [14, 6, 15, 5], [16, 12, 17, 11]]"
12a_0028_reversed_530,"[[16, 12, 17, 11], [18, 13, 19, 14], [20, 18, 21, 17], [22, 1, 23, 2], [24, 10, 1, 9], [2, 21, 3, 22], [4, 8, 5, 7], [6, 16, 7, 15], [8, 4, 9, 3], [10, 24, 11, 23], [12, 19, 13, 20], [14, 6, 15, 5]]"
12a_0028_reversed_531,"[[14, 6, 15, 5], [16, 12, 17, 11], [18, 13, 19, 14], [20, 18, 21, 17], [22, 1, 23, 2], [24, 10, 1, 9], [2, 21, 3, 22], [4, 8, 5, 7], [6, 16, 7, 15], [8, 4, 9, 3], [10, 24, 11, 23], [12, 19, 13, 20]]"
12a_0028_reversed_532,"[[12, 19, 13, 20], [14, 6, 15, 5], [16, 12, 17, 11], [18, 13, 19, 14], [20, 18, 21, 17], [22, 1, 23, 2], [24, 10, 1, 9], [2, 21, 3, 22], [4, 8, 5, 7], [6, 16, 7, 15], [8, 4, 9, 3], [10, 24, 11, 23]]"
12a_0028_reversed_533,"[[10, 24, 11, 23], [12, 19, 13, 20], [14, 6, 15, 5], [16, 12, 17, 11], [18, 13, 19, 14], [20, 18, 21, 17], [22, 1, 23, 2], [24, 10, 1, 9], [2, 21, 3, 22], [4, 8, 5, 7], [6, 16, 7, 15], [8, 4, 9, 3]]"
12a_0028_reversed_534,"[[8, 4, 9, 3], [10, 24, 11, 23], [12, 19, 13, 20], [14, 6, 15, 5], [16, 12, 17, 11], [18, 13, 19, 14], [20, 18, 21, 17], [22, 1, 23, 2], [24, 10, 1, 9], [2, 21, 3, 22], [4, 8, 5, 7], [6, 16, 7, 15]]"
12a_0028_reversed_535,"[[6, 16, 7, 15], [8, 4, 9, 3], [10, 24, 11, 23], [12, 19, 13, 20], [14, 6, 15, 5], [16, 12, 17, 11], [18, 13, 19, 14], [20, 18, 21, 17], [22, 1, 23, 2], [24, 10, 1, 9], [2, 21, 3, 22], [4, 8, 5, 7]]"
12a_0028_reversed_536,"[[4, 8, 5, 7], [6, 16, 7, 15], [8, 4, 9, 3], [10, 24, 11, 23], [12, 19, 13, 20], [14, 6, 15, 5], [16, 12, 17, 11], [18, 13, 19, 14], [20, 18, 21, 17], [22, 1, 23, 2], [24, 10, 1, 9], [2, 21, 3, 22]]"
12a_0028_reversed_537,"[[2, 21, 3, 22], [4, 8, 5, 7], [6, 16, 7, 15], [8, 4, 9, 3], [10, 24, 11, 23], [12, 19, 13, 20], [14, 6, 15, 5], [16, 12, 17, 11], [18, 13, 19, 14], [20, 18, 21, 17], [22, 1, 23, 2], [24, 10, 1, 9]]"
12a_0028_reversed_538,"[[24, 10, 1, 9], [2, 21, 3, 22], [4, 8, 5, 7], [6, 16, 7, 15], [8, 4, 9, 3], [10, 24, 11, 23], [12, 19, 13, 20], [14, 6, 15, 5], [16, 12, 17, 11], [18, 13, 19, 14], [20, 18, 21, 17], [22, 1, 23, 2]]"
12a_0028_reversed_539,"[[22, 1, 23, 2], [24, 10, 1, 9], [2, 21, 3, 22], [4, 8, 5, 7], [6, 16, 7, 15], [8, 4, 9, 3], [10, 24, 11, 23], [12, 19, 13, 20], [14, 6, 15, 5], [16, 12, 17, 11], [18, 13, 19, 14], [20, 18, 21, 17]]"
12a_0028_reversed_540,"[[21, 19, 22, 18], [23, 2, 24, 3], [1, 11, 2, 10], [3, 22, 4, 23], [5, 9, 6, 8], [7, 17, 8, 16], [9, 5, 10, 4], [11, 1, 12, 24], [13, 20, 14, 21], [15, 7, 16, 6], [17, 13, 18, 12], [19, 14, 20, 15]]"
12a_0028_reversed_541,"[[19, 14, 20, 15], [21, 19, 22, 18], [23, 2, 24, 3], [1, 11, 2, 10], [3, 22, 4, 23], [5, 9, 6, 8], [7, 17, 8, 16], [9, 5, 10, 4], [11, 1, 12, 24], [13, 20, 14, 21], [15, 7, 16, 6], [17, 13, 18, 12]]"
12a_0028_reversed_542,"[[17, 13, 18, 12], [19, 14, 20, 15], [21, 19, 22, 18], [23, 2, 24, 3], [1, 11, 2, 10], [3, 22, 4, 23], [5, 9, 6, 8], [7, 17, 8, 16], [9, 5, 10, 4], [11, 1, 12, 24], [13, 20, 14, 21], [15, 7, 16, 6]]"
12a_0028_reversed_543,"[[15, 7, 16, 6], [17, 13, 18, 12], [19, 14, 20, 15], [21, 19, 22, 18], [23, 2, 24, 3], [1, 11, 2, 10], [3, 22, 4, 23], [5, 9, 6, 8], [7, 17, 8, 16], [9, 5, 10, 4], [11, 1, 12, 24], [13, 20, 14, 21]]"
12a_0028_reversed_544,"[[13, 20, 14, 21], [15, 7, 16, 6], [17, 13, 18, 12], [19, 14, 20, 15], [21, 19, 22, 18], [23, 2, 24, 3], [1, 11, 2, 10], [3, 22, 4, 23], [5, 9, 6, 8], [7, 17, 8, 16], [9, 5, 10, 4], [11, 1, 12, 24]]"
12a_0028_reversed_545,"[[11, 1, 12, 24], [13, 20, 14, 21], [15, 7, 16, 6], [17, 13, 18, 12], [19, 14, 20, 15], [21, 19, 22, 18], [23, 2, 24, 3], [1, 11, 2, 10], [3, 22, 4, 23], [5, 9, 6, 8], [7, 17, 8, 16], [9, 5, 10, 4]]"
12a_0028_reversed_546,"[[9, 5, 10, 4], [11, 1, 12, 24], [13, 20, 14, 21], [15, 7, 16, 6], [17, 13, 18, 12], [19, 14, 20, 15], [21, 19, 22, 18], [23, 2, 24, 3], [1, 11, 2, 10], [3, 22, 4, 23], [5, 9, 6, 8], [7, 17, 8, 16]]"
12a_0028_reversed_547,"[[7, 17, 8, 16], [9, 5, 10, 4], [11, 1, 12, 24], [13, 20, 14, 21], [15, 7, 16, 6], [17, 13, 18, 12], [19, 14, 20, 15], [21, 19, 22, 18], [23, 2, 24, 3], [1, 11, 2, 10], [3, 22, 4, 23], [5, 9, 6, 8]]"
12a_0028_reversed_548,"[[5, 9, 6, 8], [7, 17, 8, 16], [9, 5, 10, 4], [11, 1, 12, 24], [13, 20, 14, 21], [15, 7, 16, 6], [17, 13, 18, 12], [19, 14, 20, 15], [21, 19, 22, 18], [23, 2, 24, 3], [1, 11, 2, 10], [3, 22, 4, 23]]"
12a_0028_reversed_549,"[[3, 22, 4, 23], [5, 9, 6, 8], [7, 17, 8, 16], [9, 5, 10, 4], [11, 1, 12, 24], [13, 20, 14, 21], [15, 7, 16, 6], [17, 13, 18, 12], [19, 14, 20, 15], [21, 19, 22, 18], [23, 2, 24, 3], [1, 11, 2, 10]]"
12a_0028_reversed_550,"[[1, 11, 2, 10], [3, 22, 4, 23], [5, 9, 6, 8], [7, 17, 8, 16], [9, 5, 10, 4], [11, 1, 12, 24], [13, 20, 14, 21], [15, 7, 16, 6], [17, 13, 18, 12], [19, 14, 20, 15], [21, 19, 22, 18], [23, 2, 24, 3]]"
12a_0028_reversed_551,"[[23, 2, 24, 3], [1, 11, 2, 10], [3, 22, 4, 23], [5, 9, 6, 8], [7, 17, 8, 16], [9, 5, 10, 4], [11, 1, 12, 24], [13, 20, 14, 21], [15, 7, 16, 6], [17, 13, 18, 12], [19, 14, 20, 15], [21, 19, 22, 18]]"
12a_0028_reversed_552,"[[22, 20, 23, 19], [24, 3, 1, 4], [2, 12, 3, 11], [4, 23, 5, 24], [6, 10, 7, 9], [8, 18, 9, 17], [10, 6, 11, 5], [12, 2, 13, 1], [14, 21, 15, 22], [16, 8, 17, 7], [18, 14, 19, 13], [20, 15, 21, 16]]"
12a_0028_reversed_553,"[[20, 15, 21, 16], [22, 20, 23, 19], [24, 3, 1, 4], [2, 12, 3, 11], [4, 23, 5, 24], [6, 10, 7, 9], [8, 18, 9, 17], [10, 6, 11, 5], [12, 2, 13, 1], [14, 21, 15, 22], [16, 8, 17, 7], [18, 14, 19, 13]]"
12a_0028_reversed_554,"[[18, 14, 19, 13], [20, 15, 21, 16], [22, 20, 23, 19], [24, 3, 1, 4], [2, 12, 3, 11], [4, 23, 5, 24], [6, 10, 7, 9], [8, 18, 9, 17], [10, 6, 11, 5], [12, 2, 13, 1], [14, 21, 15, 22], [16, 8, 17, 7]]"
12a_0028_reversed_555,"[[16, 8, 17, 7], [18, 14, 19, 13], [20, 15, 21, 16], [22, 20, 23, 19], [24, 3, 1, 4], [2, 12, 3, 11], [4, 23, 5, 24], [6, 10, 7, 9], [8, 18, 9, 17], [10, 6, 11, 5], [12, 2, 13, 1], [14, 21, 15, 22]]"
12a_0028_reversed_556,"[[14, 21, 15, 22], [16, 8, 17, 7], [18, 14, 19, 13], [20, 15, 21, 16], [22, 20, 23, 19], [24, 3, 1, 4], [2, 12, 3, 11], [4, 23, 5, 24], [6, 10, 7, 9], [8, 18, 9, 17], [10, 6, 11, 5], [12, 2, 13, 1]]"
12a_0028_reversed_557,"[[12, 2, 13, 1], [14, 21, 15, 22], [16, 8, 17, 7], [18, 14, 19, 13], [20, 15, 21, 16], [22, 20, 23, 19], [24, 3, 1, 4], [2, 12, 3, 11], [4, 23, 5, 24], [6, 10, 7, 9], [8, 18, 9, 17], [10, 6, 11, 5]]"
12a_0028_reversed_558,"[[10, 6, 11, 5], [12, 2, 13, 1], [14, 21, 15, 22], [16, 8, 17, 7], [18, 14, 19, 13], [20, 15, 21, 16], [22, 20, 23, 19], [24, 3, 1, 4], [2, 12, 3, 11], [4, 23, 5, 24], [6, 10, 7, 9], [8, 18, 9, 17]]"
12a_0028_reversed_559,"[[8, 18, 9, 17], [10, 6, 11, 5], [12, 2, 13, 1], [14, 21, 15, 22], [16, 8, 17, 7], [18, 14, 19, 13], [20, 15, 21, 16], [22, 20, 23, 19], [24, 3, 1, 4], [2, 12, 3, 11], [4, 23, 5, 24], [6, 10, 7, 9]]"
12a_0028_reversed_560,"[[6, 10, 7, 9], [8, 18, 9, 17], [10, 6, 11, 5], [12, 2, 13, 1], [14, 21, 15, 22], [16, 8, 17, 7], [18, 14, 19, 13], [20, 15, 21, 16], [22, 20, 23, 19], [24, 3, 1, 4], [2, 12, 3, 11], [4, 23, 5, 24]]"
12a_0028_reversed_561,"[[4, 23, 5, 24], [6, 10, 7, 9], [8, 18, 9, 17], [10, 6, 11, 5], [12, 2, 13, 1], [14, 21, 15, 22], [16, 8, 17, 7], [18, 14, 19, 13], [20, 15, 21, 16], [22, 20, 23, 19], [24, 3, 1, 4], [2, 12, 3, 11]]"
12a_0028_reversed_562,"[[2, 12, 3, 11], [4, 23, 5, 24], [6, 10, 7, 9], [8, 18, 9, 17], [10, 6, 11, 5], [12, 2, 13, 1], [14, 21, 15, 22], [16, 8, 17, 7], [18, 14, 19, 13], [20, 15, 21, 16], [22, 20, 23, 19], [24, 3, 1, 4]]"
12a_0028_reversed_563,"[[24, 3, 1, 4], [2, 12, 3, 11], [4, 23, 5, 24], [6, 10, 7, 9], [8, 18, 9, 17], [10, 6, 11, 5], [12, 2, 13, 1], [14, 21, 15, 22], [16, 8, 17, 7], [18, 14, 19, 13], [20, 15, 21, 16], [22, 20, 23, 19]]"
12a_0028_reversed_564,"[[23, 21, 24, 20], [1, 4, 2, 5], [3, 13, 4, 12], [5, 24, 6, 1], [7, 11, 8, 10], [9, 19, 10, 18], [11, 7, 12, 6], [13, 3, 14, 2], [15, 22, 16, 23], [17, 9, 18, 8], [19, 15, 20, 14], [21, 16, 22, 17]]"
12a_0028_reversed_565,"[[21, 16, 22, 17], [23, 21, 24, 20], [1, 4, 2, 5], [3, 13, 4, 12], [5, 24, 6, 1], [7, 11, 8, 10], [9, 19, 10, 18], [11, 7, 12, 6], [13, 3, 14, 2], [15, 22, 16, 23], [17, 9, 18, 8], [19, 15, 20, 14]]"
12a_0028_reversed_566,"[[19, 15, 20, 14], [21, 16, 22, 17], [23, 21, 24, 20], [1, 4, 2, 5], [3, 13, 4, 12], [5, 24, 6, 1], [7, 11, 8, 10], [9, 19, 10, 18], [11, 7, 12, 6], [13, 3, 14, 2], [15, 22, 16, 23], [17, 9, 18, 8]]"
12a_0028_reversed_567,"[[17, 9, 18, 8], [19, 15, 20, 14], [21, 16, 22, 17], [23, 21, 24, 20], [1, 4, 2, 5], [3, 13, 4, 12], [5, 24, 6, 1], [7, 11, 8, 10], [9, 19, 10, 18], [11, 7, 12, 6], [13, 3, 14, 2], [15, 22, 16, 23]]"
12a_0028_reversed_568,"[[15, 22, 16, 23], [17, 9, 18, 8], [19, 15, 20, 14], [21, 16, 22, 17], [23, 21, 24, 20], [1, 4, 2, 5], [3, 13, 4, 12], [5, 24, 6, 1], [7, 11, 8, 10], [9, 19, 10, 18], [11, 7, 12, 6], [13, 3, 14, 2]]"
12a_0028_reversed_569,"[[13, 3, 14, 2], [15, 22, 16, 23], [17, 9, 18, 8], [19, 15, 20, 14], [21, 16, 22, 17], [23, 21, 24, 20], [1, 4, 2, 5], [3, 13, 4, 12], [5, 24, 6, 1], [7, 11, 8, 10], [9, 19, 10, 18], [11, 7, 12, 6]]"
12a_0028_reversed_570,"[[11, 7, 12, 6], [13, 3, 14, 2], [15, 22, 16, 23], [17, 9, 18, 8], [19, 15, 20, 14], [21, 16, 22, 17], [23, 21, 24, 20], [1, 4, 2, 5], [3, 13, 4, 12], [5, 24, 6, 1], [7, 11, 8, 10], [9, 19, 10, 18]]"
12a_0028_reversed_571,"[[9, 19, 10, 18], [11, 7, 12, 6], [13, 3, 14, 2], [15, 22, 16, 23], [17, 9, 18, 8], [19, 15, 20, 14], [21, 16, 22, 17], [23, 21, 24, 20], [1, 4, 2, 5], [3, 13, 4, 12], [5, 24, 6, 1], [7, 11, 8, 10]]"
12a_0028_reversed_572,"[[7, 11, 8, 10], [9, 19, 10, 18], [11, 7, 12, 6], [13, 3, 14, 2], [15, 22, 16, 23], [17, 9, 18, 8], [19, 15, 20, 14], [21, 16, 22, 17], [23, 21, 24, 20], [1, 4, 2, 5], [3, 13, 4, 12], [5, 24, 6, 1]]"
12a_0028_reversed_573,"[[5, 24, 6, 1], [7, 11, 8, 10], [9, 19, 10, 18], [11, 7, 12, 6], [13, 3, 14, 2], [15, 22, 16, 23], [17, 9, 18, 8], [19, 15, 20, 14], [21, 16, 22, 17], [23, 21, 24, 20], [1, 4, 2, 5], [3, 13, 4, 12]]"
12a_0028_reversed_574,"[[3, 13, 4, 12], [5, 24, 6, 1], [7, 11, 8, 10], [9, 19, 10, 18], [11, 7, 12, 6], [13, 3, 14, 2], [15, 22, 16, 23], [17, 9, 18, 8], [19, 15, 20, 14], [21, 16, 22, 17], [23, 21, 24, 20], [1, 4, 2, 5]]"
12a_0028_reversed_575,"[[1, 4, 2, 5], [3, 13, 4, 12], [5, 24, 6, 1], [7, 11, 8, 10], [9, 19, 10, 18], [11, 7, 12, 6], [13, 3, 14, 2], [15, 22, 16, 23], [17, 9, 18, 8], [19, 15, 20, 14], [21, 16, 22, 17], [23, 21, 24, 20]]"
