name,pd_notation
12a_0536_0,"[[24, 7, 1, 8], [2, 6, 3, 5], [4, 13, 5, 14], [6, 16, 7, 15], [8, 20, 9, 19], [10, 22, 11, 21], [12, 17, 13, 18], [14, 3, 15, 4], [16, 2, 17, 1], [18, 24, 19, 23], [20, 10, 21, 9], [22, 12, 23, 11]]"
12a_0536_1,"[[22, 12, 23, 11], [24, 7, 1, 8], [2, 6, 3, 5], [4, 13, 5, 14], [6, 16, 7, 15], [8, 20, 9, 19], [10, 22, 11, 21], [12, 17, 13, 18], [14, 3, 15, 4], [16, 2, 17, 1], [18, 24, 19, 23], [20, 10, 21, 9]]"
12a_0536_2,"[[20, 10, 21, 9], [22, 12, 23, 11], [24, 7, 1, 8], [2, 6, 3, 5], [4, 13, 5, 14], [6, 16, 7, 15], [8, 20, 9, 19], [10, 22, 11, 21], [12, 17, 13, 18], [14, 3, 15, 4], [16, 2, 17, 1], [18, 24, 19, 23]]"
12a_0536_3,"[[18, 24, 19, 23], [20, 10, 21, 9], [22, 12, 23, 11], [24, 7, 1, 8], [2, 6, 3, 5], [4, 13, 5, 14], [6, 16, 7, 15], [8, 20, 9, 19], [10, 22, 11, 21], [12, 17, 13, 18], [14, 3, 15, 4], [16, 2, 17, 1]]"
12a_0536_4,"[[16, 2, 17, 1], [18, 24, 19, 23], [20, 10, 21, 9], [22, 12, 23, 11], [24, 7, 1, 8], [2, 6, 3, 5], [4, 13, 5, 14], [6, 16, 7, 15], [8, 20, 9, 19], [10, 22, 11, 21], [12, 17, 13, 18], [14, 3, 15, 4]]"
12a_0536_5,"[[14, 3, 15, 4], [16, 2, 17, 1], [18, 24, 19, 23], [20, 10, 21, 9], [22, 12, 23, 11], [24, 7, 1, 8], [2, 6, 3, 5], [4, 13, 5, 14], [6, 16, 7, 15], [8, 20, 9, 19], [10, 22, 11, 21], [12, 17, 13, 18]]"
12a_0536_6,"[[12, 17, 13, 18], [14, 3, 15, 4], [16, 2, 17, 1], [18, 24, 19, 23], [20, 10, 21, 9], [22, 12, 23, 11], [24, 7, 1, 8], [2, 6, 3, 5], [4, 13, 5, 14], [6, 16, 7, 15], [8, 20, 9, 19], [10, 22, 11, 21]]"
12a_0536_7,"[[10, 22, 11, 21], [12, 17, 13, 18], [14, 3, 15, 4], [16, 2, 17, 1], [18, 24, 19, 23], [20, 10, 21, 9], [22, 12, 23, 11], [24, 7, 1, 8], [2, 6, 3, 5], [4, 13, 5, 14], [6, 16, 7, 15], [8, 20, 9, 19]]"
12a_0536_8,"[[8, 20, 9, 19], [10, 22, 11, 21], [12, 17, 13, 18], [14, 3, 15, 4], [16, 2, 17, 1], [18, 24, 19, 23], [20, 10, 21, 9], [22, 12, 23, 11], [24, 7, 1, 8], [2, 6, 3, 5], [4, 13, 5, 14], [6, 16, 7, 15]]"
12a_0536_9,"[[6, 16, 7, 15], [8, 20, 9, 19], [10, 22, 11, 21], [12, 17, 13, 18], [14, 3, 15, 4], [16, 2, 17, 1], [18, 24, 19, 23], [20, 10, 21, 9], [22, 12, 23, 11], [24, 7, 1, 8], [2, 6, 3, 5], [4, 13, 5, 14]]"
12a_0536_10,"[[4, 13, 5, 14], [6, 16, 7, 15], [8, 20, 9, 19], [10, 22, 11, 21], [12, 17, 13, 18], [14, 3, 15, 4], [16, 2, 17, 1], [18, 24, 19, 23], [20, 10, 21, 9], [22, 12, 23, 11], [24, 7, 1, 8], [2, 6, 3, 5]]"
12a_0536_11,"[[2, 6, 3, 5], [4, 13, 5, 14], [6, 16, 7, 15], [8, 20, 9, 19], [10, 22, 11, 21], [12, 17, 13, 18], [14, 3, 15, 4], [16, 2, 17, 1], [18, 24, 19, 23], [20, 10, 21, 9], [22, 12, 23, 11], [24, 7, 1, 8]]"
12a_0536_12,"[[1, 8, 2, 9], [3, 7, 4, 6], [5, 14, 6, 15], [7, 17, 8, 16], [9, 21, 10, 20], [11, 23, 12, 22], [13, 18, 14, 19], [15, 4, 16, 5], [17, 3, 18, 2], [19, 1, 20, 24], [21, 11, 22, 10], [23, 13, 24, 12]]"
12a_0536_13,"[[23, 13, 24, 12], [1, 8, 2, 9], [3, 7, 4, 6], [5, 14, 6, 15], [7, 17, 8, 16], [9, 21, 10, 20], [11, 23, 12, 22], [13, 18, 14, 19], [15, 4, 16, 5], [17, 3, 18, 2], [19, 1, 20, 24], [21, 11, 22, 10]]"
12a_0536_14,"[[21, 11, 22, 10], [23, 13, 24, 12], [1, 8, 2, 9], [3, 7, 4, 6], [5, 14, 6, 15], [7, 17, 8, 16], [9, 21, 10, 20], [11, 23, 12, 22], [13, 18, 14, 19], [15, 4, 16, 5], [17, 3, 18, 2], [19, 1, 20, 24]]"
12a_0536_15,"[[19, 1, 20, 24], [21, 11, 22, 10], [23, 13, 24, 12], [1, 8, 2, 9], [3, 7, 4, 6], [5, 14, 6, 15], [7, 17, 8, 16], [9, 21, 10, 20], [11, 23, 12, 22], [13, 18, 14, 19], [15, 4, 16, 5], [17, 3, 18, 2]]"
12a_0536_16,"[[17, 3, 18, 2], [19, 1, 20, 24], [21, 11, 22, 10], [23, 13, 24, 12], [1, 8, 2, 9], [3, 7, 4, 6], [5, 14, 6, 15], [7, 17, 8, 16], [9, 21, 10, 20], [11, 23, 12, 22], [13, 18, 14, 19], [15, 4, 16, 5]]"
12a_0536_17,"[[15, 4, 16, 5], [17, 3, 18, 2], [19, 1, 20, 24], [21, 11, 22, 10], [23, 13, 24, 12], [1, 8, 2, 9], [3, 7, 4, 6], [5, 14, 6, 15], [7, 17, 8, 16], [9, 21, 10, 20], [11, 23, 12, 22], [13, 18, 14, 19]]"
12a_0536_18,"[[13, 18, 14, 19], [15, 4, 16, 5], [17, 3, 18, 2], [19, 1, 20, 24], [21, 11, 22, 10], [23, 13, 24, 12], [1, 8, 2, 9], [3, 7, 4, 6], [5, 14, 6, 15], [7, 17, 8, 16], [9, 21, 10, 20], [11, 23, 12, 22]]"
12a_0536_19,"[[11, 23, 12, 22], [13, 18, 14, 19], [15, 4, 16, 5], [17, 3, 18, 2], [19, 1, 20, 24], [21, 11, 22, 10], [23, 13, 24, 12], [1, 8, 2, 9], [3, 7, 4, 6], [5, 14, 6, 15], [7, 17, 8, 16], [9, 21, 10, 20]]"
12a_0536_20,"[[9, 21, 10, 20], [11, 23, 12, 22], [13, 18, 14, 19], [15, 4, 16, 5], [17, 3, 18, 2], [19, 1, 20, 24], [21, 11, 22, 10], [23, 13, 24, 12], [1, 8, 2, 9], [3, 7, 4, 6], [5, 14, 6, 15], [7, 17, 8, 16]]"
12a_0536_21,"[[7, 17, 8, 16], [9, 21, 10, 20], [11, 23, 12, 22], [13, 18, 14, 19], [15, 4, 16, 5], [17, 3, 18, 2], [19, 1, 20, 24], [21, 11, 22, 10], [23, 13, 24, 12], [1, 8, 2, 9], [3, 7, 4, 6], [5, 14, 6, 15]]"
12a_0536_22,"[[5, 14, 6, 15], [7, 17, 8, 16], [9, 21, 10, 20], [11, 23, 12, 22], [13, 18, 14, 19], [15, 4, 16, 5], [17, 3, 18, 2], [19, 1, 20, 24], [21, 11, 22, 10], [23, 13, 24, 12], [1, 8, 2, 9], [3, 7, 4, 6]]"
12a_0536_23,"[[3, 7, 4, 6], [5, 14, 6, 15], [7, 17, 8, 16], [9, 21, 10, 20], [11, 23, 12, 22], [13, 18, 14, 19], [15, 4, 16, 5], [17, 3, 18, 2], [19, 1, 20, 24], [21, 11, 22, 10], [23, 13, 24, 12], [1, 8, 2, 9]]"
12a_0536_24,"[[2, 9, 3, 10], [4, 8, 5, 7], [6, 15, 7, 16], [8, 18, 9, 17], [10, 22, 11, 21], [12, 24, 13, 23], [14, 19, 15, 20], [16, 5, 17, 6], [18, 4, 19, 3], [20, 2, 21, 1], [22, 12, 23, 11], [24, 14, 1, 13]]"
12a_0536_25,"[[24, 14, 1, 13], [2, 9, 3, 10], [4, 8, 5, 7], [6, 15, 7, 16], [8, 18, 9, 17], [10, 22, 11, 21], [12, 24, 13, 23], [14, 19, 15, 20], [16, 5, 17, 6], [18, 4, 19, 3], [20, 2, 21, 1], [22, 12, 23, 11]]"
12a_0536_26,"[[22, 12, 23, 11], [24, 14, 1, 13], [2, 9, 3, 10], [4, 8, 5, 7], [6, 15, 7, 16], [8, 18, 9, 17], [10, 22, 11, 21], [12, 24, 13, 23], [14, 19, 15, 20], [16, 5, 17, 6], [18, 4, 19, 3], [20, 2, 21, 1]]"
12a_0536_27,"[[20, 2, 21, 1], [22, 12, 23, 11], [24, 14, 1, 13], [2, 9, 3, 10], [4, 8, 5, 7], [6, 15, 7, 16], [8, 18, 9, 17], [10, 22, 11, 21], [12, 24, 13, 23], [14, 19, 15, 20], [16, 5, 17, 6], [18, 4, 19, 3]]"
12a_0536_28,"[[18, 4, 19, 3], [20, 2, 21, 1], [22, 12, 23, 11], [24, 14, 1, 13], [2, 9, 3, 10], [4, 8, 5, 7], [6, 15, 7, 16], [8, 18, 9, 17], [10, 22, 11, 21], [12, 24, 13, 23], [14, 19, 15, 20], [16, 5, 17, 6]]"
12a_0536_29,"[[16, 5, 17, 6], [18, 4, 19, 3], [20, 2, 21, 1], [22, 12, 23, 11], [24, 14, 1, 13], [2, 9, 3, 10], [4, 8, 5, 7], [6, 15, 7, 16], [8, 18, 9, 17], [10, 22, 11, 21], [12, 24, 13, 23], [14, 19, 15, 20]]"
12a_0536_30,"[[14, 19, 15, 20], [16, 5, 17, 6], [18, 4, 19, 3], [20, 2, 21, 1], [22, 12, 23, 11], [24, 14, 1, 13], [2, 9, 3, 10], [4, 8, 5, 7], [6, 15, 7, 16], [8, 18, 9, 17], [10, 22, 11, 21], [12, 24, 13, 23]]"
12a_0536_31,"[[12, 24, 13, 23], [14, 19, 15, 20], [16, 5, 17, 6], [18, 4, 19, 3], [20, 2, 21, 1], [22, 12, 23, 11], [24, 14, 1, 13], [2, 9, 3, 10], [4, 8, 5, 7], [6, 15, 7, 16], [8, 18, 9, 17], [10, 22, 11, 21]]"
12a_0536_32,"[[10, 22, 11, 21], [12, 24, 13, 23], [14, 19, 15, 20], [16, 5, 17, 6], [18, 4, 19, 3], [20, 2, 21, 1], [22, 12, 23, 11], [24, 14, 1, 13], [2, 9, 3, 10], [4, 8, 5, 7], [6, 15, 7, 16], [8, 18, 9, 17]]"
12a_0536_33,"[[8, 18, 9, 17], [10, 22, 11, 21], [12, 24, 13, 23], [14, 19, 15, 20], [16, 5, 17, 6], [18, 4, 19, 3], [20, 2, 21, 1], [22, 12, 23, 11], [24, 14, 1, 13], [2, 9, 3, 10], [4, 8, 5, 7], [6, 15, 7, 16]]"
12a_0536_34,"[[6, 15, 7, 16], [8, 18, 9, 17], [10, 22, 11, 21], [12, 24, 13, 23], [14, 19, 15, 20], [16, 5, 17, 6], [18, 4, 19, 3], [20, 2, 21, 1], [22, 12, 23, 11], [24, 14, 1, 13], [2, 9, 3, 10], [4, 8, 5, 7]]"
12a_0536_35,"[[4, 8, 5, 7], [6, 15, 7, 16], [8, 18, 9, 17], [10, 22, 11, 21], [12, 24, 13, 23], [14, 19, 15, 20], [16, 5, 17, 6], [18, 4, 19, 3], [20, 2, 21, 1], [22, 12, 23, 11], [24, 14, 1, 13], [2, 9, 3, 10]]"
12a_0536_36,"[[3, 10, 4, 11], [5, 9, 6, 8], [7, 16, 8, 17], [9, 19, 10, 18], [11, 23, 12, 22], [13, 1, 14, 24], [15, 20, 16, 21], [17, 6, 18, 7], [19, 5, 20, 4], [21, 3, 22, 2], [23, 13, 24, 12], [1, 15, 2, 14]]"
12a_0536_37,"[[1, 15, 2, 14], [3, 10, 4, 11], [5, 9, 6, 8], [7, 16, 8, 17], [9, 19, 10, 18], [11, 23, 12, 22], [13, 1, 14, 24], [15, 20, 16, 21], [17, 6, 18, 7], [19, 5, 20, 4], [21, 3, 22, 2], [23, 13, 24, 12]]"
12a_0536_38,"[[23, 13, 24, 12], [1, 15, 2, 14], [3, 10, 4, 11], [5, 9, 6, 8], [7, 16, 8, 17], [9, 19, 10, 18], [11, 23, 12, 22], [13, 1, 14, 24], [15, 20, 16, 21], [17, 6, 18, 7], [19, 5, 20, 4], [21, 3, 22, 2]]"
12a_0536_39,"[[21, 3, 22, 2], [23, 13, 24, 12], [1, 15, 2, 14], [3, 10, 4, 11], [5, 9, 6, 8], [7, 16, 8, 17], [9, 19, 10, 18], [11, 23, 12, 22], [13, 1, 14, 24], [15, 20, 16, 21], [17, 6, 18, 7], [19, 5, 20, 4]]"
12a_0536_40,"[[19, 5, 20, 4], [21, 3, 22, 2], [23, 13, 24, 12], [1, 15, 2, 14], [3, 10, 4, 11], [5, 9, 6, 8], [7, 16, 8, 17], [9, 19, 10, 18], [11, 23, 12, 22], [13, 1, 14, 24], [15, 20, 16, 21], [17, 6, 18, 7]]"
12a_0536_41,"[[17, 6, 18, 7], [19, 5, 20, 4], [21, 3, 22, 2], [23, 13, 24, 12], [1, 15, 2, 14], [3, 10, 4, 11], [5, 9, 6, 8], [7, 16, 8, 17], [9, 19, 10, 18], [11, 23, 12, 22], [13, 1, 14, 24], [15, 20, 16, 21]]"
12a_0536_42,"[[15, 20, 16, 21], [17, 6, 18, 7], [19, 5, 20, 4], [21, 3, 22, 2], [23, 13, 24, 12], [1, 15, 2, 14], [3, 10, 4, 11], [5, 9, 6, 8], [7, 16, 8, 17], [9, 19, 10, 18], [11, 23, 12, 22], [13, 1, 14, 24]]"
12a_0536_43,"[[13, 1, 14, 24], [15, 20, 16, 21], [17, 6, 18, 7], [19, 5, 20, 4], [21, 3, 22, 2], [23, 13, 24, 12], [1, 15, 2, 14], [3, 10, 4, 11], [5, 9, 6, 8], [7, 16, 8, 17], [9, 19, 10, 18], [11, 23, 12, 22]]"
12a_0536_44,"[[11, 23, 12, 22], [13, 1, 14, 24], [15, 20, 16, 21], [17, 6, 18, 7], [19, 5, 20, 4], [21, 3, 22, 2], [23, 13, 24, 12], [1, 15, 2, 14], [3, 10, 4, 11], [5, 9, 6, 8], [7, 16, 8, 17], [9, 19, 10, 18]]"
12a_0536_45,"[[9, 19, 10, 18], [11, 23, 12, 22], [13, 1, 14, 24], [15, 20, 16, 21], [17, 6, 18, 7], [19, 5, 20, 4], [21, 3, 22, 2], [23, 13, 24, 12], [1, 15, 2, 14], [3, 10, 4, 11], [5, 9, 6, 8], [7, 16, 8, 17]]"
12a_0536_46,"[[7, 16, 8, 17], [9, 19, 10, 18], [11, 23, 12, 22], [13, 1, 14, 24], [15, 20, 16, 21], [17, 6, 18, 7], [19, 5, 20, 4], [21, 3, 22, 2], [23, 13, 24, 12], [1, 15, 2, 14], [3, 10, 4, 11], [5, 9, 6, 8]]"
12a_0536_47,"[[5, 9, 6, 8], [7, 16, 8, 17], [9, 19, 10, 18], [11, 23, 12, 22], [13, 1, 14, 24], [15, 20, 16, 21], [17, 6, 18, 7], [19, 5, 20, 4], [21, 3, 22, 2], [23, 13, 24, 12], [1, 15, 2, 14], [3, 10, 4, 11]]"
12a_0536_48,"[[4, 11, 5, 12], [6, 10, 7, 9], [8, 17, 9, 18], [10, 20, 11, 19], [12, 24, 13, 23], [14, 2, 15, 1], [16, 21, 17, 22], [18, 7, 19, 8], [20, 6, 21, 5], [22, 4, 23, 3], [24, 14, 1, 13], [2, 16, 3, 15]]"
12a_0536_49,"[[2, 16, 3, 15], [4, 11, 5, 12], [6, 10, 7, 9], [8, 17, 9, 18], [10, 20, 11, 19], [12, 24, 13, 23], [14, 2, 15, 1], [16, 21, 17, 22], [18, 7, 19, 8], [20, 6, 21, 5], [22, 4, 23, 3], [24, 14, 1, 13]]"
12a_0536_50,"[[24, 14, 1, 13], [2, 16, 3, 15], [4, 11, 5, 12], [6, 10, 7, 9], [8, 17, 9, 18], [10, 20, 11, 19], [12, 24, 13, 23], [14, 2, 15, 1], [16, 21, 17, 22], [18, 7, 19, 8], [20, 6, 21, 5], [22, 4, 23, 3]]"
12a_0536_51,"[[22, 4, 23, 3], [24, 14, 1, 13], [2, 16, 3, 15], [4, 11, 5, 12], [6, 10, 7, 9], [8, 17, 9, 18], [10, 20, 11, 19], [12, 24, 13, 23], [14, 2, 15, 1], [16, 21, 17, 22], [18, 7, 19, 8], [20, 6, 21, 5]]"
12a_0536_52,"[[20, 6, 21, 5], [22, 4, 23, 3], [24, 14, 1, 13], [2, 16, 3, 15], [4, 11, 5, 12], [6, 10, 7, 9], [8, 17, 9, 18], [10, 20, 11, 19], [12, 24, 13, 23], [14, 2, 15, 1], [16, 21, 17, 22], [18, 7, 19, 8]]"
12a_0536_53,"[[18, 7, 19, 8], [20, 6, 21, 5], [22, 4, 23, 3], [24, 14, 1, 13], [2, 16, 3, 15], [4, 11, 5, 12], [6, 10, 7, 9], [8, 17, 9, 18], [10, 20, 11, 19], [12, 24, 13, 23], [14, 2, 15, 1], [16, 21, 17, 22]]"
12a_0536_54,"[[16, 21, 17, 22], [18, 7, 19, 8], [20, 6, 21, 5], [22, 4, 23, 3], [24, 14, 1, 13], [2, 16, 3, 15], [4, 11, 5, 12], [6, 10, 7, 9], [8, 17, 9, 18], [10, 20, 11, 19], [12, 24, 13, 23], [14, 2, 15, 1]]"
12a_0536_55,"[[14, 2, 15, 1], [16, 21, 17, 22], [18, 7, 19, 8], [20, 6, 21, 5], [22, 4, 23, 3], [24, 14, 1, 13], [2, 16, 3, 15], [4, 11, 5, 12], [6, 10, 7, 9], [8, 17, 9, 18], [10, 20, 11, 19], [12, 24, 13, 23]]"
12a_0536_56,"[[12, 24, 13, 23], [14, 2, 15, 1], [16, 21, 17, 22], [18, 7, 19, 8], [20, 6, 21, 5], [22, 4, 23, 3], [24, 14, 1, 13], [2, 16, 3, 15], [4, 11, 5, 12], [6, 10, 7, 9], [8, 17, 9, 18], [10, 20, 11, 19]]"
12a_0536_57,"[[10, 20, 11, 19], [12, 24, 13, 23], [14, 2, 15, 1], [16, 21, 17, 22], [18, 7, 19, 8], [20, 6, 21, 5], [22, 4, 23, 3], [24, 14, 1, 13], [2, 16, 3, 15], [4, 11, 5, 12], [6, 10, 7, 9], [8, 17, 9, 18]]"
12a_0536_58,"[[8, 17, 9, 18], [10, 20, 11, 19], [12, 24, 13, 23], [14, 2, 15, 1], [16, 21, 17, 22], [18, 7, 19, 8], [20, 6, 21, 5], [22, 4, 23, 3], [24, 14, 1, 13], [2, 16, 3, 15], [4, 11, 5, 12], [6, 10, 7, 9]]"
12a_0536_59,"[[6, 10, 7, 9], [8, 17, 9, 18], [10, 20, 11, 19], [12, 24, 13, 23], [14, 2, 15, 1], [16, 21, 17, 22], [18, 7, 19, 8], [20, 6, 21, 5], [22, 4, 23, 3], [24, 14, 1, 13], [2, 16, 3, 15], [4, 11, 5, 12]]"
12a_0536_60,"[[5, 12, 6, 13], [7, 11, 8, 10], [9, 18, 10, 19], [11, 21, 12, 20], [13, 1, 14, 24], [15, 3, 16, 2], [17, 22, 18, 23], [19, 8, 20, 9], [21, 7, 22, 6], [23, 5, 24, 4], [1, 15, 2, 14], [3, 17, 4, 16]]"
12a_0536_61,"[[3, 17, 4, 16], [5, 12, 6, 13], [7, 11, 8, 10], [9, 18, 10, 19], [11, 21, 12, 20], [13, 1, 14, 24], [15, 3, 16, 2], [17, 22, 18, 23], [19, 8, 20, 9], [21, 7, 22, 6], [23, 5, 24, 4], [1, 15, 2, 14]]"
12a_0536_62,"[[1, 15, 2, 14], [3, 17, 4, 16], [5, 12, 6, 13], [7, 11, 8, 10], [9, 18, 10, 19], [11, 21, 12, 20], [13, 1, 14, 24], [15, 3, 16, 2], [17, 22, 18, 23], [19, 8, 20, 9], [21, 7, 22, 6], [23, 5, 24, 4]]"
12a_0536_63,"[[23, 5, 24, 4], [1, 15, 2, 14], [3, 17, 4, 16], [5, 12, 6, 13], [7, 11, 8, 10], [9, 18, 10, 19], [11, 21, 12, 20], [13, 1, 14, 24], [15, 3, 16, 2], [17, 22, 18, 23], [19, 8, 20, 9], [21, 7, 22, 6]]"
12a_0536_64,"[[21, 7, 22, 6], [23, 5, 24, 4], [1, 15, 2, 14], [3, 17, 4, 16], [5, 12, 6, 13], [7, 11, 8, 10], [9, 18, 10, 19], [11, 21, 12, 20], [13, 1, 14, 24], [15, 3, 16, 2], [17, 22, 18, 23], [19, 8, 20, 9]]"
12a_0536_65,"[[19, 8, 20, 9], [21, 7, 22, 6], [23, 5, 24, 4], [1, 15, 2, 14], [3, 17, 4, 16], [5, 12, 6, 13], [7, 11, 8, 10], [9, 18, 10, 19], [11, 21, 12, 20], [13, 1, 14, 24], [15, 3, 16, 2], [17, 22, 18, 23]]"
12a_0536_66,"[[17, 22, 18, 23], [19, 8, 20, 9], [21, 7, 22, 6], [23, 5, 24, 4], [1, 15, 2, 14], [3, 17, 4, 16], [5, 12, 6, 13], [7, 11, 8, 10], [9, 18, 10, 19], [11, 21, 12, 20], [13, 1, 14, 24], [15, 3, 16, 2]]"
12a_0536_67,"[[15, 3, 16, 2], [17, 22, 18, 23], [19, 8, 20, 9], [21, 7, 22, 6], [23, 5, 24, 4], [1, 15, 2, 14], [3, 17, 4, 16], [5, 12, 6, 13], [7, 11, 8, 10], [9, 18, 10, 19], [11, 21, 12, 20], [13, 1, 14, 24]]"
12a_0536_68,"[[13, 1, 14, 24], [15, 3, 16, 2], [17, 22, 18, 23], [19, 8, 20, 9], [21, 7, 22, 6], [23, 5, 24, 4], [1, 15, 2, 14], [3, 17, 4, 16], [5, 12, 6, 13], [7, 11, 8, 10], [9, 18, 10, 19], [11, 21, 12, 20]]"
12a_0536_69,"[[11, 21, 12, 20], [13, 1, 14, 24], [15, 3, 16, 2], [17, 22, 18, 23], [19, 8, 20, 9], [21, 7, 22, 6], [23, 5, 24, 4], [1, 15, 2, 14], [3, 17, 4, 16], [5, 12, 6, 13], [7, 11, 8, 10], [9, 18, 10, 19]]"
12a_0536_70,"[[9, 18, 10, 19], [11, 21, 12, 20], [13, 1, 14, 24], [15, 3, 16, 2], [17, 22, 18, 23], [19, 8, 20, 9], [21, 7, 22, 6], [23, 5, 24, 4], [1, 15, 2, 14], [3, 17, 4, 16], [5, 12, 6, 13], [7, 11, 8, 10]]"
12a_0536_71,"[[7, 11, 8, 10], [9, 18, 10, 19], [11, 21, 12, 20], [13, 1, 14, 24], [15, 3, 16, 2], [17, 22, 18, 23], [19, 8, 20, 9], [21, 7, 22, 6], [23, 5, 24, 4], [1, 15, 2, 14], [3, 17, 4, 16], [5, 12, 6, 13]]"
12a_0536_72,"[[6, 13, 7, 14], [8, 12, 9, 11], [10, 19, 11, 20], [12, 22, 13, 21], [14, 2, 15, 1], [16, 4, 17, 3], [18, 23, 19, 24], [20, 9, 21, 10], [22, 8, 23, 7], [24, 6, 1, 5], [2, 16, 3, 15], [4, 18, 5, 17]]"
12a_0536_73,"[[4, 18, 5, 17], [6, 13, 7, 14], [8, 12, 9, 11], [10, 19, 11, 20], [12, 22, 13, 21], [14, 2, 15, 1], [16, 4, 17, 3], [18, 23, 19, 24], [20, 9, 21, 10], [22, 8, 23, 7], [24, 6, 1, 5], [2, 16, 3, 15]]"
12a_0536_74,"[[2, 16, 3, 15], [4, 18, 5, 17], [6, 13, 7, 14], [8, 12, 9, 11], [10, 19, 11, 20], [12, 22, 13, 21], [14, 2, 15, 1], [16, 4, 17, 3], [18, 23, 19, 24], [20, 9, 21, 10], [22, 8, 23, 7], [24, 6, 1, 5]]"
12a_0536_75,"[[24, 6, 1, 5], [2, 16, 3, 15], [4, 18, 5, 17], [6, 13, 7, 14], [8, 12, 9, 11], [10, 19, 11, 20], [12, 22, 13, 21], [14, 2, 15, 1], [16, 4, 17, 3], [18, 23, 19, 24], [20, 9, 21, 10], [22, 8, 23, 7]]"
12a_0536_76,"[[22, 8, 23, 7], [24, 6, 1, 5], [2, 16, 3, 15], [4, 18, 5, 17], [6, 13, 7, 14], [8, 12, 9, 11], [10, 19, 11, 20], [12, 22, 13, 21], [14, 2, 15, 1], [16, 4, 17, 3], [18, 23, 19, 24], [20, 9, 21, 10]]"
12a_0536_77,"[[20, 9, 21, 10], [22, 8, 23, 7], [24, 6, 1, 5], [2, 16, 3, 15], [4, 18, 5, 17], [6, 13, 7, 14], [8, 12, 9, 11], [10, 19, 11, 20], [12, 22, 13, 21], [14, 2, 15, 1], [16, 4, 17, 3], [18, 23, 19, 24]]"
12a_0536_78,"[[18, 23, 19, 24], [20, 9, 21, 10], [22, 8, 23, 7], [24, 6, 1, 5], [2, 16, 3, 15], [4, 18, 5, 17], [6, 13, 7, 14], [8, 12, 9, 11], [10, 19, 11, 20], [12, 22, 13, 21], [14, 2, 15, 1], [16, 4, 17, 3]]"
12a_0536_79,"[[16, 4, 17, 3], [18, 23, 19, 24], [20, 9, 21, 10], [22, 8, 23, 7], [24, 6, 1, 5], [2, 16, 3, 15], [4, 18, 5, 17], [6, 13, 7, 14], [8, 12, 9, 11], [10, 19, 11, 20], [12, 22, 13, 21], [14, 2, 15, 1]]"
12a_0536_80,"[[14, 2, 15, 1], [16, 4, 17, 3], [18, 23, 19, 24], [20, 9, 21, 10], [22, 8, 23, 7], [24, 6, 1, 5], [2, 16, 3, 15], [4, 18, 5, 17], [6, 13, 7, 14], [8, 12, 9, 11], [10, 19, 11, 20], [12, 22, 13, 21]]"
12a_0536_81,"[[12, 22, 13, 21], [14, 2, 15, 1], [16, 4, 17, 3], [18, 23, 19, 24], [20, 9, 21, 10], [22, 8, 23, 7], [24, 6, 1, 5], [2, 16, 3, 15], [4, 18, 5, 17], [6, 13, 7, 14], [8, 12, 9, 11], [10, 19, 11, 20]]"
12a_0536_82,"[[10, 19, 11, 20], [12, 22, 13, 21], [14, 2, 15, 1], [16, 4, 17, 3], [18, 23, 19, 24], [20, 9, 21, 10], [22, 8, 23, 7], [24, 6, 1, 5], [2, 16, 3, 15], [4, 18, 5, 17], [6, 13, 7, 14], [8, 12, 9, 11]]"
12a_0536_83,"[[8, 12, 9, 11], [10, 19, 11, 20], [12, 22, 13, 21], [14, 2, 15, 1], [16, 4, 17, 3], [18, 23, 19, 24], [20, 9, 21, 10], [22, 8, 23, 7], [24, 6, 1, 5], [2, 16, 3, 15], [4, 18, 5, 17], [6, 13, 7, 14]]"
12a_0536_84,"[[7, 14, 8, 15], [9, 13, 10, 12], [11, 20, 12, 21], [13, 23, 14, 22], [15, 3, 16, 2], [17, 5, 18, 4], [19, 24, 20, 1], [21, 10, 22, 11], [23, 9, 24, 8], [1, 7, 2, 6], [3, 17, 4, 16], [5, 19, 6, 18]]"
12a_0536_85,"[[5, 19, 6, 18], [7, 14, 8, 15], [9, 13, 10, 12], [11, 20, 12, 21], [13, 23, 14, 22], [15, 3, 16, 2], [17, 5, 18, 4], [19, 24, 20, 1], [21, 10, 22, 11], [23, 9, 24, 8], [1, 7, 2, 6], [3, 17, 4, 16]]"
12a_0536_86,"[[3, 17, 4, 16], [5, 19, 6, 18], [7, 14, 8, 15], [9, 13, 10, 12], [11, 20, 12, 21], [13, 23, 14, 22], [15, 3, 16, 2], [17, 5, 18, 4], [19, 24, 20, 1], [21, 10, 22, 11], [23, 9, 24, 8], [1, 7, 2, 6]]"
12a_0536_87,"[[1, 7, 2, 6], [3, 17, 4, 16], [5, 19, 6, 18], [7, 14, 8, 15], [9, 13, 10, 12], [11, 20, 12, 21], [13, 23, 14, 22], [15, 3, 16, 2], [17, 5, 18, 4], [19, 24, 20, 1], [21, 10, 22, 11], [23, 9, 24, 8]]"
12a_0536_88,"[[23, 9, 24, 8], [1, 7, 2, 6], [3, 17, 4, 16], [5, 19, 6, 18], [7, 14, 8, 15], [9, 13, 10, 12], [11, 20, 12, 21], [13, 23, 14, 22], [15, 3, 16, 2], [17, 5, 18, 4], [19, 24, 20, 1], [21, 10, 22, 11]]"
12a_0536_89,"[[21, 10, 22, 11], [23, 9, 24, 8], [1, 7, 2, 6], [3, 17, 4, 16], [5, 19, 6, 18], [7, 14, 8, 15], [9, 13, 10, 12], [11, 20, 12, 21], [13, 23, 14, 22], [15, 3, 16, 2], [17, 5, 18, 4], [19, 24, 20, 1]]"
12a_0536_90,"[[19, 24, 20, 1], [21, 10, 22, 11], [23, 9, 24, 8], [1, 7, 2, 6], [3, 17, 4, 16], [5, 19, 6, 18], [7, 14, 8, 15], [9, 13, 10, 12], [11, 20, 12, 21], [13, 23, 14, 22], [15, 3, 16, 2], [17, 5, 18, 4]]"
12a_0536_91,"[[17, 5, 18, 4], [19, 24, 20, 1], [21, 10, 22, 11], [23, 9, 24, 8], [1, 7, 2, 6], [3, 17, 4, 16], [5, 19, 6, 18], [7, 14, 8, 15], [9, 13, 10, 12], [11, 20, 12, 21], [13, 23, 14, 22], [15, 3, 16, 2]]"
12a_0536_92,"[[15, 3, 16, 2], [17, 5, 18, 4], [19, 24, 20, 1], [21, 10, 22, 11], [23, 9, 24, 8], [1, 7, 2, 6], [3, 17, 4, 16], [5, 19, 6, 18], [7, 14, 8, 15], [9, 13, 10, 12], [11, 20, 12, 21], [13, 23, 14, 22]]"
12a_0536_93,"[[13, 23, 14, 22], [15, 3, 16, 2], [17, 5, 18, 4], [19, 24, 20, 1], [21, 10, 22, 11], [23, 9, 24, 8], [1, 7, 2, 6], [3, 17, 4, 16], [5, 19, 6, 18], [7, 14, 8, 15], [9, 13, 10, 12], [11, 20, 12, 21]]"
12a_0536_94,"[[11, 20, 12, 21], [13, 23, 14, 22], [15, 3, 16, 2], [17, 5, 18, 4], [19, 24, 20, 1], [21, 10, 22, 11], [23, 9, 24, 8], [1, 7, 2, 6], [3, 17, 4, 16], [5, 19, 6, 18], [7, 14, 8, 15], [9, 13, 10, 12]]"
12a_0536_95,"[[9, 13, 10, 12], [11, 20, 12, 21], [13, 23, 14, 22], [15, 3, 16, 2], [17, 5, 18, 4], [19, 24, 20, 1], [21, 10, 22, 11], [23, 9, 24, 8], [1, 7, 2, 6], [3, 17, 4, 16], [5, 19, 6, 18], [7, 14, 8, 15]]"
12a_0536_96,"[[8, 15, 9, 16], [10, 14, 11, 13], [12, 21, 13, 22], [14, 24, 15, 23], [16, 4, 17, 3], [18, 6, 19, 5], [20, 1, 21, 2], [22, 11, 23, 12], [24, 10, 1, 9], [2, 8, 3, 7], [4, 18, 5, 17], [6, 20, 7, 19]]"
12a_0536_97,"[[6, 20, 7, 19], [8, 15, 9, 16], [10, 14, 11, 13], [12, 21, 13, 22], [14, 24, 15, 23], [16, 4, 17, 3], [18, 6, 19, 5], [20, 1, 21, 2], [22, 11, 23, 12], [24, 10, 1, 9], [2, 8, 3, 7], [4, 18, 5, 17]]"
12a_0536_98,"[[4, 18, 5, 17], [6, 20, 7, 19], [8, 15, 9, 16], [10, 14, 11, 13], [12, 21, 13, 22], [14, 24, 15, 23], [16, 4, 17, 3], [18, 6, 19, 5], [20, 1, 21, 2], [22, 11, 23, 12], [24, 10, 1, 9], [2, 8, 3, 7]]"
12a_0536_99,"[[2, 8, 3, 7], [4, 18, 5, 17], [6, 20, 7, 19], [8, 15, 9, 16], [10, 14, 11, 13], [12, 21, 13, 22], [14, 24, 15, 23], [16, 4, 17, 3], [18, 6, 19, 5], [20, 1, 21, 2], [22, 11, 23, 12], [24, 10, 1, 9]]"
12a_0536_100,"[[24, 10, 1, 9], [2, 8, 3, 7], [4, 18, 5, 17], [6, 20, 7, 19], [8, 15, 9, 16], [10, 14, 11, 13], [12, 21, 13, 22], [14, 24, 15, 23], [16, 4, 17, 3], [18, 6, 19, 5], [20, 1, 21, 2], [22, 11, 23, 12]]"
12a_0536_101,"[[22, 11, 23, 12], [24, 10, 1, 9], [2, 8, 3, 7], [4, 18, 5, 17], [6, 20, 7, 19], [8, 15, 9, 16], [10, 14, 11, 13], [12, 21, 13, 22], [14, 24, 15, 23], [16, 4, 17, 3], [18, 6, 19, 5], [20, 1, 21, 2]]"
12a_0536_102,"[[20, 1, 21, 2], [22, 11, 23, 12], [24, 10, 1, 9], [2, 8, 3, 7], [4, 18, 5, 17], [6, 20, 7, 19], [8, 15, 9, 16], [10, 14, 11, 13], [12, 21, 13, 22], [14, 24, 15, 23], [16, 4, 17, 3], [18, 6, 19, 5]]"
12a_0536_103,"[[18, 6, 19, 5], [20, 1, 21, 2], [22, 11, 23, 12], [24, 10, 1, 9], [2, 8, 3, 7], [4, 18, 5, 17], [6, 20, 7, 19], [8, 15, 9, 16], [10, 14, 11, 13], [12, 21, 13, 22], [14, 24, 15, 23], [16, 4, 17, 3]]"
12a_0536_104,"[[16, 4, 17, 3], [18, 6, 19, 5], [20, 1, 21, 2], [22, 11, 23, 12], [24, 10, 1, 9], [2, 8, 3, 7], [4, 18, 5, 17], [6, 20, 7, 19], [8, 15, 9, 16], [10, 14, 11, 13], [12, 21, 13, 22], [14, 24, 15, 23]]"
12a_0536_105,"[[14, 24, 15, 23], [16, 4, 17, 3], [18, 6, 19, 5], [20, 1, 21, 2], [22, 11, 23, 12], [24, 10, 1, 9], [2, 8, 3, 7], [4, 18, 5, 17], [6, 20, 7, 19], [8, 15, 9, 16], [10, 14, 11, 13], [12, 21, 13, 22]]"
12a_0536_106,"[[12, 21, 13, 22], [14, 24, 15, 23], [16, 4, 17, 3], [18, 6, 19, 5], [20, 1, 21, 2], [22, 11, 23, 12], [24, 10, 1, 9], [2, 8, 3, 7], [4, 18, 5, 17], [6, 20, 7, 19], [8, 15, 9, 16], [10, 14, 11, 13]]"
12a_0536_107,"[[10, 14, 11, 13], [12, 21, 13, 22], [14, 24, 15, 23], [16, 4, 17, 3], [18, 6, 19, 5], [20, 1, 21, 2], [22, 11, 23, 12], [24, 10, 1, 9], [2, 8, 3, 7], [4, 18, 5, 17], [6, 20, 7, 19], [8, 15, 9, 16]]"
12a_0536_108,"[[9, 16, 10, 17], [11, 15, 12, 14], [13, 22, 14, 23], [15, 1, 16, 24], [17, 5, 18, 4], [19, 7, 20, 6], [21, 2, 22, 3], [23, 12, 24, 13], [1, 11, 2, 10], [3, 9, 4, 8], [5, 19, 6, 18], [7, 21, 8, 20]]"
12a_0536_109,"[[7, 21, 8, 20], [9, 16, 10, 17], [11, 15, 12, 14], [13, 22, 14, 23], [15, 1, 16, 24], [17, 5, 18, 4], [19, 7, 20, 6], [21, 2, 22, 3], [23, 12, 24, 13], [1, 11, 2, 10], [3, 9, 4, 8], [5, 19, 6, 18]]"
12a_0536_110,"[[5, 19, 6, 18], [7, 21, 8, 20], [9, 16, 10, 17], [11, 15, 12, 14], [13, 22, 14, 23], [15, 1, 16, 24], [17, 5, 18, 4], [19, 7, 20, 6], [21, 2, 22, 3], [23, 12, 24, 13], [1, 11, 2, 10], [3, 9, 4, 8]]"
12a_0536_111,"[[3, 9, 4, 8], [5, 19, 6, 18], [7, 21, 8, 20], [9, 16, 10, 17], [11, 15, 12, 14], [13, 22, 14, 23], [15, 1, 16, 24], [17, 5, 18, 4], [19, 7, 20, 6], [21, 2, 22, 3], [23, 12, 24, 13], [1, 11, 2, 10]]"
12a_0536_112,"[[1, 11, 2, 10], [3, 9, 4, 8], [5, 19, 6, 18], [7, 21, 8, 20], [9, 16, 10, 17], [11, 15, 12, 14], [13, 22, 14, 23], [15, 1, 16, 24], [17, 5, 18, 4], [19, 7, 20, 6], [21, 2, 22, 3], [23, 12, 24, 13]]"
12a_0536_113,"[[23, 12, 24, 13], [1, 11, 2, 10], [3, 9, 4, 8], [5, 19, 6, 18], [7, 21, 8, 20], [9, 16, 10, 17], [11, 15, 12, 14], [13, 22, 14, 23], [15, 1, 16, 24], [17, 5, 18, 4], [19, 7, 20, 6], [21, 2, 22, 3]]"
12a_0536_114,"[[21, 2, 22, 3], [23, 12, 24, 13], [1, 11, 2, 10], [3, 9, 4, 8], [5, 19, 6, 18], [7, 21, 8, 20], [9, 16, 10, 17], [11, 15, 12, 14], [13, 22, 14, 23], [15, 1, 16, 24], [17, 5, 18, 4], [19, 7, 20, 6]]"
12a_0536_115,"[[19, 7, 20, 6], [21, 2, 22, 3], [23, 12, 24, 13], [1, 11, 2, 10], [3, 9, 4, 8], [5, 19, 6, 18], [7, 21, 8, 20], [9, 16, 10, 17], [11, 15, 12, 14], [13, 22, 14, 23], [15, 1, 16, 24], [17, 5, 18, 4]]"
12a_0536_116,"[[17, 5, 18, 4], [19, 7, 20, 6], [21, 2, 22, 3], [23, 12, 24, 13], [1, 11, 2, 10], [3, 9, 4, 8], [5, 19, 6, 18], [7, 21, 8, 20], [9, 16, 10, 17], [11, 15, 12, 14], [13, 22, 14, 23], [15, 1, 16, 24]]"
12a_0536_117,"[[15, 1, 16, 24], [17, 5, 18, 4], [19, 7, 20, 6], [21, 2, 22, 3], [23, 12, 24, 13], [1, 11, 2, 10], [3, 9, 4, 8], [5, 19, 6, 18], [7, 21, 8, 20], [9, 16, 10, 17], [11, 15, 12, 14], [13, 22, 14, 23]]"
12a_0536_118,"[[13, 22, 14, 23], [15, 1, 16, 24], [17, 5, 18, 4], [19, 7, 20, 6], [21, 2, 22, 3], [23, 12, 24, 13], [1, 11, 2, 10], [3, 9, 4, 8], [5, 19, 6, 18], [7, 21, 8, 20], [9, 16, 10, 17], [11, 15, 12, 14]]"
12a_0536_119,"[[11, 15, 12, 14], [13, 22, 14, 23], [15, 1, 16, 24], [17, 5, 18, 4], [19, 7, 20, 6], [21, 2, 22, 3], [23, 12, 24, 13], [1, 11, 2, 10], [3, 9, 4, 8], [5, 19, 6, 18], [7, 21, 8, 20], [9, 16, 10, 17]]"
12a_0536_120,"[[10, 17, 11, 18], [12, 16, 13, 15], [14, 23, 15, 24], [16, 2, 17, 1], [18, 6, 19, 5], [20, 8, 21, 7], [22, 3, 23, 4], [24, 13, 1, 14], [2, 12, 3, 11], [4, 10, 5, 9], [6, 20, 7, 19], [8, 22, 9, 21]]"
12a_0536_121,"[[8, 22, 9, 21], [10, 17, 11, 18], [12, 16, 13, 15], [14, 23, 15, 24], [16, 2, 17, 1], [18, 6, 19, 5], [20, 8, 21, 7], [22, 3, 23, 4], [24, 13, 1, 14], [2, 12, 3, 11], [4, 10, 5, 9], [6, 20, 7, 19]]"
12a_0536_122,"[[6, 20, 7, 19], [8, 22, 9, 21], [10, 17, 11, 18], [12, 16, 13, 15], [14, 23, 15, 24], [16, 2, 17, 1], [18, 6, 19, 5], [20, 8, 21, 7], [22, 3, 23, 4], [24, 13, 1, 14], [2, 12, 3, 11], [4, 10, 5, 9]]"
12a_0536_123,"[[4, 10, 5, 9], [6, 20, 7, 19], [8, 22, 9, 21], [10, 17, 11, 18], [12, 16, 13, 15], [14, 23, 15, 24], [16, 2, 17, 1], [18, 6, 19, 5], [20, 8, 21, 7], [22, 3, 23, 4], [24, 13, 1, 14], [2, 12, 3, 11]]"
12a_0536_124,"[[2, 12, 3, 11], [4, 10, 5, 9], [6, 20, 7, 19], [8, 22, 9, 21], [10, 17, 11, 18], [12, 16, 13, 15], [14, 23, 15, 24], [16, 2, 17, 1], [18, 6, 19, 5], [20, 8, 21, 7], [22, 3, 23, 4], [24, 13, 1, 14]]"
12a_0536_125,"[[24, 13, 1, 14], [2, 12, 3, 11], [4, 10, 5, 9], [6, 20, 7, 19], [8, 22, 9, 21], [10, 17, 11, 18], [12, 16, 13, 15], [14, 23, 15, 24], [16, 2, 17, 1], [18, 6, 19, 5], [20, 8, 21, 7], [22, 3, 23, 4]]"
12a_0536_126,"[[22, 3, 23, 4], [24, 13, 1, 14], [2, 12, 3, 11], [4, 10, 5, 9], [6, 20, 7, 19], [8, 22, 9, 21], [10, 17, 11, 18], [12, 16, 13, 15], [14, 23, 15, 24], [16, 2, 17, 1], [18, 6, 19, 5], [20, 8, 21, 7]]"
12a_0536_127,"[[20, 8, 21, 7], [22, 3, 23, 4], [24, 13, 1, 14], [2, 12, 3, 11], [4, 10, 5, 9], [6, 20, 7, 19], [8, 22, 9, 21], [10, 17, 11, 18], [12, 16, 13, 15], [14, 23, 15, 24], [16, 2, 17, 1], [18, 6, 19, 5]]"
12a_0536_128,"[[18, 6, 19, 5], [20, 8, 21, 7], [22, 3, 23, 4], [24, 13, 1, 14], [2, 12, 3, 11], [4, 10, 5, 9], [6, 20, 7, 19], [8, 22, 9, 21], [10, 17, 11, 18], [12, 16, 13, 15], [14, 23, 15, 24], [16, 2, 17, 1]]"
12a_0536_129,"[[16, 2, 17, 1], [18, 6, 19, 5], [20, 8, 21, 7], [22, 3, 23, 4], [24, 13, 1, 14], [2, 12, 3, 11], [4, 10, 5, 9], [6, 20, 7, 19], [8, 22, 9, 21], [10, 17, 11, 18], [12, 16, 13, 15], [14, 23, 15, 24]]"
12a_0536_130,"[[14, 23, 15, 24], [16, 2, 17, 1], [18, 6, 19, 5], [20, 8, 21, 7], [22, 3, 23, 4], [24, 13, 1, 14], [2, 12, 3, 11], [4, 10, 5, 9], [6, 20, 7, 19], [8, 22, 9, 21], [10, 17, 11, 18], [12, 16, 13, 15]]"
12a_0536_131,"[[12, 16, 13, 15], [14, 23, 15, 24], [16, 2, 17, 1], [18, 6, 19, 5], [20, 8, 21, 7], [22, 3, 23, 4], [24, 13, 1, 14], [2, 12, 3, 11], [4, 10, 5, 9], [6, 20, 7, 19], [8, 22, 9, 21], [10, 17, 11, 18]]"
12a_0536_132,"[[11, 18, 12, 19], [13, 17, 14, 16], [15, 24, 16, 1], [17, 3, 18, 2], [19, 7, 20, 6], [21, 9, 22, 8], [23, 4, 24, 5], [1, 14, 2, 15], [3, 13, 4, 12], [5, 11, 6, 10], [7, 21, 8, 20], [9, 23, 10, 22]]"
12a_0536_133,"[[9, 23, 10, 22], [11, 18, 12, 19], [13, 17, 14, 16], [15, 24, 16, 1], [17, 3, 18, 2], [19, 7, 20, 6], [21, 9, 22, 8], [23, 4, 24, 5], [1, 14, 2, 15], [3, 13, 4, 12], [5, 11, 6, 10], [7, 21, 8, 20]]"
12a_0536_134,"[[7, 21, 8, 20], [9, 23, 10, 22], [11, 18, 12, 19], [13, 17, 14, 16], [15, 24, 16, 1], [17, 3, 18, 2], [19, 7, 20, 6], [21, 9, 22, 8], [23, 4, 24, 5], [1, 14, 2, 15], [3, 13, 4, 12], [5, 11, 6, 10]]"
12a_0536_135,"[[5, 11, 6, 10], [7, 21, 8, 20], [9, 23, 10, 22], [11, 18, 12, 19], [13, 17, 14, 16], [15, 24, 16, 1], [17, 3, 18, 2], [19, 7, 20, 6], [21, 9, 22, 8], [23, 4, 24, 5], [1, 14, 2, 15], [3, 13, 4, 12]]"
12a_0536_136,"[[3, 13, 4, 12], [5, 11, 6, 10], [7, 21, 8, 20], [9, 23, 10, 22], [11, 18, 12, 19], [13, 17, 14, 16], [15, 24, 16, 1], [17, 3, 18, 2], [19, 7, 20, 6], [21, 9, 22, 8], [23, 4, 24, 5], [1, 14, 2, 15]]"
12a_0536_137,"[[1, 14, 2, 15], [3, 13, 4, 12], [5, 11, 6, 10], [7, 21, 8, 20], [9, 23, 10, 22], [11, 18, 12, 19], [13, 17, 14, 16], [15, 24, 16, 1], [17, 3, 18, 2], [19, 7, 20, 6], [21, 9, 22, 8], [23, 4, 24, 5]]"
12a_0536_138,"[[23, 4, 24, 5], [1, 14, 2, 15], [3, 13, 4, 12], [5, 11, 6, 10], [7, 21, 8, 20], [9, 23, 10, 22], [11, 18, 12, 19], [13, 17, 14, 16], [15, 24, 16, 1], [17, 3, 18, 2], [19, 7, 20, 6], [21, 9, 22, 8]]"
12a_0536_139,"[[21, 9, 22, 8], [23, 4, 24, 5], [1, 14, 2, 15], [3, 13, 4, 12], [5, 11, 6, 10], [7, 21, 8, 20], [9, 23, 10, 22], [11, 18, 12, 19], [13, 17, 14, 16], [15, 24, 16, 1], [17, 3, 18, 2], [19, 7, 20, 6]]"
12a_0536_140,"[[19, 7, 20, 6], [21, 9, 22, 8], [23, 4, 24, 5], [1, 14, 2, 15], [3, 13, 4, 12], [5, 11, 6, 10], [7, 21, 8, 20], [9, 23, 10, 22], [11, 18, 12, 19], [13, 17, 14, 16], [15, 24, 16, 1], [17, 3, 18, 2]]"
12a_0536_141,"[[17, 3, 18, 2], [19, 7, 20, 6], [21, 9, 22, 8], [23, 4, 24, 5], [1, 14, 2, 15], [3, 13, 4, 12], [5, 11, 6, 10], [7, 21, 8, 20], [9, 23, 10, 22], [11, 18, 12, 19], [13, 17, 14, 16], [15, 24, 16, 1]]"
12a_0536_142,"[[15, 24, 16, 1], [17, 3, 18, 2], [19, 7, 20, 6], [21, 9, 22, 8], [23, 4, 24, 5], [1, 14, 2, 15], [3, 13, 4, 12], [5, 11, 6, 10], [7, 21, 8, 20], [9, 23, 10, 22], [11, 18, 12, 19], [13, 17, 14, 16]]"
12a_0536_143,"[[13, 17, 14, 16], [15, 24, 16, 1], [17, 3, 18, 2], [19, 7, 20, 6], [21, 9, 22, 8], [23, 4, 24, 5], [1, 14, 2, 15], [3, 13, 4, 12], [5, 11, 6, 10], [7, 21, 8, 20], [9, 23, 10, 22], [11, 18, 12, 19]]"
12a_0536_144,"[[12, 19, 13, 20], [14, 18, 15, 17], [16, 1, 17, 2], [18, 4, 19, 3], [20, 8, 21, 7], [22, 10, 23, 9], [24, 5, 1, 6], [2, 15, 3, 16], [4, 14, 5, 13], [6, 12, 7, 11], [8, 22, 9, 21], [10, 24, 11, 23]]"
12a_0536_145,"[[10, 24, 11, 23], [12, 19, 13, 20], [14, 18, 15, 17], [16, 1, 17, 2], [18, 4, 19, 3], [20, 8, 21, 7], [22, 10, 23, 9], [24, 5, 1, 6], [2, 15, 3, 16], [4, 14, 5, 13], [6, 12, 7, 11], [8, 22, 9, 21]]"
12a_0536_146,"[[8, 22, 9, 21], [10, 24, 11, 23], [12, 19, 13, 20], [14, 18, 15, 17], [16, 1, 17, 2], [18, 4, 19, 3], [20, 8, 21, 7], [22, 10, 23, 9], [24, 5, 1, 6], [2, 15, 3, 16], [4, 14, 5, 13], [6, 12, 7, 11]]"
12a_0536_147,"[[6, 12, 7, 11], [8, 22, 9, 21], [10, 24, 11, 23], [12, 19, 13, 20], [14, 18, 15, 17], [16, 1, 17, 2], [18, 4, 19, 3], [20, 8, 21, 7], [22, 10, 23, 9], [24, 5, 1, 6], [2, 15, 3, 16], [4, 14, 5, 13]]"
12a_0536_148,"[[4, 14, 5, 13], [6, 12, 7, 11], [8, 22, 9, 21], [10, 24, 11, 23], [12, 19, 13, 20], [14, 18, 15, 17], [16, 1, 17, 2], [18, 4, 19, 3], [20, 8, 21, 7], [22, 10, 23, 9], [24, 5, 1, 6], [2, 15, 3, 16]]"
12a_0536_149,"[[2, 15, 3, 16], [4, 14, 5, 13], [6, 12, 7, 11], [8, 22, 9, 21], [10, 24, 11, 23], [12, 19, 13, 20], [14, 18, 15, 17], [16, 1, 17, 2], [18, 4, 19, 3], [20, 8, 21, 7], [22, 10, 23, 9], [24, 5, 1, 6]]"
12a_0536_150,"[[24, 5, 1, 6], [2, 15, 3, 16], [4, 14, 5, 13], [6, 12, 7, 11], [8, 22, 9, 21], [10, 24, 11, 23], [12, 19, 13, 20], [14, 18, 15, 17], [16, 1, 17, 2], [18, 4, 19, 3], [20, 8, 21, 7], [22, 10, 23, 9]]"
12a_0536_151,"[[22, 10, 23, 9], [24, 5, 1, 6], [2, 15, 3, 16], [4, 14, 5, 13], [6, 12, 7, 11], [8, 22, 9, 21], [10, 24, 11, 23], [12, 19, 13, 20], [14, 18, 15, 17], [16, 1, 17, 2], [18, 4, 19, 3], [20, 8, 21, 7]]"
12a_0536_152,"[[20, 8, 21, 7], [22, 10, 23, 9], [24, 5, 1, 6], [2, 15, 3, 16], [4, 14, 5, 13], [6, 12, 7, 11], [8, 22, 9, 21], [10, 24, 11, 23], [12, 19, 13, 20], [14, 18, 15, 17], [16, 1, 17, 2], [18, 4, 19, 3]]"
12a_0536_153,"[[18, 4, 19, 3], [20, 8, 21, 7], [22, 10, 23, 9], [24, 5, 1, 6], [2, 15, 3, 16], [4, 14, 5, 13], [6, 12, 7, 11], [8, 22, 9, 21], [10, 24, 11, 23], [12, 19, 13, 20], [14, 18, 15, 17], [16, 1, 17, 2]]"
12a_0536_154,"[[16, 1, 17, 2], [18, 4, 19, 3], [20, 8, 21, 7], [22, 10, 23, 9], [24, 5, 1, 6], [2, 15, 3, 16], [4, 14, 5, 13], [6, 12, 7, 11], [8, 22, 9, 21], [10, 24, 11, 23], [12, 19, 13, 20], [14, 18, 15, 17]]"
12a_0536_155,"[[14, 18, 15, 17], [16, 1, 17, 2], [18, 4, 19, 3], [20, 8, 21, 7], [22, 10, 23, 9], [24, 5, 1, 6], [2, 15, 3, 16], [4, 14, 5, 13], [6, 12, 7, 11], [8, 22, 9, 21], [10, 24, 11, 23], [12, 19, 13, 20]]"
12a_0536_156,"[[13, 20, 14, 21], [15, 19, 16, 18], [17, 2, 18, 3], [19, 5, 20, 4], [21, 9, 22, 8], [23, 11, 24, 10], [1, 6, 2, 7], [3, 16, 4, 17], [5, 15, 6, 14], [7, 13, 8, 12], [9, 23, 10, 22], [11, 1, 12, 24]]"
12a_0536_157,"[[11, 1, 12, 24], [13, 20, 14, 21], [15, 19, 16, 18], [17, 2, 18, 3], [19, 5, 20, 4], [21, 9, 22, 8], [23, 11, 24, 10], [1, 6, 2, 7], [3, 16, 4, 17], [5, 15, 6, 14], [7, 13, 8, 12], [9, 23, 10, 22]]"
12a_0536_158,"[[9, 23, 10, 22], [11, 1, 12, 24], [13, 20, 14, 21], [15, 19, 16, 18], [17, 2, 18, 3], [19, 5, 20, 4], [21, 9, 22, 8], [23, 11, 24, 10], [1, 6, 2, 7], [3, 16, 4, 17], [5, 15, 6, 14], [7, 13, 8, 12]]"
12a_0536_159,"[[7, 13, 8, 12], [9, 23, 10, 22], [11, 1, 12, 24], [13, 20, 14, 21], [15, 19, 16, 18], [17, 2, 18, 3], [19, 5, 20, 4], [21, 9, 22, 8], [23, 11, 24, 10], [1, 6, 2, 7], [3, 16, 4, 17], [5, 15, 6, 14]]"
12a_0536_160,"[[5, 15, 6, 14], [7, 13, 8, 12], [9, 23, 10, 22], [11, 1, 12, 24], [13, 20, 14, 21], [15, 19, 16, 18], [17, 2, 18, 3], [19, 5, 20, 4], [21, 9, 22, 8], [23, 11, 24, 10], [1, 6, 2, 7], [3, 16, 4, 17]]"
12a_0536_161,"[[3, 16, 4, 17], [5, 15, 6, 14], [7, 13, 8, 12], [9, 23, 10, 22], [11, 1, 12, 24], [13, 20, 14, 21], [15, 19, 16, 18], [17, 2, 18, 3], [19, 5, 20, 4], [21, 9, 22, 8], [23, 11, 24, 10], [1, 6, 2, 7]]"
12a_0536_162,"[[1, 6, 2, 7], [3, 16, 4, 17], [5, 15, 6, 14], [7, 13, 8, 12], [9, 23, 10, 22], [11, 1, 12, 24], [13, 20, 14, 21], [15, 19, 16, 18], [17, 2, 18, 3], [19, 5, 20, 4], [21, 9, 22, 8], [23, 11, 24, 10]]"
12a_0536_163,"[[23, 11, 24, 10], [1, 6, 2, 7], [3, 16, 4, 17], [5, 15, 6, 14], [7, 13, 8, 12], [9, 23, 10, 22], [11, 1, 12, 24], [13, 20, 14, 21], [15, 19, 16, 18], [17, 2, 18, 3], [19, 5, 20, 4], [21, 9, 22, 8]]"
12a_0536_164,"[[21, 9, 22, 8], [23, 11, 24, 10], [1, 6, 2, 7], [3, 16, 4, 17], [5, 15, 6, 14], [7, 13, 8, 12], [9, 23, 10, 22], [11, 1, 12, 24], [13, 20, 14, 21], [15, 19, 16, 18], [17, 2, 18, 3], [19, 5, 20, 4]]"
12a_0536_165,"[[19, 5, 20, 4], [21, 9, 22, 8], [23, 11, 24, 10], [1, 6, 2, 7], [3, 16, 4, 17], [5, 15, 6, 14], [7, 13, 8, 12], [9, 23, 10, 22], [11, 1, 12, 24], [13, 20, 14, 21], [15, 19, 16, 18], [17, 2, 18, 3]]"
12a_0536_166,"[[17, 2, 18, 3], [19, 5, 20, 4], [21, 9, 22, 8], [23, 11, 24, 10], [1, 6, 2, 7], [3, 16, 4, 17], [5, 15, 6, 14], [7, 13, 8, 12], [9, 23, 10, 22], [11, 1, 12, 24], [13, 20, 14, 21], [15, 19, 16, 18]]"
12a_0536_167,"[[15, 19, 16, 18], [17, 2, 18, 3], [19, 5, 20, 4], [21, 9, 22, 8], [23, 11, 24, 10], [1, 6, 2, 7], [3, 16, 4, 17], [5, 15, 6, 14], [7, 13, 8, 12], [9, 23, 10, 22], [11, 1, 12, 24], [13, 20, 14, 21]]"
12a_0536_168,"[[14, 21, 15, 22], [16, 20, 17, 19], [18, 3, 19, 4], [20, 6, 21, 5], [22, 10, 23, 9], [24, 12, 1, 11], [2, 7, 3, 8], [4, 17, 5, 18], [6, 16, 7, 15], [8, 14, 9, 13], [10, 24, 11, 23], [12, 2, 13, 1]]"
12a_0536_169,"[[12, 2, 13, 1], [14, 21, 15, 22], [16, 20, 17, 19], [18, 3, 19, 4], [20, 6, 21, 5], [22, 10, 23, 9], [24, 12, 1, 11], [2, 7, 3, 8], [4, 17, 5, 18], [6, 16, 7, 15], [8, 14, 9, 13], [10, 24, 11, 23]]"
12a_0536_170,"[[10, 24, 11, 23], [12, 2, 13, 1], [14, 21, 15, 22], [16, 20, 17, 19], [18, 3, 19, 4], [20, 6, 21, 5], [22, 10, 23, 9], [24, 12, 1, 11], [2, 7, 3, 8], [4, 17, 5, 18], [6, 16, 7, 15], [8, 14, 9, 13]]"
12a_0536_171,"[[8, 14, 9, 13], [10, 24, 11, 23], [12, 2, 13, 1], [14, 21, 15, 22], [16, 20, 17, 19], [18, 3, 19, 4], [20, 6, 21, 5], [22, 10, 23, 9], [24, 12, 1, 11], [2, 7, 3, 8], [4, 17, 5, 18], [6, 16, 7, 15]]"
12a_0536_172,"[[6, 16, 7, 15], [8, 14, 9, 13], [10, 24, 11, 23], [12, 2, 13, 1], [14, 21, 15, 22], [16, 20, 17, 19], [18, 3, 19, 4], [20, 6, 21, 5], [22, 10, 23, 9], [24, 12, 1, 11], [2, 7, 3, 8], [4, 17, 5, 18]]"
12a_0536_173,"[[4, 17, 5, 18], [6, 16, 7, 15], [8, 14, 9, 13], [10, 24, 11, 23], [12, 2, 13, 1], [14, 21, 15, 22], [16, 20, 17, 19], [18, 3, 19, 4], [20, 6, 21, 5], [22, 10, 23, 9], [24, 12, 1, 11], [2, 7, 3, 8]]"
12a_0536_174,"[[2, 7, 3, 8], [4, 17, 5, 18], [6, 16, 7, 15], [8, 14, 9, 13], [10, 24, 11, 23], [12, 2, 13, 1], [14, 21, 15, 22], [16, 20, 17, 19], [18, 3, 19, 4], [20, 6, 21, 5], [22, 10, 23, 9], [24, 12, 1, 11]]"
12a_0536_175,"[[24, 12, 1, 11], [2, 7, 3, 8], [4, 17, 5, 18], [6, 16, 7, 15], [8, 14, 9, 13], [10, 24, 11, 23], [12, 2, 13, 1], [14, 21, 15, 22], [16, 20, 17, 19], [18, 3, 19, 4], [20, 6, 21, 5], [22, 10, 23, 9]]"
12a_0536_176,"[[22, 10, 23, 9], [24, 12, 1, 11], [2, 7, 3, 8], [4, 17, 5, 18], [6, 16, 7, 15], [8, 14, 9, 13], [10, 24, 11, 23], [12, 2, 13, 1], [14, 21, 15, 22], [16, 20, 17, 19], [18, 3, 19, 4], [20, 6, 21, 5]]"
12a_0536_177,"[[20, 6, 21, 5], [22, 10, 23, 9], [24, 12, 1, 11], [2, 7, 3, 8], [4, 17, 5, 18], [6, 16, 7, 15], [8, 14, 9, 13], [10, 24, 11, 23], [12, 2, 13, 1], [14, 21, 15, 22], [16, 20, 17, 19], [18, 3, 19, 4]]"
12a_0536_178,"[[18, 3, 19, 4], [20, 6, 21, 5], [22, 10, 23, 9], [24, 12, 1, 11], [2, 7, 3, 8], [4, 17, 5, 18], [6, 16, 7, 15], [8, 14, 9, 13], [10, 24, 11, 23], [12, 2, 13, 1], [14, 21, 15, 22], [16, 20, 17, 19]]"
12a_0536_179,"[[16, 20, 17, 19], [18, 3, 19, 4], [20, 6, 21, 5], [22, 10, 23, 9], [24, 12, 1, 11], [2, 7, 3, 8], [4, 17, 5, 18], [6, 16, 7, 15], [8, 14, 9, 13], [10, 24, 11, 23], [12, 2, 13, 1], [14, 21, 15, 22]]"
12a_0536_180,"[[15, 22, 16, 23], [17, 21, 18, 20], [19, 4, 20, 5], [21, 7, 22, 6], [23, 11, 24, 10], [1, 13, 2, 12], [3, 8, 4, 9], [5, 18, 6, 19], [7, 17, 8, 16], [9, 15, 10, 14], [11, 1, 12, 24], [13, 3, 14, 2]]"
12a_0536_181,"[[13, 3, 14, 2], [15, 22, 16, 23], [17, 21, 18, 20], [19, 4, 20, 5], [21, 7, 22, 6], [23, 11, 24, 10], [1, 13, 2, 12], [3, 8, 4, 9], [5, 18, 6, 19], [7, 17, 8, 16], [9, 15, 10, 14], [11, 1, 12, 24]]"
12a_0536_182,"[[11, 1, 12, 24], [13, 3, 14, 2], [15, 22, 16, 23], [17, 21, 18, 20], [19, 4, 20, 5], [21, 7, 22, 6], [23, 11, 24, 10], [1, 13, 2, 12], [3, 8, 4, 9], [5, 18, 6, 19], [7, 17, 8, 16], [9, 15, 10, 14]]"
12a_0536_183,"[[9, 15, 10, 14], [11, 1, 12, 24], [13, 3, 14, 2], [15, 22, 16, 23], [17, 21, 18, 20], [19, 4, 20, 5], [21, 7, 22, 6], [23, 11, 24, 10], [1, 13, 2, 12], [3, 8, 4, 9], [5, 18, 6, 19], [7, 17, 8, 16]]"
12a_0536_184,"[[7, 17, 8, 16], [9, 15, 10, 14], [11, 1, 12, 24], [13, 3, 14, 2], [15, 22, 16, 23], [17, 21, 18, 20], [19, 4, 20, 5], [21, 7, 22, 6], [23, 11, 24, 10], [1, 13, 2, 12], [3, 8, 4, 9], [5, 18, 6, 19]]"
12a_0536_185,"[[5, 18, 6, 19], [7, 17, 8, 16], [9, 15, 10, 14], [11, 1, 12, 24], [13, 3, 14, 2], [15, 22, 16, 23], [17, 21, 18, 20], [19, 4, 20, 5], [21, 7, 22, 6], [23, 11, 24, 10], [1, 13, 2, 12], [3, 8, 4, 9]]"
