name,pd_notation
12a_0476_0,"[[24, 16, 1, 15], [2, 6, 3, 5], [4, 11, 5, 12], [6, 21, 7, 22], [8, 17, 9, 18], [10, 14, 11, 13], [12, 3, 13, 4], [14, 19, 15, 20], [16, 24, 17, 23], [18, 9, 19, 10], [20, 1, 21, 2], [22, 7, 23, 8]]"
12a_0476_1,"[[22, 7, 23, 8], [24, 16, 1, 15], [2, 6, 3, 5], [4, 11, 5, 12], [6, 21, 7, 22], [8, 17, 9, 18], [10, 14, 11, 13], [12, 3, 13, 4], [14, 19, 15, 20], [16, 24, 17, 23], [18, 9, 19, 10], [20, 1, 21, 2]]"
12a_0476_2,"[[20, 1, 21, 2], [22, 7, 23, 8], [24, 16, 1, 15], [2, 6, 3, 5], [4, 11, 5, 12], [6, 21, 7, 22], [8, 17, 9, 18], [10, 14, 11, 13], [12, 3, 13, 4], [14, 19, 15, 20], [16, 24, 17, 23], [18, 9, 19, 10]]"
12a_0476_3,"[[18, 9, 19, 10], [20, 1, 21, 2], [22, 7, 23, 8], [24, 16, 1, 15], [2, 6, 3, 5], [4, 11, 5, 12], [6, 21, 7, 22], [8, 17, 9, 18], [10, 14, 11, 13], [12, 3, 13, 4], [14, 19, 15, 20], [16, 24, 17, 23]]"
12a_0476_4,"[[16, 24, 17, 23], [18, 9, 19, 10], [20, 1, 21, 2], [22, 7, 23, 8], [24, 16, 1, 15], [2, 6, 3, 5], [4, 11, 5, 12], [6, 21, 7, 22], [8, 17, 9, 18], [10, 14, 11, 13], [12, 3, 13, 4], [14, 19, 15, 20]]"
12a_0476_5,"[[14, 19, 15, 20], [16, 24, 17, 23], [18, 9, 19, 10], [20, 1, 21, 2], [22, 7, 23, 8], [24, 16, 1, 15], [2, 6, 3, 5], [4, 11, 5, 12], [6, 21, 7, 22], [8, 17, 9, 18], [10, 14, 11, 13], [12, 3, 13, 4]]"
12a_0476_6,"[[12, 3, 13, 4], [14, 19, 15, 20], [16, 24, 17, 23], [18, 9, 19, 10], [20, 1, 21, 2], [22, 7, 23, 8], [24, 16, 1, 15], [2, 6, 3, 5], [4, 11, 5, 12], [6, 21, 7, 22], [8, 17, 9, 18], [10, 14, 11, 13]]"
12a_0476_7,"[[10, 14, 11, 13], [12, 3, 13, 4], [14, 19, 15, 20], [16, 24, 17, 23], [18, 9, 19, 10], [20, 1, 21, 2], [22, 7, 23, 8], [24, 16, 1, 15], [2, 6, 3, 5], [4, 11, 5, 12], [6, 21, 7, 22], [8, 17, 9, 18]]"
12a_0476_8,"[[8, 17, 9, 18], [10, 14, 11, 13], [12, 3, 13, 4], [14, 19, 15, 20], [16, 24, 17, 23], [18, 9, 19, 10], [20, 1, 21, 2], [22, 7, 23, 8], [24, 16, 1, 15], [2, 6, 3, 5], [4, 11, 5, 12], [6, 21, 7, 22]]"
12a_0476_9,"[[6, 21, 7, 22], [8, 17, 9, 18], [10, 14, 11, 13], [12, 3, 13, 4], [14, 19, 15, 20], [16, 24, 17, 23], [18, 9, 19, 10], [20, 1, 21, 2], [22, 7, 23, 8], [24, 16, 1, 15], [2, 6, 3, 5], [4, 11, 5, 12]]"
12a_0476_10,"[[4, 11, 5, 12], [6, 21, 7, 22], [8, 17, 9, 18], [10, 14, 11, 13], [12, 3, 13, 4], [14, 19, 15, 20], [16, 24, 17, 23], [18, 9, 19, 10], [20, 1, 21, 2], [22, 7, 23, 8], [24, 16, 1, 15], [2, 6, 3, 5]]"
12a_0476_11,"[[2, 6, 3, 5], [4, 11, 5, 12], [6, 21, 7, 22], [8, 17, 9, 18], [10, 14, 11, 13], [12, 3, 13, 4], [14, 19, 15, 20], [16, 24, 17, 23], [18, 9, 19, 10], [20, 1, 21, 2], [22, 7, 23, 8], [24, 16, 1, 15]]"
12a_0476_12,"[[1, 17, 2, 16], [3, 7, 4, 6], [5, 12, 6, 13], [7, 22, 8, 23], [9, 18, 10, 19], [11, 15, 12, 14], [13, 4, 14, 5], [15, 20, 16, 21], [17, 1, 18, 24], [19, 10, 20, 11], [21, 2, 22, 3], [23, 8, 24, 9]]"
12a_0476_13,"[[23, 8, 24, 9], [1, 17, 2, 16], [3, 7, 4, 6], [5, 12, 6, 13], [7, 22, 8, 23], [9, 18, 10, 19], [11, 15, 12, 14], [13, 4, 14, 5], [15, 20, 16, 21], [17, 1, 18, 24], [19, 10, 20, 11], [21, 2, 22, 3]]"
12a_0476_14,"[[21, 2, 22, 3], [23, 8, 24, 9], [1, 17, 2, 16], [3, 7, 4, 6], [5, 12, 6, 13], [7, 22, 8, 23], [9, 18, 10, 19], [11, 15, 12, 14], [13, 4, 14, 5], [15, 20, 16, 21], [17, 1, 18, 24], [19, 10, 20, 11]]"
12a_0476_15,"[[19, 10, 20, 11], [21, 2, 22, 3], [23, 8, 24, 9], [1, 17, 2, 16], [3, 7, 4, 6], [5, 12, 6, 13], [7, 22, 8, 23], [9, 18, 10, 19], [11, 15, 12, 14], [13, 4, 14, 5], [15, 20, 16, 21], [17, 1, 18, 24]]"
12a_0476_16,"[[17, 1, 18, 24], [19, 10, 20, 11], [21, 2, 22, 3], [23, 8, 24, 9], [1, 17, 2, 16], [3, 7, 4, 6], [5, 12, 6, 13], [7, 22, 8, 23], [9, 18, 10, 19], [11, 15, 12, 14], [13, 4, 14, 5], [15, 20, 16, 21]]"
12a_0476_17,"[[15, 20, 16, 21], [17, 1, 18, 24], [19, 10, 20, 11], [21, 2, 22, 3], [23, 8, 24, 9], [1, 17, 2, 16], [3, 7, 4, 6], [5, 12, 6, 13], [7, 22, 8, 23], [9, 18, 10, 19], [11, 15, 12, 14], [13, 4, 14, 5]]"
12a_0476_18,"[[13, 4, 14, 5], [15, 20, 16, 21], [17, 1, 18, 24], [19, 10, 20, 11], [21, 2, 22, 3], [23, 8, 24, 9], [1, 17, 2, 16], [3, 7, 4, 6], [5, 12, 6, 13], [7, 22, 8, 23], [9, 18, 10, 19], [11, 15, 12, 14]]"
12a_0476_19,"[[11, 15, 12, 14], [13, 4, 14, 5], [15, 20, 16, 21], [17, 1, 18, 24], [19, 10, 20, 11], [21, 2, 22, 3], [23, 8, 24, 9], [1, 17, 2, 16], [3, 7, 4, 6], [5, 12, 6, 13], [7, 22, 8, 23], [9, 18, 10, 19]]"
12a_0476_20,"[[9, 18, 10, 19], [11, 15, 12, 14], [13, 4, 14, 5], [15, 20, 16, 21], [17, 1, 18, 24], [19, 10, 20, 11], [21, 2, 22, 3], [23, 8, 24, 9], [1, 17, 2, 16], [3, 7, 4, 6], [5, 12, 6, 13], [7, 22, 8, 23]]"
12a_0476_21,"[[7, 22, 8, 23], [9, 18, 10, 19], [11, 15, 12, 14], [13, 4, 14, 5], [15, 20, 16, 21], [17, 1, 18, 24], [19, 10, 20, 11], [21, 2, 22, 3], [23, 8, 24, 9], [1, 17, 2, 16], [3, 7, 4, 6], [5, 12, 6, 13]]"
12a_0476_22,"[[5, 12, 6, 13], [7, 22, 8, 23], [9, 18, 10, 19], [11, 15, 12, 14], [13, 4, 14, 5], [15, 20, 16, 21], [17, 1, 18, 24], [19, 10, 20, 11], [21, 2, 22, 3], [23, 8, 24, 9], [1, 17, 2, 16], [3, 7, 4, 6]]"
12a_0476_23,"[[3, 7, 4, 6], [5, 12, 6, 13], [7, 22, 8, 23], [9, 18, 10, 19], [11, 15, 12, 14], [13, 4, 14, 5], [15, 20, 16, 21], [17, 1, 18, 24], [19, 10, 20, 11], [21, 2, 22, 3], [23, 8, 24, 9], [1, 17, 2, 16]]"
12a_0476_24,"[[2, 18, 3, 17], [4, 8, 5, 7], [6, 13, 7, 14], [8, 23, 9, 24], [10, 19, 11, 20], [12, 16, 13, 15], [14, 5, 15, 6], [16, 21, 17, 22], [18, 2, 19, 1], [20, 11, 21, 12], [22, 3, 23, 4], [24, 9, 1, 10]]"
12a_0476_25,"[[24, 9, 1, 10], [2, 18, 3, 17], [4, 8, 5, 7], [6, 13, 7, 14], [8, 23, 9, 24], [10, 19, 11, 20], [12, 16, 13, 15], [14, 5, 15, 6], [16, 21, 17, 22], [18, 2, 19, 1], [20, 11, 21, 12], [22, 3, 23, 4]]"
12a_0476_26,"[[22, 3, 23, 4], [24, 9, 1, 10], [2, 18, 3, 17], [4, 8, 5, 7], [6, 13, 7, 14], [8, 23, 9, 24], [10, 19, 11, 20], [12, 16, 13, 15], [14, 5, 15, 6], [16, 21, 17, 22], [18, 2, 19, 1], [20, 11, 21, 12]]"
12a_0476_27,"[[20, 11, 21, 12], [22, 3, 23, 4], [24, 9, 1, 10], [2, 18, 3, 17], [4, 8, 5, 7], [6, 13, 7, 14], [8, 23, 9, 24], [10, 19, 11, 20], [12, 16, 13, 15], [14, 5, 15, 6], [16, 21, 17, 22], [18, 2, 19, 1]]"
12a_0476_28,"[[18, 2, 19, 1], [20, 11, 21, 12], [22, 3, 23, 4], [24, 9, 1, 10], [2, 18, 3, 17], [4, 8, 5, 7], [6, 13, 7, 14], [8, 23, 9, 24], [10, 19, 11, 20], [12, 16, 13, 15], [14, 5, 15, 6], [16, 21, 17, 22]]"
12a_0476_29,"[[16, 21, 17, 22], [18, 2, 19, 1], [20, 11, 21, 12], [22, 3, 23, 4], [24, 9, 1, 10], [2, 18, 3, 17], [4, 8, 5, 7], [6, 13, 7, 14], [8, 23, 9, 24], [10, 19, 11, 20], [12, 16, 13, 15], [14, 5, 15, 6]]"
12a_0476_30,"[[14, 5, 15, 6], [16, 21, 17, 22], [18, 2, 19, 1], [20, 11, 21, 12], [22, 3, 23, 4], [24, 9, 1, 10], [2, 18, 3, 17], [4, 8, 5, 7], [6, 13, 7, 14], [8, 23, 9, 24], [10, 19, 11, 20], [12, 16, 13, 15]]"
12a_0476_31,"[[12, 16, 13, 15], [14, 5, 15, 6], [16, 21, 17, 22], [18, 2, 19, 1], [20, 11, 21, 12], [22, 3, 23, 4], [24, 9, 1, 10], [2, 18, 3, 17], [4, 8, 5, 7], [6, 13, 7, 14], [8, 23, 9, 24], [10, 19, 11, 20]]"
12a_0476_32,"[[10, 19, 11, 20], [12, 16, 13, 15], [14, 5, 15, 6], [16, 21, 17, 22], [18, 2, 19, 1], [20, 11, 21, 12], [22, 3, 23, 4], [24, 9, 1, 10], [2, 18, 3, 17], [4, 8, 5, 7], [6, 13, 7, 14], [8, 23, 9, 24]]"
12a_0476_33,"[[8, 23, 9, 24], [10, 19, 11, 20], [12, 16, 13, 15], [14, 5, 15, 6], [16, 21, 17, 22], [18, 2, 19, 1], [20, 11, 21, 12], [22, 3, 23, 4], [24, 9, 1, 10], [2, 18, 3, 17], [4, 8, 5, 7], [6, 13, 7, 14]]"
12a_0476_34,"[[6, 13, 7, 14], [8, 23, 9, 24], [10, 19, 11, 20], [12, 16, 13, 15], [14, 5, 15, 6], [16, 21, 17, 22], [18, 2, 19, 1], [20, 11, 21, 12], [22, 3, 23, 4], [24, 9, 1, 10], [2, 18, 3, 17], [4, 8, 5, 7]]"
12a_0476_35,"[[4, 8, 5, 7], [6, 13, 7, 14], [8, 23, 9, 24], [10, 19, 11, 20], [12, 16, 13, 15], [14, 5, 15, 6], [16, 21, 17, 22], [18, 2, 19, 1], [20, 11, 21, 12], [22, 3, 23, 4], [24, 9, 1, 10], [2, 18, 3, 17]]"
12a_0476_36,"[[3, 19, 4, 18], [5, 9, 6, 8], [7, 14, 8, 15], [9, 24, 10, 1], [11, 20, 12, 21], [13, 17, 14, 16], [15, 6, 16, 7], [17, 22, 18, 23], [19, 3, 20, 2], [21, 12, 22, 13], [23, 4, 24, 5], [1, 10, 2, 11]]"
12a_0476_37,"[[1, 10, 2, 11], [3, 19, 4, 18], [5, 9, 6, 8], [7, 14, 8, 15], [9, 24, 10, 1], [11, 20, 12, 21], [13, 17, 14, 16], [15, 6, 16, 7], [17, 22, 18, 23], [19, 3, 20, 2], [21, 12, 22, 13], [23, 4, 24, 5]]"
12a_0476_38,"[[23, 4, 24, 5], [1, 10, 2, 11], [3, 19, 4, 18], [5, 9, 6, 8], [7, 14, 8, 15], [9, 24, 10, 1], [11, 20, 12, 21], [13, 17, 14, 16], [15, 6, 16, 7], [17, 22, 18, 23], [19, 3, 20, 2], [21, 12, 22, 13]]"
12a_0476_39,"[[21, 12, 22, 13], [23, 4, 24, 5], [1, 10, 2, 11], [3, 19, 4, 18], [5, 9, 6, 8], [7, 14, 8, 15], [9, 24, 10, 1], [11, 20, 12, 21], [13, 17, 14, 16], [15, 6, 16, 7], [17, 22, 18, 23], [19, 3, 20, 2]]"
12a_0476_40,"[[19, 3, 20, 2], [21, 12, 22, 13], [23, 4, 24, 5], [1, 10, 2, 11], [3, 19, 4, 18], [5, 9, 6, 8], [7, 14, 8, 15], [9, 24, 10, 1], [11, 20, 12, 21], [13, 17, 14, 16], [15, 6, 16, 7], [17, 22, 18, 23]]"
12a_0476_41,"[[17, 22, 18, 23], [19, 3, 20, 2], [21, 12, 22, 13], [23, 4, 24, 5], [1, 10, 2, 11], [3, 19, 4, 18], [5, 9, 6, 8], [7, 14, 8, 15], [9, 24, 10, 1], [11, 20, 12, 21], [13, 17, 14, 16], [15, 6, 16, 7]]"
12a_0476_42,"[[15, 6, 16, 7], [17, 22, 18, 23], [19, 3, 20, 2], [21, 12, 22, 13], [23, 4, 24, 5], [1, 10, 2, 11], [3, 19, 4, 18], [5, 9, 6, 8], [7, 14, 8, 15], [9, 24, 10, 1], [11, 20, 12, 21], [13, 17, 14, 16]]"
12a_0476_43,"[[13, 17, 14, 16], [15, 6, 16, 7], [17, 22, 18, 23], [19, 3, 20, 2], [21, 12, 22, 13], [23, 4, 24, 5], [1, 10, 2, 11], [3, 19, 4, 18], [5, 9, 6, 8], [7, 14, 8, 15], [9, 24, 10, 1], [11, 20, 12, 21]]"
12a_0476_44,"[[11, 20, 12, 21], [13, 17, 14, 16], [15, 6, 16, 7], [17, 22, 18, 23], [19, 3, 20, 2], [21, 12, 22, 13], [23, 4, 24, 5], [1, 10, 2, 11], [3, 19, 4, 18], [5, 9, 6, 8], [7, 14, 8, 15], [9, 24, 10, 1]]"
12a_0476_45,"[[9, 24, 10, 1], [11, 20, 12, 21], [13, 17, 14, 16], [15, 6, 16, 7], [17, 22, 18, 23], [19, 3, 20, 2], [21, 12, 22, 13], [23, 4, 24, 5], [1, 10, 2, 11], [3, 19, 4, 18], [5, 9, 6, 8], [7, 14, 8, 15]]"
12a_0476_46,"[[7, 14, 8, 15], [9, 24, 10, 1], [11, 20, 12, 21], [13, 17, 14, 16], [15, 6, 16, 7], [17, 22, 18, 23], [19, 3, 20, 2], [21, 12, 22, 13], [23, 4, 24, 5], [1, 10, 2, 11], [3, 19, 4, 18], [5, 9, 6, 8]]"
12a_0476_47,"[[5, 9, 6, 8], [7, 14, 8, 15], [9, 24, 10, 1], [11, 20, 12, 21], [13, 17, 14, 16], [15, 6, 16, 7], [17, 22, 18, 23], [19, 3, 20, 2], [21, 12, 22, 13], [23, 4, 24, 5], [1, 10, 2, 11], [3, 19, 4, 18]]"
12a_0476_48,"[[4, 20, 5, 19], [6, 10, 7, 9], [8, 15, 9, 16], [10, 1, 11, 2], [12, 21, 13, 22], [14, 18, 15, 17], [16, 7, 17, 8], [18, 23, 19, 24], [20, 4, 21, 3], [22, 13, 23, 14], [24, 5, 1, 6], [2, 11, 3, 12]]"
12a_0476_49,"[[2, 11, 3, 12], [4, 20, 5, 19], [6, 10, 7, 9], [8, 15, 9, 16], [10, 1, 11, 2], [12, 21, 13, 22], [14, 18, 15, 17], [16, 7, 17, 8], [18, 23, 19, 24], [20, 4, 21, 3], [22, 13, 23, 14], [24, 5, 1, 6]]"
12a_0476_50,"[[24, 5, 1, 6], [2, 11, 3, 12], [4, 20, 5, 19], [6, 10, 7, 9], [8, 15, 9, 16], [10, 1, 11, 2], [12, 21, 13, 22], [14, 18, 15, 17], [16, 7, 17, 8], [18, 23, 19, 24], [20, 4, 21, 3], [22, 13, 23, 14]]"
12a_0476_51,"[[22, 13, 23, 14], [24, 5, 1, 6], [2, 11, 3, 12], [4, 20, 5, 19], [6, 10, 7, 9], [8, 15, 9, 16], [10, 1, 11, 2], [12, 21, 13, 22], [14, 18, 15, 17], [16, 7, 17, 8], [18, 23, 19, 24], [20, 4, 21, 3]]"
12a_0476_52,"[[20, 4, 21, 3], [22, 13, 23, 14], [24, 5, 1, 6], [2, 11, 3, 12], [4, 20, 5, 19], [6, 10, 7, 9], [8, 15, 9, 16], [10, 1, 11, 2], [12, 21, 13, 22], [14, 18, 15, 17], [16, 7, 17, 8], [18, 23, 19, 24]]"
12a_0476_53,"[[18, 23, 19, 24], [20, 4, 21, 3], [22, 13, 23, 14], [24, 5, 1, 6], [2, 11, 3, 12], [4, 20, 5, 19], [6, 10, 7, 9], [8, 15, 9, 16], [10, 1, 11, 2], [12, 21, 13, 22], [14, 18, 15, 17], [16, 7, 17, 8]]"
12a_0476_54,"[[16, 7, 17, 8], [18, 23, 19, 24], [20, 4, 21, 3], [22, 13, 23, 14], [24, 5, 1, 6], [2, 11, 3, 12], [4, 20, 5, 19], [6, 10, 7, 9], [8, 15, 9, 16], [10, 1, 11, 2], [12, 21, 13, 22], [14, 18, 15, 17]]"
12a_0476_55,"[[14, 18, 15, 17], [16, 7, 17, 8], [18, 23, 19, 24], [20, 4, 21, 3], [22, 13, 23, 14], [24, 5, 1, 6], [2, 11, 3, 12], [4, 20, 5, 19], [6, 10, 7, 9], [8, 15, 9, 16], [10, 1, 11, 2], [12, 21, 13, 22]]"
12a_0476_56,"[[12, 21, 13, 22], [14, 18, 15, 17], [16, 7, 17, 8], [18, 23, 19, 24], [20, 4, 21, 3], [22, 13, 23, 14], [24, 5, 1, 6], [2, 11, 3, 12], [4, 20, 5, 19], [6, 10, 7, 9], [8, 15, 9, 16], [10, 1, 11, 2]]"
12a_0476_57,"[[10, 1, 11, 2], [12, 21, 13, 22], [14, 18, 15, 17], [16, 7, 17, 8], [18, 23, 19, 24], [20, 4, 21, 3], [22, 13, 23, 14], [24, 5, 1, 6], [2, 11, 3, 12], [4, 20, 5, 19], [6, 10, 7, 9], [8, 15, 9, 16]]"
12a_0476_58,"[[8, 15, 9, 16], [10, 1, 11, 2], [12, 21, 13, 22], [14, 18, 15, 17], [16, 7, 17, 8], [18, 23, 19, 24], [20, 4, 21, 3], [22, 13, 23, 14], [24, 5, 1, 6], [2, 11, 3, 12], [4, 20, 5, 19], [6, 10, 7, 9]]"
12a_0476_59,"[[6, 10, 7, 9], [8, 15, 9, 16], [10, 1, 11, 2], [12, 21, 13, 22], [14, 18, 15, 17], [16, 7, 17, 8], [18, 23, 19, 24], [20, 4, 21, 3], [22, 13, 23, 14], [24, 5, 1, 6], [2, 11, 3, 12], [4, 20, 5, 19]]"
12a_0476_60,"[[5, 21, 6, 20], [7, 11, 8, 10], [9, 16, 10, 17], [11, 2, 12, 3], [13, 22, 14, 23], [15, 19, 16, 18], [17, 8, 18, 9], [19, 24, 20, 1], [21, 5, 22, 4], [23, 14, 24, 15], [1, 6, 2, 7], [3, 12, 4, 13]]"
12a_0476_61,"[[3, 12, 4, 13], [5, 21, 6, 20], [7, 11, 8, 10], [9, 16, 10, 17], [11, 2, 12, 3], [13, 22, 14, 23], [15, 19, 16, 18], [17, 8, 18, 9], [19, 24, 20, 1], [21, 5, 22, 4], [23, 14, 24, 15], [1, 6, 2, 7]]"
12a_0476_62,"[[1, 6, 2, 7], [3, 12, 4, 13], [5, 21, 6, 20], [7, 11, 8, 10], [9, 16, 10, 17], [11, 2, 12, 3], [13, 22, 14, 23], [15, 19, 16, 18], [17, 8, 18, 9], [19, 24, 20, 1], [21, 5, 22, 4], [23, 14, 24, 15]]"
12a_0476_63,"[[23, 14, 24, 15], [1, 6, 2, 7], [3, 12, 4, 13], [5, 21, 6, 20], [7, 11, 8, 10], [9, 16, 10, 17], [11, 2, 12, 3], [13, 22, 14, 23], [15, 19, 16, 18], [17, 8, 18, 9], [19, 24, 20, 1], [21, 5, 22, 4]]"
12a_0476_64,"[[21, 5, 22, 4], [23, 14, 24, 15], [1, 6, 2, 7], [3, 12, 4, 13], [5, 21, 6, 20], [7, 11, 8, 10], [9, 16, 10, 17], [11, 2, 12, 3], [13, 22, 14, 23], [15, 19, 16, 18], [17, 8, 18, 9], [19, 24, 20, 1]]"
12a_0476_65,"[[19, 24, 20, 1], [21, 5, 22, 4], [23, 14, 24, 15], [1, 6, 2, 7], [3, 12, 4, 13], [5, 21, 6, 20], [7, 11, 8, 10], [9, 16, 10, 17], [11, 2, 12, 3], [13, 22, 14, 23], [15, 19, 16, 18], [17, 8, 18, 9]]"
12a_0476_66,"[[17, 8, 18, 9], [19, 24, 20, 1], [21, 5, 22, 4], [23, 14, 24, 15], [1, 6, 2, 7], [3, 12, 4, 13], [5, 21, 6, 20], [7, 11, 8, 10], [9, 16, 10, 17], [11, 2, 12, 3], [13, 22, 14, 23], [15, 19, 16, 18]]"
12a_0476_67,"[[15, 19, 16, 18], [17, 8, 18, 9], [19, 24, 20, 1], [21, 5, 22, 4], [23, 14, 24, 15], [1, 6, 2, 7], [3, 12, 4, 13], [5, 21, 6, 20], [7, 11, 8, 10], [9, 16, 10, 17], [11, 2, 12, 3], [13, 22, 14, 23]]"
12a_0476_68,"[[13, 22, 14, 23], [15, 19, 16, 18], [17, 8, 18, 9], [19, 24, 20, 1], [21, 5, 22, 4], [23, 14, 24, 15], [1, 6, 2, 7], [3, 12, 4, 13], [5, 21, 6, 20], [7, 11, 8, 10], [9, 16, 10, 17], [11, 2, 12, 3]]"
12a_0476_69,"[[11, 2, 12, 3], [13, 22, 14, 23], [15, 19, 16, 18], [17, 8, 18, 9], [19, 24, 20, 1], [21, 5, 22, 4], [23, 14, 24, 15], [1, 6, 2, 7], [3, 12, 4, 13], [5, 21, 6, 20], [7, 11, 8, 10], [9, 16, 10, 17]]"
12a_0476_70,"[[9, 16, 10, 17], [11, 2, 12, 3], [13, 22, 14, 23], [15, 19, 16, 18], [17, 8, 18, 9], [19, 24, 20, 1], [21, 5, 22, 4], [23, 14, 24, 15], [1, 6, 2, 7], [3, 12, 4, 13], [5, 21, 6, 20], [7, 11, 8, 10]]"
12a_0476_71,"[[7, 11, 8, 10], [9, 16, 10, 17], [11, 2, 12, 3], [13, 22, 14, 23], [15, 19, 16, 18], [17, 8, 18, 9], [19, 24, 20, 1], [21, 5, 22, 4], [23, 14, 24, 15], [1, 6, 2, 7], [3, 12, 4, 13], [5, 21, 6, 20]]"
12a_0476_72,"[[6, 22, 7, 21], [8, 12, 9, 11], [10, 17, 11, 18], [12, 3, 13, 4], [14, 23, 15, 24], [16, 20, 17, 19], [18, 9, 19, 10], [20, 1, 21, 2], [22, 6, 23, 5], [24, 15, 1, 16], [2, 7, 3, 8], [4, 13, 5, 14]]"
12a_0476_73,"[[4, 13, 5, 14], [6, 22, 7, 21], [8, 12, 9, 11], [10, 17, 11, 18], [12, 3, 13, 4], [14, 23, 15, 24], [16, 20, 17, 19], [18, 9, 19, 10], [20, 1, 21, 2], [22, 6, 23, 5], [24, 15, 1, 16], [2, 7, 3, 8]]"
12a_0476_74,"[[2, 7, 3, 8], [4, 13, 5, 14], [6, 22, 7, 21], [8, 12, 9, 11], [10, 17, 11, 18], [12, 3, 13, 4], [14, 23, 15, 24], [16, 20, 17, 19], [18, 9, 19, 10], [20, 1, 21, 2], [22, 6, 23, 5], [24, 15, 1, 16]]"
12a_0476_75,"[[24, 15, 1, 16], [2, 7, 3, 8], [4, 13, 5, 14], [6, 22, 7, 21], [8, 12, 9, 11], [10, 17, 11, 18], [12, 3, 13, 4], [14, 23, 15, 24], [16, 20, 17, 19], [18, 9, 19, 10], [20, 1, 21, 2], [22, 6, 23, 5]]"
12a_0476_76,"[[22, 6, 23, 5], [24, 15, 1, 16], [2, 7, 3, 8], [4, 13, 5, 14], [6, 22, 7, 21], [8, 12, 9, 11], [10, 17, 11, 18], [12, 3, 13, 4], [14, 23, 15, 24], [16, 20, 17, 19], [18, 9, 19, 10], [20, 1, 21, 2]]"
12a_0476_77,"[[20, 1, 21, 2], [22, 6, 23, 5], [24, 15, 1, 16], [2, 7, 3, 8], [4, 13, 5, 14], [6, 22, 7, 21], [8, 12, 9, 11], [10, 17, 11, 18], [12, 3, 13, 4], [14, 23, 15, 24], [16, 20, 17, 19], [18, 9, 19, 10]]"
12a_0476_78,"[[18, 9, 19, 10], [20, 1, 21, 2], [22, 6, 23, 5], [24, 15, 1, 16], [2, 7, 3, 8], [4, 13, 5, 14], [6, 22, 7, 21], [8, 12, 9, 11], [10, 17, 11, 18], [12, 3, 13, 4], [14, 23, 15, 24], [16, 20, 17, 19]]"
12a_0476_79,"[[16, 20, 17, 19], [18, 9, 19, 10], [20, 1, 21, 2], [22, 6, 23, 5], [24, 15, 1, 16], [2, 7, 3, 8], [4, 13, 5, 14], [6, 22, 7, 21], [8, 12, 9, 11], [10, 17, 11, 18], [12, 3, 13, 4], [14, 23, 15, 24]]"
12a_0476_80,"[[14, 23, 15, 24], [16, 20, 17, 19], [18, 9, 19, 10], [20, 1, 21, 2], [22, 6, 23, 5], [24, 15, 1, 16], [2, 7, 3, 8], [4, 13, 5, 14], [6, 22, 7, 21], [8, 12, 9, 11], [10, 17, 11, 18], [12, 3, 13, 4]]"
12a_0476_81,"[[12, 3, 13, 4], [14, 23, 15, 24], [16, 20, 17, 19], [18, 9, 19, 10], [20, 1, 21, 2], [22, 6, 23, 5], [24, 15, 1, 16], [2, 7, 3, 8], [4, 13, 5, 14], [6, 22, 7, 21], [8, 12, 9, 11], [10, 17, 11, 18]]"
12a_0476_82,"[[10, 17, 11, 18], [12, 3, 13, 4], [14, 23, 15, 24], [16, 20, 17, 19], [18, 9, 19, 10], [20, 1, 21, 2], [22, 6, 23, 5], [24, 15, 1, 16], [2, 7, 3, 8], [4, 13, 5, 14], [6, 22, 7, 21], [8, 12, 9, 11]]"
12a_0476_83,"[[8, 12, 9, 11], [10, 17, 11, 18], [12, 3, 13, 4], [14, 23, 15, 24], [16, 20, 17, 19], [18, 9, 19, 10], [20, 1, 21, 2], [22, 6, 23, 5], [24, 15, 1, 16], [2, 7, 3, 8], [4, 13, 5, 14], [6, 22, 7, 21]]"
12a_0476_84,"[[7, 23, 8, 22], [9, 13, 10, 12], [11, 18, 12, 19], [13, 4, 14, 5], [15, 24, 16, 1], [17, 21, 18, 20], [19, 10, 20, 11], [21, 2, 22, 3], [23, 7, 24, 6], [1, 16, 2, 17], [3, 8, 4, 9], [5, 14, 6, 15]]"
12a_0476_85,"[[5, 14, 6, 15], [7, 23, 8, 22], [9, 13, 10, 12], [11, 18, 12, 19], [13, 4, 14, 5], [15, 24, 16, 1], [17, 21, 18, 20], [19, 10, 20, 11], [21, 2, 22, 3], [23, 7, 24, 6], [1, 16, 2, 17], [3, 8, 4, 9]]"
12a_0476_86,"[[3, 8, 4, 9], [5, 14, 6, 15], [7, 23, 8, 22], [9, 13, 10, 12], [11, 18, 12, 19], [13, 4, 14, 5], [15, 24, 16, 1], [17, 21, 18, 20], [19, 10, 20, 11], [21, 2, 22, 3], [23, 7, 24, 6], [1, 16, 2, 17]]"
12a_0476_87,"[[1, 16, 2, 17], [3, 8, 4, 9], [5, 14, 6, 15], [7, 23, 8, 22], [9, 13, 10, 12], [11, 18, 12, 19], [13, 4, 14, 5], [15, 24, 16, 1], [17, 21, 18, 20], [19, 10, 20, 11], [21, 2, 22, 3], [23, 7, 24, 6]]"
12a_0476_88,"[[23, 7, 24, 6], [1, 16, 2, 17], [3, 8, 4, 9], [5, 14, 6, 15], [7, 23, 8, 22], [9, 13, 10, 12], [11, 18, 12, 19], [13, 4, 14, 5], [15, 24, 16, 1], [17, 21, 18, 20], [19, 10, 20, 11], [21, 2, 22, 3]]"
12a_0476_89,"[[21, 2, 22, 3], [23, 7, 24, 6], [1, 16, 2, 17], [3, 8, 4, 9], [5, 14, 6, 15], [7, 23, 8, 22], [9, 13, 10, 12], [11, 18, 12, 19], [13, 4, 14, 5], [15, 24, 16, 1], [17, 21, 18, 20], [19, 10, 20, 11]]"
12a_0476_90,"[[19, 10, 20, 11], [21, 2, 22, 3], [23, 7, 24, 6], [1, 16, 2, 17], [3, 8, 4, 9], [5, 14, 6, 15], [7, 23, 8, 22], [9, 13, 10, 12], [11, 18, 12, 19], [13, 4, 14, 5], [15, 24, 16, 1], [17, 21, 18, 20]]"
12a_0476_91,"[[17, 21, 18, 20], [19, 10, 20, 11], [21, 2, 22, 3], [23, 7, 24, 6], [1, 16, 2, 17], [3, 8, 4, 9], [5, 14, 6, 15], [7, 23, 8, 22], [9, 13, 10, 12], [11, 18, 12, 19], [13, 4, 14, 5], [15, 24, 16, 1]]"
12a_0476_92,"[[15, 24, 16, 1], [17, 21, 18, 20], [19, 10, 20, 11], [21, 2, 22, 3], [23, 7, 24, 6], [1, 16, 2, 17], [3, 8, 4, 9], [5, 14, 6, 15], [7, 23, 8, 22], [9, 13, 10, 12], [11, 18, 12, 19], [13, 4, 14, 5]]"
12a_0476_93,"[[13, 4, 14, 5], [15, 24, 16, 1], [17, 21, 18, 20], [19, 10, 20, 11], [21, 2, 22, 3], [23, 7, 24, 6], [1, 16, 2, 17], [3, 8, 4, 9], [5, 14, 6, 15], [7, 23, 8, 22], [9, 13, 10, 12], [11, 18, 12, 19]]"
12a_0476_94,"[[11, 18, 12, 19], [13, 4, 14, 5], [15, 24, 16, 1], [17, 21, 18, 20], [19, 10, 20, 11], [21, 2, 22, 3], [23, 7, 24, 6], [1, 16, 2, 17], [3, 8, 4, 9], [5, 14, 6, 15], [7, 23, 8, 22], [9, 13, 10, 12]]"
12a_0476_95,"[[9, 13, 10, 12], [11, 18, 12, 19], [13, 4, 14, 5], [15, 24, 16, 1], [17, 21, 18, 20], [19, 10, 20, 11], [21, 2, 22, 3], [23, 7, 24, 6], [1, 16, 2, 17], [3, 8, 4, 9], [5, 14, 6, 15], [7, 23, 8, 22]]"
12a_0476_96,"[[8, 24, 9, 23], [10, 14, 11, 13], [12, 19, 13, 20], [14, 5, 15, 6], [16, 1, 17, 2], [18, 22, 19, 21], [20, 11, 21, 12], [22, 3, 23, 4], [24, 8, 1, 7], [2, 17, 3, 18], [4, 9, 5, 10], [6, 15, 7, 16]]"
12a_0476_97,"[[6, 15, 7, 16], [8, 24, 9, 23], [10, 14, 11, 13], [12, 19, 13, 20], [14, 5, 15, 6], [16, 1, 17, 2], [18, 22, 19, 21], [20, 11, 21, 12], [22, 3, 23, 4], [24, 8, 1, 7], [2, 17, 3, 18], [4, 9, 5, 10]]"
12a_0476_98,"[[4, 9, 5, 10], [6, 15, 7, 16], [8, 24, 9, 23], [10, 14, 11, 13], [12, 19, 13, 20], [14, 5, 15, 6], [16, 1, 17, 2], [18, 22, 19, 21], [20, 11, 21, 12], [22, 3, 23, 4], [24, 8, 1, 7], [2, 17, 3, 18]]"
12a_0476_99,"[[2, 17, 3, 18], [4, 9, 5, 10], [6, 15, 7, 16], [8, 24, 9, 23], [10, 14, 11, 13], [12, 19, 13, 20], [14, 5, 15, 6], [16, 1, 17, 2], [18, 22, 19, 21], [20, 11, 21, 12], [22, 3, 23, 4], [24, 8, 1, 7]]"
12a_0476_100,"[[24, 8, 1, 7], [2, 17, 3, 18], [4, 9, 5, 10], [6, 15, 7, 16], [8, 24, 9, 23], [10, 14, 11, 13], [12, 19, 13, 20], [14, 5, 15, 6], [16, 1, 17, 2], [18, 22, 19, 21], [20, 11, 21, 12], [22, 3, 23, 4]]"
12a_0476_101,"[[22, 3, 23, 4], [24, 8, 1, 7], [2, 17, 3, 18], [4, 9, 5, 10], [6, 15, 7, 16], [8, 24, 9, 23], [10, 14, 11, 13], [12, 19, 13, 20], [14, 5, 15, 6], [16, 1, 17, 2], [18, 22, 19, 21], [20, 11, 21, 12]]"
12a_0476_102,"[[20, 11, 21, 12], [22, 3, 23, 4], [24, 8, 1, 7], [2, 17, 3, 18], [4, 9, 5, 10], [6, 15, 7, 16], [8, 24, 9, 23], [10, 14, 11, 13], [12, 19, 13, 20], [14, 5, 15, 6], [16, 1, 17, 2], [18, 22, 19, 21]]"
12a_0476_103,"[[18, 22, 19, 21], [20, 11, 21, 12], [22, 3, 23, 4], [24, 8, 1, 7], [2, 17, 3, 18], [4, 9, 5, 10], [6, 15, 7, 16], [8, 24, 9, 23], [10, 14, 11, 13], [12, 19, 13, 20], [14, 5, 15, 6], [16, 1, 17, 2]]"
12a_0476_104,"[[16, 1, 17, 2], [18, 22, 19, 21], [20, 11, 21, 12], [22, 3, 23, 4], [24, 8, 1, 7], [2, 17, 3, 18], [4, 9, 5, 10], [6, 15, 7, 16], [8, 24, 9, 23], [10, 14, 11, 13], [12, 19, 13, 20], [14, 5, 15, 6]]"
12a_0476_105,"[[14, 5, 15, 6], [16, 1, 17, 2], [18, 22, 19, 21], [20, 11, 21, 12], [22, 3, 23, 4], [24, 8, 1, 7], [2, 17, 3, 18], [4, 9, 5, 10], [6, 15, 7, 16], [8, 24, 9, 23], [10, 14, 11, 13], [12, 19, 13, 20]]"
12a_0476_106,"[[12, 19, 13, 20], [14, 5, 15, 6], [16, 1, 17, 2], [18, 22, 19, 21], [20, 11, 21, 12], [22, 3, 23, 4], [24, 8, 1, 7], [2, 17, 3, 18], [4, 9, 5, 10], [6, 15, 7, 16], [8, 24, 9, 23], [10, 14, 11, 13]]"
12a_0476_107,"[[10, 14, 11, 13], [12, 19, 13, 20], [14, 5, 15, 6], [16, 1, 17, 2], [18, 22, 19, 21], [20, 11, 21, 12], [22, 3, 23, 4], [24, 8, 1, 7], [2, 17, 3, 18], [4, 9, 5, 10], [6, 15, 7, 16], [8, 24, 9, 23]]"
12a_0476_108,"[[9, 1, 10, 24], [11, 15, 12, 14], [13, 20, 14, 21], [15, 6, 16, 7], [17, 2, 18, 3], [19, 23, 20, 22], [21, 12, 22, 13], [23, 4, 24, 5], [1, 9, 2, 8], [3, 18, 4, 19], [5, 10, 6, 11], [7, 16, 8, 17]]"
12a_0476_109,"[[7, 16, 8, 17], [9, 1, 10, 24], [11, 15, 12, 14], [13, 20, 14, 21], [15, 6, 16, 7], [17, 2, 18, 3], [19, 23, 20, 22], [21, 12, 22, 13], [23, 4, 24, 5], [1, 9, 2, 8], [3, 18, 4, 19], [5, 10, 6, 11]]"
12a_0476_110,"[[5, 10, 6, 11], [7, 16, 8, 17], [9, 1, 10, 24], [11, 15, 12, 14], [13, 20, 14, 21], [15, 6, 16, 7], [17, 2, 18, 3], [19, 23, 20, 22], [21, 12, 22, 13], [23, 4, 24, 5], [1, 9, 2, 8], [3, 18, 4, 19]]"
12a_0476_111,"[[3, 18, 4, 19], [5, 10, 6, 11], [7, 16, 8, 17], [9, 1, 10, 24], [11, 15, 12, 14], [13, 20, 14, 21], [15, 6, 16, 7], [17, 2, 18, 3], [19, 23, 20, 22], [21, 12, 22, 13], [23, 4, 24, 5], [1, 9, 2, 8]]"
12a_0476_112,"[[1, 9, 2, 8], [3, 18, 4, 19], [5, 10, 6, 11], [7, 16, 8, 17], [9, 1, 10, 24], [11, 15, 12, 14], [13, 20, 14, 21], [15, 6, 16, 7], [17, 2, 18, 3], [19, 23, 20, 22], [21, 12, 22, 13], [23, 4, 24, 5]]"
12a_0476_113,"[[23, 4, 24, 5], [1, 9, 2, 8], [3, 18, 4, 19], [5, 10, 6, 11], [7, 16, 8, 17], [9, 1, 10, 24], [11, 15, 12, 14], [13, 20, 14, 21], [15, 6, 16, 7], [17, 2, 18, 3], [19, 23, 20, 22], [21, 12, 22, 13]]"
12a_0476_114,"[[21, 12, 22, 13], [23, 4, 24, 5], [1, 9, 2, 8], [3, 18, 4, 19], [5, 10, 6, 11], [7, 16, 8, 17], [9, 1, 10, 24], [11, 15, 12, 14], [13, 20, 14, 21], [15, 6, 16, 7], [17, 2, 18, 3], [19, 23, 20, 22]]"
12a_0476_115,"[[19, 23, 20, 22], [21, 12, 22, 13], [23, 4, 24, 5], [1, 9, 2, 8], [3, 18, 4, 19], [5, 10, 6, 11], [7, 16, 8, 17], [9, 1, 10, 24], [11, 15, 12, 14], [13, 20, 14, 21], [15, 6, 16, 7], [17, 2, 18, 3]]"
12a_0476_116,"[[17, 2, 18, 3], [19, 23, 20, 22], [21, 12, 22, 13], [23, 4, 24, 5], [1, 9, 2, 8], [3, 18, 4, 19], [5, 10, 6, 11], [7, 16, 8, 17], [9, 1, 10, 24], [11, 15, 12, 14], [13, 20, 14, 21], [15, 6, 16, 7]]"
12a_0476_117,"[[15, 6, 16, 7], [17, 2, 18, 3], [19, 23, 20, 22], [21, 12, 22, 13], [23, 4, 24, 5], [1, 9, 2, 8], [3, 18, 4, 19], [5, 10, 6, 11], [7, 16, 8, 17], [9, 1, 10, 24], [11, 15, 12, 14], [13, 20, 14, 21]]"
12a_0476_118,"[[13, 20, 14, 21], [15, 6, 16, 7], [17, 2, 18, 3], [19, 23, 20, 22], [21, 12, 22, 13], [23, 4, 24, 5], [1, 9, 2, 8], [3, 18, 4, 19], [5, 10, 6, 11], [7, 16, 8, 17], [9, 1, 10, 24], [11, 15, 12, 14]]"
12a_0476_119,"[[11, 15, 12, 14], [13, 20, 14, 21], [15, 6, 16, 7], [17, 2, 18, 3], [19, 23, 20, 22], [21, 12, 22, 13], [23, 4, 24, 5], [1, 9, 2, 8], [3, 18, 4, 19], [5, 10, 6, 11], [7, 16, 8, 17], [9, 1, 10, 24]]"
12a_0476_120,"[[10, 2, 11, 1], [12, 16, 13, 15], [14, 21, 15, 22], [16, 7, 17, 8], [18, 3, 19, 4], [20, 24, 21, 23], [22, 13, 23, 14], [24, 5, 1, 6], [2, 10, 3, 9], [4, 19, 5, 20], [6, 11, 7, 12], [8, 17, 9, 18]]"
12a_0476_121,"[[8, 17, 9, 18], [10, 2, 11, 1], [12, 16, 13, 15], [14, 21, 15, 22], [16, 7, 17, 8], [18, 3, 19, 4], [20, 24, 21, 23], [22, 13, 23, 14], [24, 5, 1, 6], [2, 10, 3, 9], [4, 19, 5, 20], [6, 11, 7, 12]]"
12a_0476_122,"[[6, 11, 7, 12], [8, 17, 9, 18], [10, 2, 11, 1], [12, 16, 13, 15], [14, 21, 15, 22], [16, 7, 17, 8], [18, 3, 19, 4], [20, 24, 21, 23], [22, 13, 23, 14], [24, 5, 1, 6], [2, 10, 3, 9], [4, 19, 5, 20]]"
12a_0476_123,"[[4, 19, 5, 20], [6, 11, 7, 12], [8, 17, 9, 18], [10, 2, 11, 1], [12, 16, 13, 15], [14, 21, 15, 22], [16, 7, 17, 8], [18, 3, 19, 4], [20, 24, 21, 23], [22, 13, 23, 14], [24, 5, 1, 6], [2, 10, 3, 9]]"
12a_0476_124,"[[2, 10, 3, 9], [4, 19, 5, 20], [6, 11, 7, 12], [8, 17, 9, 18], [10, 2, 11, 1], [12, 16, 13, 15], [14, 21, 15, 22], [16, 7, 17, 8], [18, 3, 19, 4], [20, 24, 21, 23], [22, 13, 23, 14], [24, 5, 1, 6]]"
12a_0476_125,"[[24, 5, 1, 6], [2, 10, 3, 9], [4, 19, 5, 20], [6, 11, 7, 12], [8, 17, 9, 18], [10, 2, 11, 1], [12, 16, 13, 15], [14, 21, 15, 22], [16, 7, 17, 8], [18, 3, 19, 4], [20, 24, 21, 23], [22, 13, 23, 14]]"
12a_0476_126,"[[22, 13, 23, 14], [24, 5, 1, 6], [2, 10, 3, 9], [4, 19, 5, 20], [6, 11, 7, 12], [8, 17, 9, 18], [10, 2, 11, 1], [12, 16, 13, 15], [14, 21, 15, 22], [16, 7, 17, 8], [18, 3, 19, 4], [20, 24, 21, 23]]"
12a_0476_127,"[[20, 24, 21, 23], [22, 13, 23, 14], [24, 5, 1, 6], [2, 10, 3, 9], [4, 19, 5, 20], [6, 11, 7, 12], [8, 17, 9, 18], [10, 2, 11, 1], [12, 16, 13, 15], [14, 21, 15, 22], [16, 7, 17, 8], [18, 3, 19, 4]]"
12a_0476_128,"[[18, 3, 19, 4], [20, 24, 21, 23], [22, 13, 23, 14], [24, 5, 1, 6], [2, 10, 3, 9], [4, 19, 5, 20], [6, 11, 7, 12], [8, 17, 9, 18], [10, 2, 11, 1], [12, 16, 13, 15], [14, 21, 15, 22], [16, 7, 17, 8]]"
12a_0476_129,"[[16, 7, 17, 8], [18, 3, 19, 4], [20, 24, 21, 23], [22, 13, 23, 14], [24, 5, 1, 6], [2, 10, 3, 9], [4, 19, 5, 20], [6, 11, 7, 12], [8, 17, 9, 18], [10, 2, 11, 1], [12, 16, 13, 15], [14, 21, 15, 22]]"
12a_0476_130,"[[14, 21, 15, 22], [16, 7, 17, 8], [18, 3, 19, 4], [20, 24, 21, 23], [22, 13, 23, 14], [24, 5, 1, 6], [2, 10, 3, 9], [4, 19, 5, 20], [6, 11, 7, 12], [8, 17, 9, 18], [10, 2, 11, 1], [12, 16, 13, 15]]"
12a_0476_131,"[[12, 16, 13, 15], [14, 21, 15, 22], [16, 7, 17, 8], [18, 3, 19, 4], [20, 24, 21, 23], [22, 13, 23, 14], [24, 5, 1, 6], [2, 10, 3, 9], [4, 19, 5, 20], [6, 11, 7, 12], [8, 17, 9, 18], [10, 2, 11, 1]]"
12a_0476_132,"[[11, 3, 12, 2], [13, 17, 14, 16], [15, 22, 16, 23], [17, 8, 18, 9], [19, 4, 20, 5], [21, 1, 22, 24], [23, 14, 24, 15], [1, 6, 2, 7], [3, 11, 4, 10], [5, 20, 6, 21], [7, 12, 8, 13], [9, 18, 10, 19]]"
12a_0476_133,"[[9, 18, 10, 19], [11, 3, 12, 2], [13, 17, 14, 16], [15, 22, 16, 23], [17, 8, 18, 9], [19, 4, 20, 5], [21, 1, 22, 24], [23, 14, 24, 15], [1, 6, 2, 7], [3, 11, 4, 10], [5, 20, 6, 21], [7, 12, 8, 13]]"
12a_0476_134,"[[7, 12, 8, 13], [9, 18, 10, 19], [11, 3, 12, 2], [13, 17, 14, 16], [15, 22, 16, 23], [17, 8, 18, 9], [19, 4, 20, 5], [21, 1, 22, 24], [23, 14, 24, 15], [1, 6, 2, 7], [3, 11, 4, 10], [5, 20, 6, 21]]"
12a_0476_135,"[[5, 20, 6, 21], [7, 12, 8, 13], [9, 18, 10, 19], [11, 3, 12, 2], [13, 17, 14, 16], [15, 22, 16, 23], [17, 8, 18, 9], [19, 4, 20, 5], [21, 1, 22, 24], [23, 14, 24, 15], [1, 6, 2, 7], [3, 11, 4, 10]]"
12a_0476_136,"[[3, 11, 4, 10], [5, 20, 6, 21], [7, 12, 8, 13], [9, 18, 10, 19], [11, 3, 12, 2], [13, 17, 14, 16], [15, 22, 16, 23], [17, 8, 18, 9], [19, 4, 20, 5], [21, 1, 22, 24], [23, 14, 24, 15], [1, 6, 2, 7]]"
12a_0476_137,"[[1, 6, 2, 7], [3, 11, 4, 10], [5, 20, 6, 21], [7, 12, 8, 13], [9, 18, 10, 19], [11, 3, 12, 2], [13, 17, 14, 16], [15, 22, 16, 23], [17, 8, 18, 9], [19, 4, 20, 5], [21, 1, 22, 24], [23, 14, 24, 15]]"
12a_0476_138,"[[23, 14, 24, 15], [1, 6, 2, 7], [3, 11, 4, 10], [5, 20, 6, 21], [7, 12, 8, 13], [9, 18, 10, 19], [11, 3, 12, 2], [13, 17, 14, 16], [15, 22, 16, 23], [17, 8, 18, 9], [19, 4, 20, 5], [21, 1, 22, 24]]"
12a_0476_139,"[[21, 1, 22, 24], [23, 14, 24, 15], [1, 6, 2, 7], [3, 11, 4, 10], [5, 20, 6, 21], [7, 12, 8, 13], [9, 18, 10, 19], [11, 3, 12, 2], [13, 17, 14, 16], [15, 22, 16, 23], [17, 8, 18, 9], [19, 4, 20, 5]]"
12a_0476_140,"[[19, 4, 20, 5], [21, 1, 22, 24], [23, 14, 24, 15], [1, 6, 2, 7], [3, 11, 4, 10], [5, 20, 6, 21], [7, 12, 8, 13], [9, 18, 10, 19], [11, 3, 12, 2], [13, 17, 14, 16], [15, 22, 16, 23], [17, 8, 18, 9]]"
12a_0476_141,"[[17, 8, 18, 9], [19, 4, 20, 5], [21, 1, 22, 24], [23, 14, 24, 15], [1, 6, 2, 7], [3, 11, 4, 10], [5, 20, 6, 21], [7, 12, 8, 13], [9, 18, 10, 19], [11, 3, 12, 2], [13, 17, 14, 16], [15, 22, 16, 23]]"
12a_0476_142,"[[15, 22, 16, 23], [17, 8, 18, 9], [19, 4, 20, 5], [21, 1, 22, 24], [23, 14, 24, 15], [1, 6, 2, 7], [3, 11, 4, 10], [5, 20, 6, 21], [7, 12, 8, 13], [9, 18, 10, 19], [11, 3, 12, 2], [13, 17, 14, 16]]"
12a_0476_143,"[[13, 17, 14, 16], [15, 22, 16, 23], [17, 8, 18, 9], [19, 4, 20, 5], [21, 1, 22, 24], [23, 14, 24, 15], [1, 6, 2, 7], [3, 11, 4, 10], [5, 20, 6, 21], [7, 12, 8, 13], [9, 18, 10, 19], [11, 3, 12, 2]]"
12a_0476_144,"[[12, 4, 13, 3], [14, 18, 15, 17], [16, 23, 17, 24], [18, 9, 19, 10], [20, 5, 21, 6], [22, 2, 23, 1], [24, 15, 1, 16], [2, 7, 3, 8], [4, 12, 5, 11], [6, 21, 7, 22], [8, 13, 9, 14], [10, 19, 11, 20]]"
12a_0476_145,"[[10, 19, 11, 20], [12, 4, 13, 3], [14, 18, 15, 17], [16, 23, 17, 24], [18, 9, 19, 10], [20, 5, 21, 6], [22, 2, 23, 1], [24, 15, 1, 16], [2, 7, 3, 8], [4, 12, 5, 11], [6, 21, 7, 22], [8, 13, 9, 14]]"
12a_0476_146,"[[8, 13, 9, 14], [10, 19, 11, 20], [12, 4, 13, 3], [14, 18, 15, 17], [16, 23, 17, 24], [18, 9, 19, 10], [20, 5, 21, 6], [22, 2, 23, 1], [24, 15, 1, 16], [2, 7, 3, 8], [4, 12, 5, 11], [6, 21, 7, 22]]"
12a_0476_147,"[[6, 21, 7, 22], [8, 13, 9, 14], [10, 19, 11, 20], [12, 4, 13, 3], [14, 18, 15, 17], [16, 23, 17, 24], [18, 9, 19, 10], [20, 5, 21, 6], [22, 2, 23, 1], [24, 15, 1, 16], [2, 7, 3, 8], [4, 12, 5, 11]]"
12a_0476_148,"[[4, 12, 5, 11], [6, 21, 7, 22], [8, 13, 9, 14], [10, 19, 11, 20], [12, 4, 13, 3], [14, 18, 15, 17], [16, 23, 17, 24], [18, 9, 19, 10], [20, 5, 21, 6], [22, 2, 23, 1], [24, 15, 1, 16], [2, 7, 3, 8]]"
12a_0476_149,"[[2, 7, 3, 8], [4, 12, 5, 11], [6, 21, 7, 22], [8, 13, 9, 14], [10, 19, 11, 20], [12, 4, 13, 3], [14, 18, 15, 17], [16, 23, 17, 24], [18, 9, 19, 10], [20, 5, 21, 6], [22, 2, 23, 1], [24, 15, 1, 16]]"
12a_0476_150,"[[24, 15, 1, 16], [2, 7, 3, 8], [4, 12, 5, 11], [6, 21, 7, 22], [8, 13, 9, 14], [10, 19, 11, 20], [12, 4, 13, 3], [14, 18, 15, 17], [16, 23, 17, 24], [18, 9, 19, 10], [20, 5, 21, 6], [22, 2, 23, 1]]"
12a_0476_151,"[[22, 2, 23, 1], [24, 15, 1, 16], [2, 7, 3, 8], [4, 12, 5, 11], [6, 21, 7, 22], [8, 13, 9, 14], [10, 19, 11, 20], [12, 4, 13, 3], [14, 18, 15, 17], [16, 23, 17, 24], [18, 9, 19, 10], [20, 5, 21, 6]]"
12a_0476_152,"[[20, 5, 21, 6], [22, 2, 23, 1], [24, 15, 1, 16], [2, 7, 3, 8], [4, 12, 5, 11], [6, 21, 7, 22], [8, 13, 9, 14], [10, 19, 11, 20], [12, 4, 13, 3], [14, 18, 15, 17], [16, 23, 17, 24], [18, 9, 19, 10]]"
12a_0476_153,"[[18, 9, 19, 10], [20, 5, 21, 6], [22, 2, 23, 1], [24, 15, 1, 16], [2, 7, 3, 8], [4, 12, 5, 11], [6, 21, 7, 22], [8, 13, 9, 14], [10, 19, 11, 20], [12, 4, 13, 3], [14, 18, 15, 17], [16, 23, 17, 24]]"
12a_0476_154,"[[16, 23, 17, 24], [18, 9, 19, 10], [20, 5, 21, 6], [22, 2, 23, 1], [24, 15, 1, 16], [2, 7, 3, 8], [4, 12, 5, 11], [6, 21, 7, 22], [8, 13, 9, 14], [10, 19, 11, 20], [12, 4, 13, 3], [14, 18, 15, 17]]"
12a_0476_155,"[[14, 18, 15, 17], [16, 23, 17, 24], [18, 9, 19, 10], [20, 5, 21, 6], [22, 2, 23, 1], [24, 15, 1, 16], [2, 7, 3, 8], [4, 12, 5, 11], [6, 21, 7, 22], [8, 13, 9, 14], [10, 19, 11, 20], [12, 4, 13, 3]]"
12a_0476_156,"[[13, 5, 14, 4], [15, 19, 16, 18], [17, 24, 18, 1], [19, 10, 20, 11], [21, 6, 22, 7], [23, 3, 24, 2], [1, 16, 2, 17], [3, 8, 4, 9], [5, 13, 6, 12], [7, 22, 8, 23], [9, 14, 10, 15], [11, 20, 12, 21]]"
12a_0476_157,"[[11, 20, 12, 21], [13, 5, 14, 4], [15, 19, 16, 18], [17, 24, 18, 1], [19, 10, 20, 11], [21, 6, 22, 7], [23, 3, 24, 2], [1, 16, 2, 17], [3, 8, 4, 9], [5, 13, 6, 12], [7, 22, 8, 23], [9, 14, 10, 15]]"
12a_0476_158,"[[9, 14, 10, 15], [11, 20, 12, 21], [13, 5, 14, 4], [15, 19, 16, 18], [17, 24, 18, 1], [19, 10, 20, 11], [21, 6, 22, 7], [23, 3, 24, 2], [1, 16, 2, 17], [3, 8, 4, 9], [5, 13, 6, 12], [7, 22, 8, 23]]"
12a_0476_159,"[[7, 22, 8, 23], [9, 14, 10, 15], [11, 20, 12, 21], [13, 5, 14, 4], [15, 19, 16, 18], [17, 24, 18, 1], [19, 10, 20, 11], [21, 6, 22, 7], [23, 3, 24, 2], [1, 16, 2, 17], [3, 8, 4, 9], [5, 13, 6, 12]]"
12a_0476_160,"[[5, 13, 6, 12], [7, 22, 8, 23], [9, 14, 10, 15], [11, 20, 12, 21], [13, 5, 14, 4], [15, 19, 16, 18], [17, 24, 18, 1], [19, 10, 20, 11], [21, 6, 22, 7], [23, 3, 24, 2], [1, 16, 2, 17], [3, 8, 4, 9]]"
12a_0476_161,"[[3, 8, 4, 9], [5, 13, 6, 12], [7, 22, 8, 23], [9, 14, 10, 15], [11, 20, 12, 21], [13, 5, 14, 4], [15, 19, 16, 18], [17, 24, 18, 1], [19, 10, 20, 11], [21, 6, 22, 7], [23, 3, 24, 2], [1, 16, 2, 17]]"
12a_0476_162,"[[1, 16, 2, 17], [3, 8, 4, 9], [5, 13, 6, 12], [7, 22, 8, 23], [9, 14, 10, 15], [11, 20, 12, 21], [13, 5, 14, 4], [15, 19, 16, 18], [17, 24, 18, 1], [19, 10, 20, 11], [21, 6, 22, 7], [23, 3, 24, 2]]"
12a_0476_163,"[[23, 3, 24, 2], [1, 16, 2, 17], [3, 8, 4, 9], [5, 13, 6, 12], [7, 22, 8, 23], [9, 14, 10, 15], [11, 20, 12, 21], [13, 5, 14, 4], [15, 19, 16, 18], [17, 24, 18, 1], [19, 10, 20, 11], [21, 6, 22, 7]]"
12a_0476_164,"[[21, 6, 22, 7], [23, 3, 24, 2], [1, 16, 2, 17], [3, 8, 4, 9], [5, 13, 6, 12], [7, 22, 8, 23], [9, 14, 10, 15], [11, 20, 12, 21], [13, 5, 14, 4], [15, 19, 16, 18], [17, 24, 18, 1], [19, 10, 20, 11]]"
12a_0476_165,"[[19, 10, 20, 11], [21, 6, 22, 7], [23, 3, 24, 2], [1, 16, 2, 17], [3, 8, 4, 9], [5, 13, 6, 12], [7, 22, 8, 23], [9, 14, 10, 15], [11, 20, 12, 21], [13, 5, 14, 4], [15, 19, 16, 18], [17, 24, 18, 1]]"
12a_0476_166,"[[17, 24, 18, 1], [19, 10, 20, 11], [21, 6, 22, 7], [23, 3, 24, 2], [1, 16, 2, 17], [3, 8, 4, 9], [5, 13, 6, 12], [7, 22, 8, 23], [9, 14, 10, 15], [11, 20, 12, 21], [13, 5, 14, 4], [15, 19, 16, 18]]"
12a_0476_167,"[[15, 19, 16, 18], [17, 24, 18, 1], [19, 10, 20, 11], [21, 6, 22, 7], [23, 3, 24, 2], [1, 16, 2, 17], [3, 8, 4, 9], [5, 13, 6, 12], [7, 22, 8, 23], [9, 14, 10, 15], [11, 20, 12, 21], [13, 5, 14, 4]]"
12a_0476_168,"[[14, 6, 15, 5], [16, 20, 17, 19], [18, 1, 19, 2], [20, 11, 21, 12], [22, 7, 23, 8], [24, 4, 1, 3], [2, 17, 3, 18], [4, 9, 5, 10], [6, 14, 7, 13], [8, 23, 9, 24], [10, 15, 11, 16], [12, 21, 13, 22]]"
12a_0476_169,"[[12, 21, 13, 22], [14, 6, 15, 5], [16, 20, 17, 19], [18, 1, 19, 2], [20, 11, 21, 12], [22, 7, 23, 8], [24, 4, 1, 3], [2, 17, 3, 18], [4, 9, 5, 10], [6, 14, 7, 13], [8, 23, 9, 24], [10, 15, 11, 16]]"
12a_0476_170,"[[10, 15, 11, 16], [12, 21, 13, 22], [14, 6, 15, 5], [16, 20, 17, 19], [18, 1, 19, 2], [20, 11, 21, 12], [22, 7, 23, 8], [24, 4, 1, 3], [2, 17, 3, 18], [4, 9, 5, 10], [6, 14, 7, 13], [8, 23, 9, 24]]"
12a_0476_171,"[[8, 23, 9, 24], [10, 15, 11, 16], [12, 21, 13, 22], [14, 6, 15, 5], [16, 20, 17, 19], [18, 1, 19, 2], [20, 11, 21, 12], [22, 7, 23, 8], [24, 4, 1, 3], [2, 17, 3, 18], [4, 9, 5, 10], [6, 14, 7, 13]]"
12a_0476_172,"[[6, 14, 7, 13], [8, 23, 9, 24], [10, 15, 11, 16], [12, 21, 13, 22], [14, 6, 15, 5], [16, 20, 17, 19], [18, 1, 19, 2], [20, 11, 21, 12], [22, 7, 23, 8], [24, 4, 1, 3], [2, 17, 3, 18], [4, 9, 5, 10]]"
12a_0476_173,"[[4, 9, 5, 10], [6, 14, 7, 13], [8, 23, 9, 24], [10, 15, 11, 16], [12, 21, 13, 22], [14, 6, 15, 5], [16, 20, 17, 19], [18, 1, 19, 2], [20, 11, 21, 12], [22, 7, 23, 8], [24, 4, 1, 3], [2, 17, 3, 18]]"
12a_0476_174,"[[2, 17, 3, 18], [4, 9, 5, 10], [6, 14, 7, 13], [8, 23, 9, 24], [10, 15, 11, 16], [12, 21, 13, 22], [14, 6, 15, 5], [16, 20, 17, 19], [18, 1, 19, 2], [20, 11, 21, 12], [22, 7, 23, 8], [24, 4, 1, 3]]"
12a_0476_175,"[[24, 4, 1, 3], [2, 17, 3, 18], [4, 9, 5, 10], [6, 14, 7, 13], [8, 23, 9, 24], [10, 15, 11, 16], [12, 21, 13, 22], [14, 6, 15, 5], [16, 20, 17, 19], [18, 1, 19, 2], [20, 11, 21, 12], [22, 7, 23, 8]]"
12a_0476_176,"[[22, 7, 23, 8], [24, 4, 1, 3], [2, 17, 3, 18], [4, 9, 5, 10], [6, 14, 7, 13], [8, 23, 9, 24], [10, 15, 11, 16], [12, 21, 13, 22], [14, 6, 15, 5], [16, 20, 17, 19], [18, 1, 19, 2], [20, 11, 21, 12]]"
12a_0476_177,"[[20, 11, 21, 12], [22, 7, 23, 8], [24, 4, 1, 3], [2, 17, 3, 18], [4, 9, 5, 10], [6, 14, 7, 13], [8, 23, 9, 24], [10, 15, 11, 16], [12, 21, 13, 22], [14, 6, 15, 5], [16, 20, 17, 19], [18, 1, 19, 2]]"
12a_0476_178,"[[18, 1, 19, 2], [20, 11, 21, 12], [22, 7, 23, 8], [24, 4, 1, 3], [2, 17, 3, 18], [4, 9, 5, 10], [6, 14, 7, 13], [8, 23, 9, 24], [10, 15, 11, 16], [12, 21, 13, 22], [14, 6, 15, 5], [16, 20, 17, 19]]"
12a_0476_179,"[[16, 20, 17, 19], [18, 1, 19, 2], [20, 11, 21, 12], [22, 7, 23, 8], [24, 4, 1, 3], [2, 17, 3, 18], [4, 9, 5, 10], [6, 14, 7, 13], [8, 23, 9, 24], [10, 15, 11, 16], [12, 21, 13, 22], [14, 6, 15, 5]]"
12a_0476_180,"[[15, 7, 16, 6], [17, 21, 18, 20], [19, 2, 20, 3], [21, 12, 22, 13], [23, 8, 24, 9], [1, 5, 2, 4], [3, 18, 4, 19], [5, 10, 6, 11], [7, 15, 8, 14], [9, 24, 10, 1], [11, 16, 12, 17], [13, 22, 14, 23]]"
12a_0476_181,"[[13, 22, 14, 23], [15, 7, 16, 6], [17, 21, 18, 20], [19, 2, 20, 3], [21, 12, 22, 13], [23, 8, 24, 9], [1, 5, 2, 4], [3, 18, 4, 19], [5, 10, 6, 11], [7, 15, 8, 14], [9, 24, 10, 1], [11, 16, 12, 17]]"
12a_0476_182,"[[11, 16, 12, 17], [13, 22, 14, 23], [15, 7, 16, 6], [17, 21, 18, 20], [19, 2, 20, 3], [21, 12, 22, 13], [23, 8, 24, 9], [1, 5, 2, 4], [3, 18, 4, 19], [5, 10, 6, 11], [7, 15, 8, 14], [9, 24, 10, 1]]"
12a_0476_183,"[[9, 24, 10, 1], [11, 16, 12, 17], [13, 22, 14, 23], [15, 7, 16, 6], [17, 21, 18, 20], [19, 2, 20, 3], [21, 12, 22, 13], [23, 8, 24, 9], [1, 5, 2, 4], [3, 18, 4, 19], [5, 10, 6, 11], [7, 15, 8, 14]]"
12a_0476_184,"[[7, 15, 8, 14], [9, 24, 10, 1], [11, 16, 12, 17], [13, 22, 14, 23], [15, 7, 16, 6], [17, 21, 18, 20], [19, 2, 20, 3], [21, 12, 22, 13], [23, 8, 24, 9], [1, 5, 2, 4], [3, 18, 4, 19], [5, 10, 6, 11]]"
12a_0476_185,"[[5, 10, 6, 11], [7, 15, 8, 14], [9, 24, 10, 1], [11, 16, 12, 17], [13, 22, 14, 23], [15, 7, 16, 6], [17, 21, 18, 20], [19, 2, 20, 3], [21, 12, 22, 13], [23, 8, 24, 9], [1, 5, 2, 4], [3, 18, 4, 19]]"
