name,pd_notation
12a_0567_0,"[[24, 7, 1, 8], [2, 6, 3, 5], [4, 14, 5, 13], [6, 18, 7, 17], [8, 19, 9, 20], [10, 15, 11, 16], [12, 4, 13, 3], [14, 22, 15, 21], [16, 23, 17, 24], [18, 2, 19, 1], [20, 9, 21, 10], [22, 12, 23, 11]]"
12a_0567_1,"[[22, 12, 23, 11], [24, 7, 1, 8], [2, 6, 3, 5], [4, 14, 5, 13], [6, 18, 7, 17], [8, 19, 9, 20], [10, 15, 11, 16], [12, 4, 13, 3], [14, 22, 15, 21], [16, 23, 17, 24], [18, 2, 19, 1], [20, 9, 21, 10]]"
12a_0567_2,"[[20, 9, 21, 10], [22, 12, 23, 11], [24, 7, 1, 8], [2, 6, 3, 5], [4, 14, 5, 13], [6, 18, 7, 17], [8, 19, 9, 20], [10, 15, 11, 16], [12, 4, 13, 3], [14, 22, 15, 21], [16, 23, 17, 24], [18, 2, 19, 1]]"
12a_0567_3,"[[18, 2, 19, 1], [20, 9, 21, 10], [22, 12, 23, 11], [24, 7, 1, 8], [2, 6, 3, 5], [4, 14, 5, 13], [6, 18, 7, 17], [8, 19, 9, 20], [10, 15, 11, 16], [12, 4, 13, 3], [14, 22, 15, 21], [16, 23, 17, 24]]"
12a_0567_4,"[[16, 23, 17, 24], [18, 2, 19, 1], [20, 9, 21, 10], [22, 12, 23, 11], [24, 7, 1, 8], [2, 6, 3, 5], [4, 14, 5, 13], [6, 18, 7, 17], [8, 19, 9, 20], [10, 15, 11, 16], [12, 4, 13, 3], [14, 22, 15, 21]]"
12a_0567_5,"[[14, 22, 15, 21], [16, 23, 17, 24], [18, 2, 19, 1], [20, 9, 21, 10], [22, 12, 23, 11], [24, 7, 1, 8], [2, 6, 3, 5], [4, 14, 5, 13], [6, 18, 7, 17], [8, 19, 9, 20], [10, 15, 11, 16], [12, 4, 13, 3]]"
12a_0567_6,"[[12, 4, 13, 3], [14, 22, 15, 21], [16, 23, 17, 24], [18, 2, 19, 1], [20, 9, 21, 10], [22, 12, 23, 11], [24, 7, 1, 8], [2, 6, 3, 5], [4, 14, 5, 13], [6, 18, 7, 17], [8, 19, 9, 20], [10, 15, 11, 16]]"
12a_0567_7,"[[10, 15, 11, 16], [12, 4, 13, 3], [14, 22, 15, 21], [16, 23, 17, 24], [18, 2, 19, 1], [20, 9, 21, 10], [22, 12, 23, 11], [24, 7, 1, 8], [2, 6, 3, 5], [4, 14, 5, 13], [6, 18, 7, 17], [8, 19, 9, 20]]"
12a_0567_8,"[[8, 19, 9, 20], [10, 15, 11, 16], [12, 4, 13, 3], [14, 22, 15, 21], [16, 23, 17, 24], [18, 2, 19, 1], [20, 9, 21, 10], [22, 12, 23, 11], [24, 7, 1, 8], [2, 6, 3, 5], [4, 14, 5, 13], [6, 18, 7, 17]]"
12a_0567_9,"[[6, 18, 7, 17], [8, 19, 9, 20], [10, 15, 11, 16], [12, 4, 13, 3], [14, 22, 15, 21], [16, 23, 17, 24], [18, 2, 19, 1], [20, 9, 21, 10], [22, 12, 23, 11], [24, 7, 1, 8], [2, 6, 3, 5], [4, 14, 5, 13]]"
12a_0567_10,"[[4, 14, 5, 13], [6, 18, 7, 17], [8, 19, 9, 20], [10, 15, 11, 16], [12, 4, 13, 3], [14, 22, 15, 21], [16, 23, 17, 24], [18, 2, 19, 1], [20, 9, 21, 10], [22, 12, 23, 11], [24, 7, 1, 8], [2, 6, 3, 5]]"
12a_0567_11,"[[2, 6, 3, 5], [4, 14, 5, 13], [6, 18, 7, 17], [8, 19, 9, 20], [10, 15, 11, 16], [12, 4, 13, 3], [14, 22, 15, 21], [16, 23, 17, 24], [18, 2, 19, 1], [20, 9, 21, 10], [22, 12, 23, 11], [24, 7, 1, 8]]"
12a_0567_12,"[[1, 8, 2, 9], [3, 7, 4, 6], [5, 15, 6, 14], [7, 19, 8, 18], [9, 20, 10, 21], [11, 16, 12, 17], [13, 5, 14, 4], [15, 23, 16, 22], [17, 24, 18, 1], [19, 3, 20, 2], [21, 10, 22, 11], [23, 13, 24, 12]]"
12a_0567_13,"[[23, 13, 24, 12], [1, 8, 2, 9], [3, 7, 4, 6], [5, 15, 6, 14], [7, 19, 8, 18], [9, 20, 10, 21], [11, 16, 12, 17], [13, 5, 14, 4], [15, 23, 16, 22], [17, 24, 18, 1], [19, 3, 20, 2], [21, 10, 22, 11]]"
12a_0567_14,"[[21, 10, 22, 11], [23, 13, 24, 12], [1, 8, 2, 9], [3, 7, 4, 6], [5, 15, 6, 14], [7, 19, 8, 18], [9, 20, 10, 21], [11, 16, 12, 17], [13, 5, 14, 4], [15, 23, 16, 22], [17, 24, 18, 1], [19, 3, 20, 2]]"
12a_0567_15,"[[19, 3, 20, 2], [21, 10, 22, 11], [23, 13, 24, 12], [1, 8, 2, 9], [3, 7, 4, 6], [5, 15, 6, 14], [7, 19, 8, 18], [9, 20, 10, 21], [11, 16, 12, 17], [13, 5, 14, 4], [15, 23, 16, 22], [17, 24, 18, 1]]"
12a_0567_16,"[[17, 24, 18, 1], [19, 3, 20, 2], [21, 10, 22, 11], [23, 13, 24, 12], [1, 8, 2, 9], [3, 7, 4, 6], [5, 15, 6, 14], [7, 19, 8, 18], [9, 20, 10, 21], [11, 16, 12, 17], [13, 5, 14, 4], [15, 23, 16, 22]]"
12a_0567_17,"[[15, 23, 16, 22], [17, 24, 18, 1], [19, 3, 20, 2], [21, 10, 22, 11], [23, 13, 24, 12], [1, 8, 2, 9], [3, 7, 4, 6], [5, 15, 6, 14], [7, 19, 8, 18], [9, 20, 10, 21], [11, 16, 12, 17], [13, 5, 14, 4]]"
12a_0567_18,"[[13, 5, 14, 4], [15, 23, 16, 22], [17, 24, 18, 1], [19, 3, 20, 2], [21, 10, 22, 11], [23, 13, 24, 12], [1, 8, 2, 9], [3, 7, 4, 6], [5, 15, 6, 14], [7, 19, 8, 18], [9, 20, 10, 21], [11, 16, 12, 17]]"
12a_0567_19,"[[11, 16, 12, 17], [13, 5, 14, 4], [15, 23, 16, 22], [17, 24, 18, 1], [19, 3, 20, 2], [21, 10, 22, 11], [23, 13, 24, 12], [1, 8, 2, 9], [3, 7, 4, 6], [5, 15, 6, 14], [7, 19, 8, 18], [9, 20, 10, 21]]"
12a_0567_20,"[[9, 20, 10, 21], [11, 16, 12, 17], [13, 5, 14, 4], [15, 23, 16, 22], [17, 24, 18, 1], [19, 3, 20, 2], [21, 10, 22, 11], [23, 13, 24, 12], [1, 8, 2, 9], [3, 7, 4, 6], [5, 15, 6, 14], [7, 19, 8, 18]]"
12a_0567_21,"[[7, 19, 8, 18], [9, 20, 10, 21], [11, 16, 12, 17], [13, 5, 14, 4], [15, 23, 16, 22], [17, 24, 18, 1], [19, 3, 20, 2], [21, 10, 22, 11], [23, 13, 24, 12], [1, 8, 2, 9], [3, 7, 4, 6], [5, 15, 6, 14]]"
12a_0567_22,"[[5, 15, 6, 14], [7, 19, 8, 18], [9, 20, 10, 21], [11, 16, 12, 17], [13, 5, 14, 4], [15, 23, 16, 22], [17, 24, 18, 1], [19, 3, 20, 2], [21, 10, 22, 11], [23, 13, 24, 12], [1, 8, 2, 9], [3, 7, 4, 6]]"
12a_0567_23,"[[3, 7, 4, 6], [5, 15, 6, 14], [7, 19, 8, 18], [9, 20, 10, 21], [11, 16, 12, 17], [13, 5, 14, 4], [15, 23, 16, 22], [17, 24, 18, 1], [19, 3, 20, 2], [21, 10, 22, 11], [23, 13, 24, 12], [1, 8, 2, 9]]"
12a_0567_24,"[[2, 9, 3, 10], [4, 8, 5, 7], [6, 16, 7, 15], [8, 20, 9, 19], [10, 21, 11, 22], [12, 17, 13, 18], [14, 6, 15, 5], [16, 24, 17, 23], [18, 1, 19, 2], [20, 4, 21, 3], [22, 11, 23, 12], [24, 14, 1, 13]]"
12a_0567_25,"[[24, 14, 1, 13], [2, 9, 3, 10], [4, 8, 5, 7], [6, 16, 7, 15], [8, 20, 9, 19], [10, 21, 11, 22], [12, 17, 13, 18], [14, 6, 15, 5], [16, 24, 17, 23], [18, 1, 19, 2], [20, 4, 21, 3], [22, 11, 23, 12]]"
12a_0567_26,"[[22, 11, 23, 12], [24, 14, 1, 13], [2, 9, 3, 10], [4, 8, 5, 7], [6, 16, 7, 15], [8, 20, 9, 19], [10, 21, 11, 22], [12, 17, 13, 18], [14, 6, 15, 5], [16, 24, 17, 23], [18, 1, 19, 2], [20, 4, 21, 3]]"
12a_0567_27,"[[20, 4, 21, 3], [22, 11, 23, 12], [24, 14, 1, 13], [2, 9, 3, 10], [4, 8, 5, 7], [6, 16, 7, 15], [8, 20, 9, 19], [10, 21, 11, 22], [12, 17, 13, 18], [14, 6, 15, 5], [16, 24, 17, 23], [18, 1, 19, 2]]"
12a_0567_28,"[[18, 1, 19, 2], [20, 4, 21, 3], [22, 11, 23, 12], [24, 14, 1, 13], [2, 9, 3, 10], [4, 8, 5, 7], [6, 16, 7, 15], [8, 20, 9, 19], [10, 21, 11, 22], [12, 17, 13, 18], [14, 6, 15, 5], [16, 24, 17, 23]]"
12a_0567_29,"[[16, 24, 17, 23], [18, 1, 19, 2], [20, 4, 21, 3], [22, 11, 23, 12], [24, 14, 1, 13], [2, 9, 3, 10], [4, 8, 5, 7], [6, 16, 7, 15], [8, 20, 9, 19], [10, 21, 11, 22], [12, 17, 13, 18], [14, 6, 15, 5]]"
12a_0567_30,"[[14, 6, 15, 5], [16, 24, 17, 23], [18, 1, 19, 2], [20, 4, 21, 3], [22, 11, 23, 12], [24, 14, 1, 13], [2, 9, 3, 10], [4, 8, 5, 7], [6, 16, 7, 15], [8, 20, 9, 19], [10, 21, 11, 22], [12, 17, 13, 18]]"
12a_0567_31,"[[12, 17, 13, 18], [14, 6, 15, 5], [16, 24, 17, 23], [18, 1, 19, 2], [20, 4, 21, 3], [22, 11, 23, 12], [24, 14, 1, 13], [2, 9, 3, 10], [4, 8, 5, 7], [6, 16, 7, 15], [8, 20, 9, 19], [10, 21, 11, 22]]"
12a_0567_32,"[[10, 21, 11, 22], [12, 17, 13, 18], [14, 6, 15, 5], [16, 24, 17, 23], [18, 1, 19, 2], [20, 4, 21, 3], [22, 11, 23, 12], [24, 14, 1, 13], [2, 9, 3, 10], [4, 8, 5, 7], [6, 16, 7, 15], [8, 20, 9, 19]]"
12a_0567_33,"[[8, 20, 9, 19], [10, 21, 11, 22], [12, 17, 13, 18], [14, 6, 15, 5], [16, 24, 17, 23], [18, 1, 19, 2], [20, 4, 21, 3], [22, 11, 23, 12], [24, 14, 1, 13], [2, 9, 3, 10], [4, 8, 5, 7], [6, 16, 7, 15]]"
12a_0567_34,"[[6, 16, 7, 15], [8, 20, 9, 19], [10, 21, 11, 22], [12, 17, 13, 18], [14, 6, 15, 5], [16, 24, 17, 23], [18, 1, 19, 2], [20, 4, 21, 3], [22, 11, 23, 12], [24, 14, 1, 13], [2, 9, 3, 10], [4, 8, 5, 7]]"
12a_0567_35,"[[4, 8, 5, 7], [6, 16, 7, 15], [8, 20, 9, 19], [10, 21, 11, 22], [12, 17, 13, 18], [14, 6, 15, 5], [16, 24, 17, 23], [18, 1, 19, 2], [20, 4, 21, 3], [22, 11, 23, 12], [24, 14, 1, 13], [2, 9, 3, 10]]"
12a_0567_36,"[[3, 10, 4, 11], [5, 9, 6, 8], [7, 17, 8, 16], [9, 21, 10, 20], [11, 22, 12, 23], [13, 18, 14, 19], [15, 7, 16, 6], [17, 1, 18, 24], [19, 2, 20, 3], [21, 5, 22, 4], [23, 12, 24, 13], [1, 15, 2, 14]]"
12a_0567_37,"[[1, 15, 2, 14], [3, 10, 4, 11], [5, 9, 6, 8], [7, 17, 8, 16], [9, 21, 10, 20], [11, 22, 12, 23], [13, 18, 14, 19], [15, 7, 16, 6], [17, 1, 18, 24], [19, 2, 20, 3], [21, 5, 22, 4], [23, 12, 24, 13]]"
12a_0567_38,"[[23, 12, 24, 13], [1, 15, 2, 14], [3, 10, 4, 11], [5, 9, 6, 8], [7, 17, 8, 16], [9, 21, 10, 20], [11, 22, 12, 23], [13, 18, 14, 19], [15, 7, 16, 6], [17, 1, 18, 24], [19, 2, 20, 3], [21, 5, 22, 4]]"
12a_0567_39,"[[21, 5, 22, 4], [23, 12, 24, 13], [1, 15, 2, 14], [3, 10, 4, 11], [5, 9, 6, 8], [7, 17, 8, 16], [9, 21, 10, 20], [11, 22, 12, 23], [13, 18, 14, 19], [15, 7, 16, 6], [17, 1, 18, 24], [19, 2, 20, 3]]"
12a_0567_40,"[[19, 2, 20, 3], [21, 5, 22, 4], [23, 12, 24, 13], [1, 15, 2, 14], [3, 10, 4, 11], [5, 9, 6, 8], [7, 17, 8, 16], [9, 21, 10, 20], [11, 22, 12, 23], [13, 18, 14, 19], [15, 7, 16, 6], [17, 1, 18, 24]]"
12a_0567_41,"[[17, 1, 18, 24], [19, 2, 20, 3], [21, 5, 22, 4], [23, 12, 24, 13], [1, 15, 2, 14], [3, 10, 4, 11], [5, 9, 6, 8], [7, 17, 8, 16], [9, 21, 10, 20], [11, 22, 12, 23], [13, 18, 14, 19], [15, 7, 16, 6]]"
12a_0567_42,"[[15, 7, 16, 6], [17, 1, 18, 24], [19, 2, 20, 3], [21, 5, 22, 4], [23, 12, 24, 13], [1, 15, 2, 14], [3, 10, 4, 11], [5, 9, 6, 8], [7, 17, 8, 16], [9, 21, 10, 20], [11, 22, 12, 23], [13, 18, 14, 19]]"
12a_0567_43,"[[13, 18, 14, 19], [15, 7, 16, 6], [17, 1, 18, 24], [19, 2, 20, 3], [21, 5, 22, 4], [23, 12, 24, 13], [1, 15, 2, 14], [3, 10, 4, 11], [5, 9, 6, 8], [7, 17, 8, 16], [9, 21, 10, 20], [11, 22, 12, 23]]"
12a_0567_44,"[[11, 22, 12, 23], [13, 18, 14, 19], [15, 7, 16, 6], [17, 1, 18, 24], [19, 2, 20, 3], [21, 5, 22, 4], [23, 12, 24, 13], [1, 15, 2, 14], [3, 10, 4, 11], [5, 9, 6, 8], [7, 17, 8, 16], [9, 21, 10, 20]]"
12a_0567_45,"[[9, 21, 10, 20], [11, 22, 12, 23], [13, 18, 14, 19], [15, 7, 16, 6], [17, 1, 18, 24], [19, 2, 20, 3], [21, 5, 22, 4], [23, 12, 24, 13], [1, 15, 2, 14], [3, 10, 4, 11], [5, 9, 6, 8], [7, 17, 8, 16]]"
12a_0567_46,"[[7, 17, 8, 16], [9, 21, 10, 20], [11, 22, 12, 23], [13, 18, 14, 19], [15, 7, 16, 6], [17, 1, 18, 24], [19, 2, 20, 3], [21, 5, 22, 4], [23, 12, 24, 13], [1, 15, 2, 14], [3, 10, 4, 11], [5, 9, 6, 8]]"
12a_0567_47,"[[5, 9, 6, 8], [7, 17, 8, 16], [9, 21, 10, 20], [11, 22, 12, 23], [13, 18, 14, 19], [15, 7, 16, 6], [17, 1, 18, 24], [19, 2, 20, 3], [21, 5, 22, 4], [23, 12, 24, 13], [1, 15, 2, 14], [3, 10, 4, 11]]"
12a_0567_48,"[[4, 11, 5, 12], [6, 10, 7, 9], [8, 18, 9, 17], [10, 22, 11, 21], [12, 23, 13, 24], [14, 19, 15, 20], [16, 8, 17, 7], [18, 2, 19, 1], [20, 3, 21, 4], [22, 6, 23, 5], [24, 13, 1, 14], [2, 16, 3, 15]]"
12a_0567_49,"[[2, 16, 3, 15], [4, 11, 5, 12], [6, 10, 7, 9], [8, 18, 9, 17], [10, 22, 11, 21], [12, 23, 13, 24], [14, 19, 15, 20], [16, 8, 17, 7], [18, 2, 19, 1], [20, 3, 21, 4], [22, 6, 23, 5], [24, 13, 1, 14]]"
12a_0567_50,"[[24, 13, 1, 14], [2, 16, 3, 15], [4, 11, 5, 12], [6, 10, 7, 9], [8, 18, 9, 17], [10, 22, 11, 21], [12, 23, 13, 24], [14, 19, 15, 20], [16, 8, 17, 7], [18, 2, 19, 1], [20, 3, 21, 4], [22, 6, 23, 5]]"
12a_0567_51,"[[22, 6, 23, 5], [24, 13, 1, 14], [2, 16, 3, 15], [4, 11, 5, 12], [6, 10, 7, 9], [8, 18, 9, 17], [10, 22, 11, 21], [12, 23, 13, 24], [14, 19, 15, 20], [16, 8, 17, 7], [18, 2, 19, 1], [20, 3, 21, 4]]"
12a_0567_52,"[[20, 3, 21, 4], [22, 6, 23, 5], [24, 13, 1, 14], [2, 16, 3, 15], [4, 11, 5, 12], [6, 10, 7, 9], [8, 18, 9, 17], [10, 22, 11, 21], [12, 23, 13, 24], [14, 19, 15, 20], [16, 8, 17, 7], [18, 2, 19, 1]]"
12a_0567_53,"[[18, 2, 19, 1], [20, 3, 21, 4], [22, 6, 23, 5], [24, 13, 1, 14], [2, 16, 3, 15], [4, 11, 5, 12], [6, 10, 7, 9], [8, 18, 9, 17], [10, 22, 11, 21], [12, 23, 13, 24], [14, 19, 15, 20], [16, 8, 17, 7]]"
12a_0567_54,"[[16, 8, 17, 7], [18, 2, 19, 1], [20, 3, 21, 4], [22, 6, 23, 5], [24, 13, 1, 14], [2, 16, 3, 15], [4, 11, 5, 12], [6, 10, 7, 9], [8, 18, 9, 17], [10, 22, 11, 21], [12, 23, 13, 24], [14, 19, 15, 20]]"
12a_0567_55,"[[14, 19, 15, 20], [16, 8, 17, 7], [18, 2, 19, 1], [20, 3, 21, 4], [22, 6, 23, 5], [24, 13, 1, 14], [2, 16, 3, 15], [4, 11, 5, 12], [6, 10, 7, 9], [8, 18, 9, 17], [10, 22, 11, 21], [12, 23, 13, 24]]"
12a_0567_56,"[[12, 23, 13, 24], [14, 19, 15, 20], [16, 8, 17, 7], [18, 2, 19, 1], [20, 3, 21, 4], [22, 6, 23, 5], [24, 13, 1, 14], [2, 16, 3, 15], [4, 11, 5, 12], [6, 10, 7, 9], [8, 18, 9, 17], [10, 22, 11, 21]]"
12a_0567_57,"[[10, 22, 11, 21], [12, 23, 13, 24], [14, 19, 15, 20], [16, 8, 17, 7], [18, 2, 19, 1], [20, 3, 21, 4], [22, 6, 23, 5], [24, 13, 1, 14], [2, 16, 3, 15], [4, 11, 5, 12], [6, 10, 7, 9], [8, 18, 9, 17]]"
12a_0567_58,"[[8, 18, 9, 17], [10, 22, 11, 21], [12, 23, 13, 24], [14, 19, 15, 20], [16, 8, 17, 7], [18, 2, 19, 1], [20, 3, 21, 4], [22, 6, 23, 5], [24, 13, 1, 14], [2, 16, 3, 15], [4, 11, 5, 12], [6, 10, 7, 9]]"
12a_0567_59,"[[6, 10, 7, 9], [8, 18, 9, 17], [10, 22, 11, 21], [12, 23, 13, 24], [14, 19, 15, 20], [16, 8, 17, 7], [18, 2, 19, 1], [20, 3, 21, 4], [22, 6, 23, 5], [24, 13, 1, 14], [2, 16, 3, 15], [4, 11, 5, 12]]"
12a_0567_60,"[[5, 12, 6, 13], [7, 11, 8, 10], [9, 19, 10, 18], [11, 23, 12, 22], [13, 24, 14, 1], [15, 20, 16, 21], [17, 9, 18, 8], [19, 3, 20, 2], [21, 4, 22, 5], [23, 7, 24, 6], [1, 14, 2, 15], [3, 17, 4, 16]]"
12a_0567_61,"[[3, 17, 4, 16], [5, 12, 6, 13], [7, 11, 8, 10], [9, 19, 10, 18], [11, 23, 12, 22], [13, 24, 14, 1], [15, 20, 16, 21], [17, 9, 18, 8], [19, 3, 20, 2], [21, 4, 22, 5], [23, 7, 24, 6], [1, 14, 2, 15]]"
12a_0567_62,"[[1, 14, 2, 15], [3, 17, 4, 16], [5, 12, 6, 13], [7, 11, 8, 10], [9, 19, 10, 18], [11, 23, 12, 22], [13, 24, 14, 1], [15, 20, 16, 21], [17, 9, 18, 8], [19, 3, 20, 2], [21, 4, 22, 5], [23, 7, 24, 6]]"
12a_0567_63,"[[23, 7, 24, 6], [1, 14, 2, 15], [3, 17, 4, 16], [5, 12, 6, 13], [7, 11, 8, 10], [9, 19, 10, 18], [11, 23, 12, 22], [13, 24, 14, 1], [15, 20, 16, 21], [17, 9, 18, 8], [19, 3, 20, 2], [21, 4, 22, 5]]"
12a_0567_64,"[[21, 4, 22, 5], [23, 7, 24, 6], [1, 14, 2, 15], [3, 17, 4, 16], [5, 12, 6, 13], [7, 11, 8, 10], [9, 19, 10, 18], [11, 23, 12, 22], [13, 24, 14, 1], [15, 20, 16, 21], [17, 9, 18, 8], [19, 3, 20, 2]]"
12a_0567_65,"[[19, 3, 20, 2], [21, 4, 22, 5], [23, 7, 24, 6], [1, 14, 2, 15], [3, 17, 4, 16], [5, 12, 6, 13], [7, 11, 8, 10], [9, 19, 10, 18], [11, 23, 12, 22], [13, 24, 14, 1], [15, 20, 16, 21], [17, 9, 18, 8]]"
12a_0567_66,"[[17, 9, 18, 8], [19, 3, 20, 2], [21, 4, 22, 5], [23, 7, 24, 6], [1, 14, 2, 15], [3, 17, 4, 16], [5, 12, 6, 13], [7, 11, 8, 10], [9, 19, 10, 18], [11, 23, 12, 22], [13, 24, 14, 1], [15, 20, 16, 21]]"
12a_0567_67,"[[15, 20, 16, 21], [17, 9, 18, 8], [19, 3, 20, 2], [21, 4, 22, 5], [23, 7, 24, 6], [1, 14, 2, 15], [3, 17, 4, 16], [5, 12, 6, 13], [7, 11, 8, 10], [9, 19, 10, 18], [11, 23, 12, 22], [13, 24, 14, 1]]"
12a_0567_68,"[[13, 24, 14, 1], [15, 20, 16, 21], [17, 9, 18, 8], [19, 3, 20, 2], [21, 4, 22, 5], [23, 7, 24, 6], [1, 14, 2, 15], [3, 17, 4, 16], [5, 12, 6, 13], [7, 11, 8, 10], [9, 19, 10, 18], [11, 23, 12, 22]]"
12a_0567_69,"[[11, 23, 12, 22], [13, 24, 14, 1], [15, 20, 16, 21], [17, 9, 18, 8], [19, 3, 20, 2], [21, 4, 22, 5], [23, 7, 24, 6], [1, 14, 2, 15], [3, 17, 4, 16], [5, 12, 6, 13], [7, 11, 8, 10], [9, 19, 10, 18]]"
12a_0567_70,"[[9, 19, 10, 18], [11, 23, 12, 22], [13, 24, 14, 1], [15, 20, 16, 21], [17, 9, 18, 8], [19, 3, 20, 2], [21, 4, 22, 5], [23, 7, 24, 6], [1, 14, 2, 15], [3, 17, 4, 16], [5, 12, 6, 13], [7, 11, 8, 10]]"
12a_0567_71,"[[7, 11, 8, 10], [9, 19, 10, 18], [11, 23, 12, 22], [13, 24, 14, 1], [15, 20, 16, 21], [17, 9, 18, 8], [19, 3, 20, 2], [21, 4, 22, 5], [23, 7, 24, 6], [1, 14, 2, 15], [3, 17, 4, 16], [5, 12, 6, 13]]"
12a_0567_72,"[[6, 13, 7, 14], [8, 12, 9, 11], [10, 20, 11, 19], [12, 24, 13, 23], [14, 1, 15, 2], [16, 21, 17, 22], [18, 10, 19, 9], [20, 4, 21, 3], [22, 5, 23, 6], [24, 8, 1, 7], [2, 15, 3, 16], [4, 18, 5, 17]]"
12a_0567_73,"[[4, 18, 5, 17], [6, 13, 7, 14], [8, 12, 9, 11], [10, 20, 11, 19], [12, 24, 13, 23], [14, 1, 15, 2], [16, 21, 17, 22], [18, 10, 19, 9], [20, 4, 21, 3], [22, 5, 23, 6], [24, 8, 1, 7], [2, 15, 3, 16]]"
12a_0567_74,"[[2, 15, 3, 16], [4, 18, 5, 17], [6, 13, 7, 14], [8, 12, 9, 11], [10, 20, 11, 19], [12, 24, 13, 23], [14, 1, 15, 2], [16, 21, 17, 22], [18, 10, 19, 9], [20, 4, 21, 3], [22, 5, 23, 6], [24, 8, 1, 7]]"
12a_0567_75,"[[24, 8, 1, 7], [2, 15, 3, 16], [4, 18, 5, 17], [6, 13, 7, 14], [8, 12, 9, 11], [10, 20, 11, 19], [12, 24, 13, 23], [14, 1, 15, 2], [16, 21, 17, 22], [18, 10, 19, 9], [20, 4, 21, 3], [22, 5, 23, 6]]"
12a_0567_76,"[[22, 5, 23, 6], [24, 8, 1, 7], [2, 15, 3, 16], [4, 18, 5, 17], [6, 13, 7, 14], [8, 12, 9, 11], [10, 20, 11, 19], [12, 24, 13, 23], [14, 1, 15, 2], [16, 21, 17, 22], [18, 10, 19, 9], [20, 4, 21, 3]]"
12a_0567_77,"[[20, 4, 21, 3], [22, 5, 23, 6], [24, 8, 1, 7], [2, 15, 3, 16], [4, 18, 5, 17], [6, 13, 7, 14], [8, 12, 9, 11], [10, 20, 11, 19], [12, 24, 13, 23], [14, 1, 15, 2], [16, 21, 17, 22], [18, 10, 19, 9]]"
12a_0567_78,"[[18, 10, 19, 9], [20, 4, 21, 3], [22, 5, 23, 6], [24, 8, 1, 7], [2, 15, 3, 16], [4, 18, 5, 17], [6, 13, 7, 14], [8, 12, 9, 11], [10, 20, 11, 19], [12, 24, 13, 23], [14, 1, 15, 2], [16, 21, 17, 22]]"
12a_0567_79,"[[16, 21, 17, 22], [18, 10, 19, 9], [20, 4, 21, 3], [22, 5, 23, 6], [24, 8, 1, 7], [2, 15, 3, 16], [4, 18, 5, 17], [6, 13, 7, 14], [8, 12, 9, 11], [10, 20, 11, 19], [12, 24, 13, 23], [14, 1, 15, 2]]"
12a_0567_80,"[[14, 1, 15, 2], [16, 21, 17, 22], [18, 10, 19, 9], [20, 4, 21, 3], [22, 5, 23, 6], [24, 8, 1, 7], [2, 15, 3, 16], [4, 18, 5, 17], [6, 13, 7, 14], [8, 12, 9, 11], [10, 20, 11, 19], [12, 24, 13, 23]]"
12a_0567_81,"[[12, 24, 13, 23], [14, 1, 15, 2], [16, 21, 17, 22], [18, 10, 19, 9], [20, 4, 21, 3], [22, 5, 23, 6], [24, 8, 1, 7], [2, 15, 3, 16], [4, 18, 5, 17], [6, 13, 7, 14], [8, 12, 9, 11], [10, 20, 11, 19]]"
12a_0567_82,"[[10, 20, 11, 19], [12, 24, 13, 23], [14, 1, 15, 2], [16, 21, 17, 22], [18, 10, 19, 9], [20, 4, 21, 3], [22, 5, 23, 6], [24, 8, 1, 7], [2, 15, 3, 16], [4, 18, 5, 17], [6, 13, 7, 14], [8, 12, 9, 11]]"
12a_0567_83,"[[8, 12, 9, 11], [10, 20, 11, 19], [12, 24, 13, 23], [14, 1, 15, 2], [16, 21, 17, 22], [18, 10, 19, 9], [20, 4, 21, 3], [22, 5, 23, 6], [24, 8, 1, 7], [2, 15, 3, 16], [4, 18, 5, 17], [6, 13, 7, 14]]"
12a_0567_84,"[[7, 14, 8, 15], [9, 13, 10, 12], [11, 21, 12, 20], [13, 1, 14, 24], [15, 2, 16, 3], [17, 22, 18, 23], [19, 11, 20, 10], [21, 5, 22, 4], [23, 6, 24, 7], [1, 9, 2, 8], [3, 16, 4, 17], [5, 19, 6, 18]]"
12a_0567_85,"[[5, 19, 6, 18], [7, 14, 8, 15], [9, 13, 10, 12], [11, 21, 12, 20], [13, 1, 14, 24], [15, 2, 16, 3], [17, 22, 18, 23], [19, 11, 20, 10], [21, 5, 22, 4], [23, 6, 24, 7], [1, 9, 2, 8], [3, 16, 4, 17]]"
12a_0567_86,"[[3, 16, 4, 17], [5, 19, 6, 18], [7, 14, 8, 15], [9, 13, 10, 12], [11, 21, 12, 20], [13, 1, 14, 24], [15, 2, 16, 3], [17, 22, 18, 23], [19, 11, 20, 10], [21, 5, 22, 4], [23, 6, 24, 7], [1, 9, 2, 8]]"
12a_0567_87,"[[1, 9, 2, 8], [3, 16, 4, 17], [5, 19, 6, 18], [7, 14, 8, 15], [9, 13, 10, 12], [11, 21, 12, 20], [13, 1, 14, 24], [15, 2, 16, 3], [17, 22, 18, 23], [19, 11, 20, 10], [21, 5, 22, 4], [23, 6, 24, 7]]"
12a_0567_88,"[[23, 6, 24, 7], [1, 9, 2, 8], [3, 16, 4, 17], [5, 19, 6, 18], [7, 14, 8, 15], [9, 13, 10, 12], [11, 21, 12, 20], [13, 1, 14, 24], [15, 2, 16, 3], [17, 22, 18, 23], [19, 11, 20, 10], [21, 5, 22, 4]]"
12a_0567_89,"[[21, 5, 22, 4], [23, 6, 24, 7], [1, 9, 2, 8], [3, 16, 4, 17], [5, 19, 6, 18], [7, 14, 8, 15], [9, 13, 10, 12], [11, 21, 12, 20], [13, 1, 14, 24], [15, 2, 16, 3], [17, 22, 18, 23], [19, 11, 20, 10]]"
12a_0567_90,"[[19, 11, 20, 10], [21, 5, 22, 4], [23, 6, 24, 7], [1, 9, 2, 8], [3, 16, 4, 17], [5, 19, 6, 18], [7, 14, 8, 15], [9, 13, 10, 12], [11, 21, 12, 20], [13, 1, 14, 24], [15, 2, 16, 3], [17, 22, 18, 23]]"
12a_0567_91,"[[17, 22, 18, 23], [19, 11, 20, 10], [21, 5, 22, 4], [23, 6, 24, 7], [1, 9, 2, 8], [3, 16, 4, 17], [5, 19, 6, 18], [7, 14, 8, 15], [9, 13, 10, 12], [11, 21, 12, 20], [13, 1, 14, 24], [15, 2, 16, 3]]"
12a_0567_92,"[[15, 2, 16, 3], [17, 22, 18, 23], [19, 11, 20, 10], [21, 5, 22, 4], [23, 6, 24, 7], [1, 9, 2, 8], [3, 16, 4, 17], [5, 19, 6, 18], [7, 14, 8, 15], [9, 13, 10, 12], [11, 21, 12, 20], [13, 1, 14, 24]]"
12a_0567_93,"[[13, 1, 14, 24], [15, 2, 16, 3], [17, 22, 18, 23], [19, 11, 20, 10], [21, 5, 22, 4], [23, 6, 24, 7], [1, 9, 2, 8], [3, 16, 4, 17], [5, 19, 6, 18], [7, 14, 8, 15], [9, 13, 10, 12], [11, 21, 12, 20]]"
12a_0567_94,"[[11, 21, 12, 20], [13, 1, 14, 24], [15, 2, 16, 3], [17, 22, 18, 23], [19, 11, 20, 10], [21, 5, 22, 4], [23, 6, 24, 7], [1, 9, 2, 8], [3, 16, 4, 17], [5, 19, 6, 18], [7, 14, 8, 15], [9, 13, 10, 12]]"
12a_0567_95,"[[9, 13, 10, 12], [11, 21, 12, 20], [13, 1, 14, 24], [15, 2, 16, 3], [17, 22, 18, 23], [19, 11, 20, 10], [21, 5, 22, 4], [23, 6, 24, 7], [1, 9, 2, 8], [3, 16, 4, 17], [5, 19, 6, 18], [7, 14, 8, 15]]"
12a_0567_96,"[[8, 15, 9, 16], [10, 14, 11, 13], [12, 22, 13, 21], [14, 2, 15, 1], [16, 3, 17, 4], [18, 23, 19, 24], [20, 12, 21, 11], [22, 6, 23, 5], [24, 7, 1, 8], [2, 10, 3, 9], [4, 17, 5, 18], [6, 20, 7, 19]]"
12a_0567_97,"[[6, 20, 7, 19], [8, 15, 9, 16], [10, 14, 11, 13], [12, 22, 13, 21], [14, 2, 15, 1], [16, 3, 17, 4], [18, 23, 19, 24], [20, 12, 21, 11], [22, 6, 23, 5], [24, 7, 1, 8], [2, 10, 3, 9], [4, 17, 5, 18]]"
12a_0567_98,"[[4, 17, 5, 18], [6, 20, 7, 19], [8, 15, 9, 16], [10, 14, 11, 13], [12, 22, 13, 21], [14, 2, 15, 1], [16, 3, 17, 4], [18, 23, 19, 24], [20, 12, 21, 11], [22, 6, 23, 5], [24, 7, 1, 8], [2, 10, 3, 9]]"
12a_0567_99,"[[2, 10, 3, 9], [4, 17, 5, 18], [6, 20, 7, 19], [8, 15, 9, 16], [10, 14, 11, 13], [12, 22, 13, 21], [14, 2, 15, 1], [16, 3, 17, 4], [18, 23, 19, 24], [20, 12, 21, 11], [22, 6, 23, 5], [24, 7, 1, 8]]"
12a_0567_100,"[[24, 7, 1, 8], [2, 10, 3, 9], [4, 17, 5, 18], [6, 20, 7, 19], [8, 15, 9, 16], [10, 14, 11, 13], [12, 22, 13, 21], [14, 2, 15, 1], [16, 3, 17, 4], [18, 23, 19, 24], [20, 12, 21, 11], [22, 6, 23, 5]]"
12a_0567_101,"[[22, 6, 23, 5], [24, 7, 1, 8], [2, 10, 3, 9], [4, 17, 5, 18], [6, 20, 7, 19], [8, 15, 9, 16], [10, 14, 11, 13], [12, 22, 13, 21], [14, 2, 15, 1], [16, 3, 17, 4], [18, 23, 19, 24], [20, 12, 21, 11]]"
12a_0567_102,"[[20, 12, 21, 11], [22, 6, 23, 5], [24, 7, 1, 8], [2, 10, 3, 9], [4, 17, 5, 18], [6, 20, 7, 19], [8, 15, 9, 16], [10, 14, 11, 13], [12, 22, 13, 21], [14, 2, 15, 1], [16, 3, 17, 4], [18, 23, 19, 24]]"
12a_0567_103,"[[18, 23, 19, 24], [20, 12, 21, 11], [22, 6, 23, 5], [24, 7, 1, 8], [2, 10, 3, 9], [4, 17, 5, 18], [6, 20, 7, 19], [8, 15, 9, 16], [10, 14, 11, 13], [12, 22, 13, 21], [14, 2, 15, 1], [16, 3, 17, 4]]"
12a_0567_104,"[[16, 3, 17, 4], [18, 23, 19, 24], [20, 12, 21, 11], [22, 6, 23, 5], [24, 7, 1, 8], [2, 10, 3, 9], [4, 17, 5, 18], [6, 20, 7, 19], [8, 15, 9, 16], [10, 14, 11, 13], [12, 22, 13, 21], [14, 2, 15, 1]]"
12a_0567_105,"[[14, 2, 15, 1], [16, 3, 17, 4], [18, 23, 19, 24], [20, 12, 21, 11], [22, 6, 23, 5], [24, 7, 1, 8], [2, 10, 3, 9], [4, 17, 5, 18], [6, 20, 7, 19], [8, 15, 9, 16], [10, 14, 11, 13], [12, 22, 13, 21]]"
12a_0567_106,"[[12, 22, 13, 21], [14, 2, 15, 1], [16, 3, 17, 4], [18, 23, 19, 24], [20, 12, 21, 11], [22, 6, 23, 5], [24, 7, 1, 8], [2, 10, 3, 9], [4, 17, 5, 18], [6, 20, 7, 19], [8, 15, 9, 16], [10, 14, 11, 13]]"
12a_0567_107,"[[10, 14, 11, 13], [12, 22, 13, 21], [14, 2, 15, 1], [16, 3, 17, 4], [18, 23, 19, 24], [20, 12, 21, 11], [22, 6, 23, 5], [24, 7, 1, 8], [2, 10, 3, 9], [4, 17, 5, 18], [6, 20, 7, 19], [8, 15, 9, 16]]"
12a_0567_108,"[[9, 16, 10, 17], [11, 15, 12, 14], [13, 23, 14, 22], [15, 3, 16, 2], [17, 4, 18, 5], [19, 24, 20, 1], [21, 13, 22, 12], [23, 7, 24, 6], [1, 8, 2, 9], [3, 11, 4, 10], [5, 18, 6, 19], [7, 21, 8, 20]]"
12a_0567_109,"[[7, 21, 8, 20], [9, 16, 10, 17], [11, 15, 12, 14], [13, 23, 14, 22], [15, 3, 16, 2], [17, 4, 18, 5], [19, 24, 20, 1], [21, 13, 22, 12], [23, 7, 24, 6], [1, 8, 2, 9], [3, 11, 4, 10], [5, 18, 6, 19]]"
12a_0567_110,"[[5, 18, 6, 19], [7, 21, 8, 20], [9, 16, 10, 17], [11, 15, 12, 14], [13, 23, 14, 22], [15, 3, 16, 2], [17, 4, 18, 5], [19, 24, 20, 1], [21, 13, 22, 12], [23, 7, 24, 6], [1, 8, 2, 9], [3, 11, 4, 10]]"
12a_0567_111,"[[3, 11, 4, 10], [5, 18, 6, 19], [7, 21, 8, 20], [9, 16, 10, 17], [11, 15, 12, 14], [13, 23, 14, 22], [15, 3, 16, 2], [17, 4, 18, 5], [19, 24, 20, 1], [21, 13, 22, 12], [23, 7, 24, 6], [1, 8, 2, 9]]"
12a_0567_112,"[[1, 8, 2, 9], [3, 11, 4, 10], [5, 18, 6, 19], [7, 21, 8, 20], [9, 16, 10, 17], [11, 15, 12, 14], [13, 23, 14, 22], [15, 3, 16, 2], [17, 4, 18, 5], [19, 24, 20, 1], [21, 13, 22, 12], [23, 7, 24, 6]]"
12a_0567_113,"[[23, 7, 24, 6], [1, 8, 2, 9], [3, 11, 4, 10], [5, 18, 6, 19], [7, 21, 8, 20], [9, 16, 10, 17], [11, 15, 12, 14], [13, 23, 14, 22], [15, 3, 16, 2], [17, 4, 18, 5], [19, 24, 20, 1], [21, 13, 22, 12]]"
12a_0567_114,"[[21, 13, 22, 12], [23, 7, 24, 6], [1, 8, 2, 9], [3, 11, 4, 10], [5, 18, 6, 19], [7, 21, 8, 20], [9, 16, 10, 17], [11, 15, 12, 14], [13, 23, 14, 22], [15, 3, 16, 2], [17, 4, 18, 5], [19, 24, 20, 1]]"
12a_0567_115,"[[19, 24, 20, 1], [21, 13, 22, 12], [23, 7, 24, 6], [1, 8, 2, 9], [3, 11, 4, 10], [5, 18, 6, 19], [7, 21, 8, 20], [9, 16, 10, 17], [11, 15, 12, 14], [13, 23, 14, 22], [15, 3, 16, 2], [17, 4, 18, 5]]"
12a_0567_116,"[[17, 4, 18, 5], [19, 24, 20, 1], [21, 13, 22, 12], [23, 7, 24, 6], [1, 8, 2, 9], [3, 11, 4, 10], [5, 18, 6, 19], [7, 21, 8, 20], [9, 16, 10, 17], [11, 15, 12, 14], [13, 23, 14, 22], [15, 3, 16, 2]]"
12a_0567_117,"[[15, 3, 16, 2], [17, 4, 18, 5], [19, 24, 20, 1], [21, 13, 22, 12], [23, 7, 24, 6], [1, 8, 2, 9], [3, 11, 4, 10], [5, 18, 6, 19], [7, 21, 8, 20], [9, 16, 10, 17], [11, 15, 12, 14], [13, 23, 14, 22]]"
12a_0567_118,"[[13, 23, 14, 22], [15, 3, 16, 2], [17, 4, 18, 5], [19, 24, 20, 1], [21, 13, 22, 12], [23, 7, 24, 6], [1, 8, 2, 9], [3, 11, 4, 10], [5, 18, 6, 19], [7, 21, 8, 20], [9, 16, 10, 17], [11, 15, 12, 14]]"
12a_0567_119,"[[11, 15, 12, 14], [13, 23, 14, 22], [15, 3, 16, 2], [17, 4, 18, 5], [19, 24, 20, 1], [21, 13, 22, 12], [23, 7, 24, 6], [1, 8, 2, 9], [3, 11, 4, 10], [5, 18, 6, 19], [7, 21, 8, 20], [9, 16, 10, 17]]"
12a_0567_120,"[[10, 17, 11, 18], [12, 16, 13, 15], [14, 24, 15, 23], [16, 4, 17, 3], [18, 5, 19, 6], [20, 1, 21, 2], [22, 14, 23, 13], [24, 8, 1, 7], [2, 9, 3, 10], [4, 12, 5, 11], [6, 19, 7, 20], [8, 22, 9, 21]]"
12a_0567_121,"[[8, 22, 9, 21], [10, 17, 11, 18], [12, 16, 13, 15], [14, 24, 15, 23], [16, 4, 17, 3], [18, 5, 19, 6], [20, 1, 21, 2], [22, 14, 23, 13], [24, 8, 1, 7], [2, 9, 3, 10], [4, 12, 5, 11], [6, 19, 7, 20]]"
12a_0567_122,"[[6, 19, 7, 20], [8, 22, 9, 21], [10, 17, 11, 18], [12, 16, 13, 15], [14, 24, 15, 23], [16, 4, 17, 3], [18, 5, 19, 6], [20, 1, 21, 2], [22, 14, 23, 13], [24, 8, 1, 7], [2, 9, 3, 10], [4, 12, 5, 11]]"
12a_0567_123,"[[4, 12, 5, 11], [6, 19, 7, 20], [8, 22, 9, 21], [10, 17, 11, 18], [12, 16, 13, 15], [14, 24, 15, 23], [16, 4, 17, 3], [18, 5, 19, 6], [20, 1, 21, 2], [22, 14, 23, 13], [24, 8, 1, 7], [2, 9, 3, 10]]"
12a_0567_124,"[[2, 9, 3, 10], [4, 12, 5, 11], [6, 19, 7, 20], [8, 22, 9, 21], [10, 17, 11, 18], [12, 16, 13, 15], [14, 24, 15, 23], [16, 4, 17, 3], [18, 5, 19, 6], [20, 1, 21, 2], [22, 14, 23, 13], [24, 8, 1, 7]]"
12a_0567_125,"[[24, 8, 1, 7], [2, 9, 3, 10], [4, 12, 5, 11], [6, 19, 7, 20], [8, 22, 9, 21], [10, 17, 11, 18], [12, 16, 13, 15], [14, 24, 15, 23], [16, 4, 17, 3], [18, 5, 19, 6], [20, 1, 21, 2], [22, 14, 23, 13]]"
12a_0567_126,"[[22, 14, 23, 13], [24, 8, 1, 7], [2, 9, 3, 10], [4, 12, 5, 11], [6, 19, 7, 20], [8, 22, 9, 21], [10, 17, 11, 18], [12, 16, 13, 15], [14, 24, 15, 23], [16, 4, 17, 3], [18, 5, 19, 6], [20, 1, 21, 2]]"
12a_0567_127,"[[20, 1, 21, 2], [22, 14, 23, 13], [24, 8, 1, 7], [2, 9, 3, 10], [4, 12, 5, 11], [6, 19, 7, 20], [8, 22, 9, 21], [10, 17, 11, 18], [12, 16, 13, 15], [14, 24, 15, 23], [16, 4, 17, 3], [18, 5, 19, 6]]"
12a_0567_128,"[[18, 5, 19, 6], [20, 1, 21, 2], [22, 14, 23, 13], [24, 8, 1, 7], [2, 9, 3, 10], [4, 12, 5, 11], [6, 19, 7, 20], [8, 22, 9, 21], [10, 17, 11, 18], [12, 16, 13, 15], [14, 24, 15, 23], [16, 4, 17, 3]]"
12a_0567_129,"[[16, 4, 17, 3], [18, 5, 19, 6], [20, 1, 21, 2], [22, 14, 23, 13], [24, 8, 1, 7], [2, 9, 3, 10], [4, 12, 5, 11], [6, 19, 7, 20], [8, 22, 9, 21], [10, 17, 11, 18], [12, 16, 13, 15], [14, 24, 15, 23]]"
12a_0567_130,"[[14, 24, 15, 23], [16, 4, 17, 3], [18, 5, 19, 6], [20, 1, 21, 2], [22, 14, 23, 13], [24, 8, 1, 7], [2, 9, 3, 10], [4, 12, 5, 11], [6, 19, 7, 20], [8, 22, 9, 21], [10, 17, 11, 18], [12, 16, 13, 15]]"
12a_0567_131,"[[12, 16, 13, 15], [14, 24, 15, 23], [16, 4, 17, 3], [18, 5, 19, 6], [20, 1, 21, 2], [22, 14, 23, 13], [24, 8, 1, 7], [2, 9, 3, 10], [4, 12, 5, 11], [6, 19, 7, 20], [8, 22, 9, 21], [10, 17, 11, 18]]"
12a_0567_132,"[[11, 18, 12, 19], [13, 17, 14, 16], [15, 1, 16, 24], [17, 5, 18, 4], [19, 6, 20, 7], [21, 2, 22, 3], [23, 15, 24, 14], [1, 9, 2, 8], [3, 10, 4, 11], [5, 13, 6, 12], [7, 20, 8, 21], [9, 23, 10, 22]]"
12a_0567_133,"[[9, 23, 10, 22], [11, 18, 12, 19], [13, 17, 14, 16], [15, 1, 16, 24], [17, 5, 18, 4], [19, 6, 20, 7], [21, 2, 22, 3], [23, 15, 24, 14], [1, 9, 2, 8], [3, 10, 4, 11], [5, 13, 6, 12], [7, 20, 8, 21]]"
12a_0567_134,"[[7, 20, 8, 21], [9, 23, 10, 22], [11, 18, 12, 19], [13, 17, 14, 16], [15, 1, 16, 24], [17, 5, 18, 4], [19, 6, 20, 7], [21, 2, 22, 3], [23, 15, 24, 14], [1, 9, 2, 8], [3, 10, 4, 11], [5, 13, 6, 12]]"
12a_0567_135,"[[5, 13, 6, 12], [7, 20, 8, 21], [9, 23, 10, 22], [11, 18, 12, 19], [13, 17, 14, 16], [15, 1, 16, 24], [17, 5, 18, 4], [19, 6, 20, 7], [21, 2, 22, 3], [23, 15, 24, 14], [1, 9, 2, 8], [3, 10, 4, 11]]"
12a_0567_136,"[[3, 10, 4, 11], [5, 13, 6, 12], [7, 20, 8, 21], [9, 23, 10, 22], [11, 18, 12, 19], [13, 17, 14, 16], [15, 1, 16, 24], [17, 5, 18, 4], [19, 6, 20, 7], [21, 2, 22, 3], [23, 15, 24, 14], [1, 9, 2, 8]]"
12a_0567_137,"[[1, 9, 2, 8], [3, 10, 4, 11], [5, 13, 6, 12], [7, 20, 8, 21], [9, 23, 10, 22], [11, 18, 12, 19], [13, 17, 14, 16], [15, 1, 16, 24], [17, 5, 18, 4], [19, 6, 20, 7], [21, 2, 22, 3], [23, 15, 24, 14]]"
12a_0567_138,"[[23, 15, 24, 14], [1, 9, 2, 8], [3, 10, 4, 11], [5, 13, 6, 12], [7, 20, 8, 21], [9, 23, 10, 22], [11, 18, 12, 19], [13, 17, 14, 16], [15, 1, 16, 24], [17, 5, 18, 4], [19, 6, 20, 7], [21, 2, 22, 3]]"
12a_0567_139,"[[21, 2, 22, 3], [23, 15, 24, 14], [1, 9, 2, 8], [3, 10, 4, 11], [5, 13, 6, 12], [7, 20, 8, 21], [9, 23, 10, 22], [11, 18, 12, 19], [13, 17, 14, 16], [15, 1, 16, 24], [17, 5, 18, 4], [19, 6, 20, 7]]"
12a_0567_140,"[[19, 6, 20, 7], [21, 2, 22, 3], [23, 15, 24, 14], [1, 9, 2, 8], [3, 10, 4, 11], [5, 13, 6, 12], [7, 20, 8, 21], [9, 23, 10, 22], [11, 18, 12, 19], [13, 17, 14, 16], [15, 1, 16, 24], [17, 5, 18, 4]]"
12a_0567_141,"[[17, 5, 18, 4], [19, 6, 20, 7], [21, 2, 22, 3], [23, 15, 24, 14], [1, 9, 2, 8], [3, 10, 4, 11], [5, 13, 6, 12], [7, 20, 8, 21], [9, 23, 10, 22], [11, 18, 12, 19], [13, 17, 14, 16], [15, 1, 16, 24]]"
12a_0567_142,"[[15, 1, 16, 24], [17, 5, 18, 4], [19, 6, 20, 7], [21, 2, 22, 3], [23, 15, 24, 14], [1, 9, 2, 8], [3, 10, 4, 11], [5, 13, 6, 12], [7, 20, 8, 21], [9, 23, 10, 22], [11, 18, 12, 19], [13, 17, 14, 16]]"
12a_0567_143,"[[13, 17, 14, 16], [15, 1, 16, 24], [17, 5, 18, 4], [19, 6, 20, 7], [21, 2, 22, 3], [23, 15, 24, 14], [1, 9, 2, 8], [3, 10, 4, 11], [5, 13, 6, 12], [7, 20, 8, 21], [9, 23, 10, 22], [11, 18, 12, 19]]"
12a_0567_144,"[[12, 19, 13, 20], [14, 18, 15, 17], [16, 2, 17, 1], [18, 6, 19, 5], [20, 7, 21, 8], [22, 3, 23, 4], [24, 16, 1, 15], [2, 10, 3, 9], [4, 11, 5, 12], [6, 14, 7, 13], [8, 21, 9, 22], [10, 24, 11, 23]]"
12a_0567_145,"[[10, 24, 11, 23], [12, 19, 13, 20], [14, 18, 15, 17], [16, 2, 17, 1], [18, 6, 19, 5], [20, 7, 21, 8], [22, 3, 23, 4], [24, 16, 1, 15], [2, 10, 3, 9], [4, 11, 5, 12], [6, 14, 7, 13], [8, 21, 9, 22]]"
12a_0567_146,"[[8, 21, 9, 22], [10, 24, 11, 23], [12, 19, 13, 20], [14, 18, 15, 17], [16, 2, 17, 1], [18, 6, 19, 5], [20, 7, 21, 8], [22, 3, 23, 4], [24, 16, 1, 15], [2, 10, 3, 9], [4, 11, 5, 12], [6, 14, 7, 13]]"
12a_0567_147,"[[6, 14, 7, 13], [8, 21, 9, 22], [10, 24, 11, 23], [12, 19, 13, 20], [14, 18, 15, 17], [16, 2, 17, 1], [18, 6, 19, 5], [20, 7, 21, 8], [22, 3, 23, 4], [24, 16, 1, 15], [2, 10, 3, 9], [4, 11, 5, 12]]"
12a_0567_148,"[[4, 11, 5, 12], [6, 14, 7, 13], [8, 21, 9, 22], [10, 24, 11, 23], [12, 19, 13, 20], [14, 18, 15, 17], [16, 2, 17, 1], [18, 6, 19, 5], [20, 7, 21, 8], [22, 3, 23, 4], [24, 16, 1, 15], [2, 10, 3, 9]]"
12a_0567_149,"[[2, 10, 3, 9], [4, 11, 5, 12], [6, 14, 7, 13], [8, 21, 9, 22], [10, 24, 11, 23], [12, 19, 13, 20], [14, 18, 15, 17], [16, 2, 17, 1], [18, 6, 19, 5], [20, 7, 21, 8], [22, 3, 23, 4], [24, 16, 1, 15]]"
12a_0567_150,"[[24, 16, 1, 15], [2, 10, 3, 9], [4, 11, 5, 12], [6, 14, 7, 13], [8, 21, 9, 22], [10, 24, 11, 23], [12, 19, 13, 20], [14, 18, 15, 17], [16, 2, 17, 1], [18, 6, 19, 5], [20, 7, 21, 8], [22, 3, 23, 4]]"
12a_0567_151,"[[22, 3, 23, 4], [24, 16, 1, 15], [2, 10, 3, 9], [4, 11, 5, 12], [6, 14, 7, 13], [8, 21, 9, 22], [10, 24, 11, 23], [12, 19, 13, 20], [14, 18, 15, 17], [16, 2, 17, 1], [18, 6, 19, 5], [20, 7, 21, 8]]"
12a_0567_152,"[[20, 7, 21, 8], [22, 3, 23, 4], [24, 16, 1, 15], [2, 10, 3, 9], [4, 11, 5, 12], [6, 14, 7, 13], [8, 21, 9, 22], [10, 24, 11, 23], [12, 19, 13, 20], [14, 18, 15, 17], [16, 2, 17, 1], [18, 6, 19, 5]]"
12a_0567_153,"[[18, 6, 19, 5], [20, 7, 21, 8], [22, 3, 23, 4], [24, 16, 1, 15], [2, 10, 3, 9], [4, 11, 5, 12], [6, 14, 7, 13], [8, 21, 9, 22], [10, 24, 11, 23], [12, 19, 13, 20], [14, 18, 15, 17], [16, 2, 17, 1]]"
12a_0567_154,"[[16, 2, 17, 1], [18, 6, 19, 5], [20, 7, 21, 8], [22, 3, 23, 4], [24, 16, 1, 15], [2, 10, 3, 9], [4, 11, 5, 12], [6, 14, 7, 13], [8, 21, 9, 22], [10, 24, 11, 23], [12, 19, 13, 20], [14, 18, 15, 17]]"
12a_0567_155,"[[14, 18, 15, 17], [16, 2, 17, 1], [18, 6, 19, 5], [20, 7, 21, 8], [22, 3, 23, 4], [24, 16, 1, 15], [2, 10, 3, 9], [4, 11, 5, 12], [6, 14, 7, 13], [8, 21, 9, 22], [10, 24, 11, 23], [12, 19, 13, 20]]"
12a_0567_156,"[[13, 20, 14, 21], [15, 19, 16, 18], [17, 3, 18, 2], [19, 7, 20, 6], [21, 8, 22, 9], [23, 4, 24, 5], [1, 17, 2, 16], [3, 11, 4, 10], [5, 12, 6, 13], [7, 15, 8, 14], [9, 22, 10, 23], [11, 1, 12, 24]]"
12a_0567_157,"[[11, 1, 12, 24], [13, 20, 14, 21], [15, 19, 16, 18], [17, 3, 18, 2], [19, 7, 20, 6], [21, 8, 22, 9], [23, 4, 24, 5], [1, 17, 2, 16], [3, 11, 4, 10], [5, 12, 6, 13], [7, 15, 8, 14], [9, 22, 10, 23]]"
12a_0567_158,"[[9, 22, 10, 23], [11, 1, 12, 24], [13, 20, 14, 21], [15, 19, 16, 18], [17, 3, 18, 2], [19, 7, 20, 6], [21, 8, 22, 9], [23, 4, 24, 5], [1, 17, 2, 16], [3, 11, 4, 10], [5, 12, 6, 13], [7, 15, 8, 14]]"
12a_0567_159,"[[7, 15, 8, 14], [9, 22, 10, 23], [11, 1, 12, 24], [13, 20, 14, 21], [15, 19, 16, 18], [17, 3, 18, 2], [19, 7, 20, 6], [21, 8, 22, 9], [23, 4, 24, 5], [1, 17, 2, 16], [3, 11, 4, 10], [5, 12, 6, 13]]"
12a_0567_160,"[[5, 12, 6, 13], [7, 15, 8, 14], [9, 22, 10, 23], [11, 1, 12, 24], [13, 20, 14, 21], [15, 19, 16, 18], [17, 3, 18, 2], [19, 7, 20, 6], [21, 8, 22, 9], [23, 4, 24, 5], [1, 17, 2, 16], [3, 11, 4, 10]]"
12a_0567_161,"[[3, 11, 4, 10], [5, 12, 6, 13], [7, 15, 8, 14], [9, 22, 10, 23], [11, 1, 12, 24], [13, 20, 14, 21], [15, 19, 16, 18], [17, 3, 18, 2], [19, 7, 20, 6], [21, 8, 22, 9], [23, 4, 24, 5], [1, 17, 2, 16]]"
12a_0567_162,"[[1, 17, 2, 16], [3, 11, 4, 10], [5, 12, 6, 13], [7, 15, 8, 14], [9, 22, 10, 23], [11, 1, 12, 24], [13, 20, 14, 21], [15, 19, 16, 18], [17, 3, 18, 2], [19, 7, 20, 6], [21, 8, 22, 9], [23, 4, 24, 5]]"
12a_0567_163,"[[23, 4, 24, 5], [1, 17, 2, 16], [3, 11, 4, 10], [5, 12, 6, 13], [7, 15, 8, 14], [9, 22, 10, 23], [11, 1, 12, 24], [13, 20, 14, 21], [15, 19, 16, 18], [17, 3, 18, 2], [19, 7, 20, 6], [21, 8, 22, 9]]"
12a_0567_164,"[[21, 8, 22, 9], [23, 4, 24, 5], [1, 17, 2, 16], [3, 11, 4, 10], [5, 12, 6, 13], [7, 15, 8, 14], [9, 22, 10, 23], [11, 1, 12, 24], [13, 20, 14, 21], [15, 19, 16, 18], [17, 3, 18, 2], [19, 7, 20, 6]]"
12a_0567_165,"[[19, 7, 20, 6], [21, 8, 22, 9], [23, 4, 24, 5], [1, 17, 2, 16], [3, 11, 4, 10], [5, 12, 6, 13], [7, 15, 8, 14], [9, 22, 10, 23], [11, 1, 12, 24], [13, 20, 14, 21], [15, 19, 16, 18], [17, 3, 18, 2]]"
12a_0567_166,"[[17, 3, 18, 2], [19, 7, 20, 6], [21, 8, 22, 9], [23, 4, 24, 5], [1, 17, 2, 16], [3, 11, 4, 10], [5, 12, 6, 13], [7, 15, 8, 14], [9, 22, 10, 23], [11, 1, 12, 24], [13, 20, 14, 21], [15, 19, 16, 18]]"
12a_0567_167,"[[15, 19, 16, 18], [17, 3, 18, 2], [19, 7, 20, 6], [21, 8, 22, 9], [23, 4, 24, 5], [1, 17, 2, 16], [3, 11, 4, 10], [5, 12, 6, 13], [7, 15, 8, 14], [9, 22, 10, 23], [11, 1, 12, 24], [13, 20, 14, 21]]"
12a_0567_168,"[[14, 21, 15, 22], [16, 20, 17, 19], [18, 4, 19, 3], [20, 8, 21, 7], [22, 9, 23, 10], [24, 5, 1, 6], [2, 18, 3, 17], [4, 12, 5, 11], [6, 13, 7, 14], [8, 16, 9, 15], [10, 23, 11, 24], [12, 2, 13, 1]]"
12a_0567_169,"[[12, 2, 13, 1], [14, 21, 15, 22], [16, 20, 17, 19], [18, 4, 19, 3], [20, 8, 21, 7], [22, 9, 23, 10], [24, 5, 1, 6], [2, 18, 3, 17], [4, 12, 5, 11], [6, 13, 7, 14], [8, 16, 9, 15], [10, 23, 11, 24]]"
12a_0567_170,"[[10, 23, 11, 24], [12, 2, 13, 1], [14, 21, 15, 22], [16, 20, 17, 19], [18, 4, 19, 3], [20, 8, 21, 7], [22, 9, 23, 10], [24, 5, 1, 6], [2, 18, 3, 17], [4, 12, 5, 11], [6, 13, 7, 14], [8, 16, 9, 15]]"
12a_0567_171,"[[8, 16, 9, 15], [10, 23, 11, 24], [12, 2, 13, 1], [14, 21, 15, 22], [16, 20, 17, 19], [18, 4, 19, 3], [20, 8, 21, 7], [22, 9, 23, 10], [24, 5, 1, 6], [2, 18, 3, 17], [4, 12, 5, 11], [6, 13, 7, 14]]"
12a_0567_172,"[[6, 13, 7, 14], [8, 16, 9, 15], [10, 23, 11, 24], [12, 2, 13, 1], [14, 21, 15, 22], [16, 20, 17, 19], [18, 4, 19, 3], [20, 8, 21, 7], [22, 9, 23, 10], [24, 5, 1, 6], [2, 18, 3, 17], [4, 12, 5, 11]]"
12a_0567_173,"[[4, 12, 5, 11], [6, 13, 7, 14], [8, 16, 9, 15], [10, 23, 11, 24], [12, 2, 13, 1], [14, 21, 15, 22], [16, 20, 17, 19], [18, 4, 19, 3], [20, 8, 21, 7], [22, 9, 23, 10], [24, 5, 1, 6], [2, 18, 3, 17]]"
12a_0567_174,"[[2, 18, 3, 17], [4, 12, 5, 11], [6, 13, 7, 14], [8, 16, 9, 15], [10, 23, 11, 24], [12, 2, 13, 1], [14, 21, 15, 22], [16, 20, 17, 19], [18, 4, 19, 3], [20, 8, 21, 7], [22, 9, 23, 10], [24, 5, 1, 6]]"
12a_0567_175,"[[24, 5, 1, 6], [2, 18, 3, 17], [4, 12, 5, 11], [6, 13, 7, 14], [8, 16, 9, 15], [10, 23, 11, 24], [12, 2, 13, 1], [14, 21, 15, 22], [16, 20, 17, 19], [18, 4, 19, 3], [20, 8, 21, 7], [22, 9, 23, 10]]"
12a_0567_176,"[[22, 9, 23, 10], [24, 5, 1, 6], [2, 18, 3, 17], [4, 12, 5, 11], [6, 13, 7, 14], [8, 16, 9, 15], [10, 23, 11, 24], [12, 2, 13, 1], [14, 21, 15, 22], [16, 20, 17, 19], [18, 4, 19, 3], [20, 8, 21, 7]]"
12a_0567_177,"[[20, 8, 21, 7], [22, 9, 23, 10], [24, 5, 1, 6], [2, 18, 3, 17], [4, 12, 5, 11], [6, 13, 7, 14], [8, 16, 9, 15], [10, 23, 11, 24], [12, 2, 13, 1], [14, 21, 15, 22], [16, 20, 17, 19], [18, 4, 19, 3]]"
12a_0567_178,"[[18, 4, 19, 3], [20, 8, 21, 7], [22, 9, 23, 10], [24, 5, 1, 6], [2, 18, 3, 17], [4, 12, 5, 11], [6, 13, 7, 14], [8, 16, 9, 15], [10, 23, 11, 24], [12, 2, 13, 1], [14, 21, 15, 22], [16, 20, 17, 19]]"
12a_0567_179,"[[16, 20, 17, 19], [18, 4, 19, 3], [20, 8, 21, 7], [22, 9, 23, 10], [24, 5, 1, 6], [2, 18, 3, 17], [4, 12, 5, 11], [6, 13, 7, 14], [8, 16, 9, 15], [10, 23, 11, 24], [12, 2, 13, 1], [14, 21, 15, 22]]"
12a_0567_180,"[[15, 22, 16, 23], [17, 21, 18, 20], [19, 5, 20, 4], [21, 9, 22, 8], [23, 10, 24, 11], [1, 6, 2, 7], [3, 19, 4, 18], [5, 13, 6, 12], [7, 14, 8, 15], [9, 17, 10, 16], [11, 24, 12, 1], [13, 3, 14, 2]]"
12a_0567_181,"[[13, 3, 14, 2], [15, 22, 16, 23], [17, 21, 18, 20], [19, 5, 20, 4], [21, 9, 22, 8], [23, 10, 24, 11], [1, 6, 2, 7], [3, 19, 4, 18], [5, 13, 6, 12], [7, 14, 8, 15], [9, 17, 10, 16], [11, 24, 12, 1]]"
12a_0567_182,"[[11, 24, 12, 1], [13, 3, 14, 2], [15, 22, 16, 23], [17, 21, 18, 20], [19, 5, 20, 4], [21, 9, 22, 8], [23, 10, 24, 11], [1, 6, 2, 7], [3, 19, 4, 18], [5, 13, 6, 12], [7, 14, 8, 15], [9, 17, 10, 16]]"
12a_0567_183,"[[9, 17, 10, 16], [11, 24, 12, 1], [13, 3, 14, 2], [15, 22, 16, 23], [17, 21, 18, 20], [19, 5, 20, 4], [21, 9, 22, 8], [23, 10, 24, 11], [1, 6, 2, 7], [3, 19, 4, 18], [5, 13, 6, 12], [7, 14, 8, 15]]"
12a_0567_184,"[[7, 14, 8, 15], [9, 17, 10, 16], [11, 24, 12, 1], [13, 3, 14, 2], [15, 22, 16, 23], [17, 21, 18, 20], [19, 5, 20, 4], [21, 9, 22, 8], [23, 10, 24, 11], [1, 6, 2, 7], [3, 19, 4, 18], [5, 13, 6, 12]]"
12a_0567_185,"[[5, 13, 6, 12], [7, 14, 8, 15], [9, 17, 10, 16], [11, 24, 12, 1], [13, 3, 14, 2], [15, 22, 16, 23], [17, 21, 18, 20], [19, 5, 20, 4], [21, 9, 22, 8], [23, 10, 24, 11], [1, 6, 2, 7], [3, 19, 4, 18]]"
