name,pd_notation
11a_133_0,"[[3, 11, 4, 10], [5, 3, 6, 2], [11, 5, 12, 4], [17, 7, 18, 6], [21, 12, 22, 13], [1, 19, 2, 18], [19, 1, 20, 22], [13, 20, 14, 21], [15, 9, 16, 8], [9, 15, 10, 14], [7, 17, 8, 16]]"
11a_133_1,"[[7, 17, 8, 16], [3, 11, 4, 10], [5, 3, 6, 2], [11, 5, 12, 4], [17, 7, 18, 6], [21, 12, 22, 13], [1, 19, 2, 18], [19, 1, 20, 22], [13, 20, 14, 21], [15, 9, 16, 8], [9, 15, 10, 14]]"
11a_133_2,"[[9, 15, 10, 14], [7, 17, 8, 16], [3, 11, 4, 10], [5, 3, 6, 2], [11, 5, 12, 4], [17, 7, 18, 6], [21, 12, 22, 13], [1, 19, 2, 18], [19, 1, 20, 22], [13, 20, 14, 21], [15, 9, 16, 8]]"
11a_133_3,"[[15, 9, 16, 8], [9, 15, 10, 14], [7, 17, 8, 16], [3, 11, 4, 10], [5, 3, 6, 2], [11, 5, 12, 4], [17, 7, 18, 6], [21, 12, 22, 13], [1, 19, 2, 18], [19, 1, 20, 22], [13, 20, 14, 21]]"
11a_133_4,"[[13, 20, 14, 21], [15, 9, 16, 8], [9, 15, 10, 14], [7, 17, 8, 16], [3, 11, 4, 10], [5, 3, 6, 2], [11, 5, 12, 4], [17, 7, 18, 6], [21, 12, 22, 13], [1, 19, 2, 18], [19, 1, 20, 22]]"
11a_133_5,"[[19, 1, 20, 22], [13, 20, 14, 21], [15, 9, 16, 8], [9, 15, 10, 14], [7, 17, 8, 16], [3, 11, 4, 10], [5, 3, 6, 2], [11, 5, 12, 4], [17, 7, 18, 6], [21, 12, 22, 13], [1, 19, 2, 18]]"
11a_133_6,"[[1, 19, 2, 18], [19, 1, 20, 22], [13, 20, 14, 21], [15, 9, 16, 8], [9, 15, 10, 14], [7, 17, 8, 16], [3, 11, 4, 10], [5, 3, 6, 2], [11, 5, 12, 4], [17, 7, 18, 6], [21, 12, 22, 13]]"
11a_133_7,"[[21, 12, 22, 13], [1, 19, 2, 18], [19, 1, 20, 22], [13, 20, 14, 21], [15, 9, 16, 8], [9, 15, 10, 14], [7, 17, 8, 16], [3, 11, 4, 10], [5, 3, 6, 2], [11, 5, 12, 4], [17, 7, 18, 6]]"
11a_133_8,"[[17, 7, 18, 6], [21, 12, 22, 13], [1, 19, 2, 18], [19, 1, 20, 22], [13, 20, 14, 21], [15, 9, 16, 8], [9, 15, 10, 14], [7, 17, 8, 16], [3, 11, 4, 10], [5, 3, 6, 2], [11, 5, 12, 4]]"
11a_133_9,"[[11, 5, 12, 4], [17, 7, 18, 6], [21, 12, 22, 13], [1, 19, 2, 18], [19, 1, 20, 22], [13, 20, 14, 21], [15, 9, 16, 8], [9, 15, 10, 14], [7, 17, 8, 16], [3, 11, 4, 10], [5, 3, 6, 2]]"
11a_133_10,"[[5, 3, 6, 2], [11, 5, 12, 4], [17, 7, 18, 6], [21, 12, 22, 13], [1, 19, 2, 18], [19, 1, 20, 22], [13, 20, 14, 21], [15, 9, 16, 8], [9, 15, 10, 14], [7, 17, 8, 16], [3, 11, 4, 10]]"
11a_133_11,"[[4, 12, 5, 11], [6, 4, 7, 3], [12, 6, 13, 5], [18, 8, 19, 7], [22, 13, 1, 14], [2, 20, 3, 19], [20, 2, 21, 1], [14, 21, 15, 22], [16, 10, 17, 9], [10, 16, 11, 15], [8, 18, 9, 17]]"
11a_133_12,"[[8, 18, 9, 17], [4, 12, 5, 11], [6, 4, 7, 3], [12, 6, 13, 5], [18, 8, 19, 7], [22, 13, 1, 14], [2, 20, 3, 19], [20, 2, 21, 1], [14, 21, 15, 22], [16, 10, 17, 9], [10, 16, 11, 15]]"
11a_133_13,"[[10, 16, 11, 15], [8, 18, 9, 17], [4, 12, 5, 11], [6, 4, 7, 3], [12, 6, 13, 5], [18, 8, 19, 7], [22, 13, 1, 14], [2, 20, 3, 19], [20, 2, 21, 1], [14, 21, 15, 22], [16, 10, 17, 9]]"
11a_133_14,"[[16, 10, 17, 9], [10, 16, 11, 15], [8, 18, 9, 17], [4, 12, 5, 11], [6, 4, 7, 3], [12, 6, 13, 5], [18, 8, 19, 7], [22, 13, 1, 14], [2, 20, 3, 19], [20, 2, 21, 1], [14, 21, 15, 22]]"
11a_133_15,"[[14, 21, 15, 22], [16, 10, 17, 9], [10, 16, 11, 15], [8, 18, 9, 17], [4, 12, 5, 11], [6, 4, 7, 3], [12, 6, 13, 5], [18, 8, 19, 7], [22, 13, 1, 14], [2, 20, 3, 19], [20, 2, 21, 1]]"
11a_133_16,"[[20, 2, 21, 1], [14, 21, 15, 22], [16, 10, 17, 9], [10, 16, 11, 15], [8, 18, 9, 17], [4, 12, 5, 11], [6, 4, 7, 3], [12, 6, 13, 5], [18, 8, 19, 7], [22, 13, 1, 14], [2, 20, 3, 19]]"
11a_133_17,"[[2, 20, 3, 19], [20, 2, 21, 1], [14, 21, 15, 22], [16, 10, 17, 9], [10, 16, 11, 15], [8, 18, 9, 17], [4, 12, 5, 11], [6, 4, 7, 3], [12, 6, 13, 5], [18, 8, 19, 7], [22, 13, 1, 14]]"
11a_133_18,"[[22, 13, 1, 14], [2, 20, 3, 19], [20, 2, 21, 1], [14, 21, 15, 22], [16, 10, 17, 9], [10, 16, 11, 15], [8, 18, 9, 17], [4, 12, 5, 11], [6, 4, 7, 3], [12, 6, 13, 5], [18, 8, 19, 7]]"
11a_133_19,"[[18, 8, 19, 7], [22, 13, 1, 14], [2, 20, 3, 19], [20, 2, 21, 1], [14, 21, 15, 22], [16, 10, 17, 9], [10, 16, 11, 15], [8, 18, 9, 17], [4, 12, 5, 11], [6, 4, 7, 3], [12, 6, 13, 5]]"
11a_133_20,"[[12, 6, 13, 5], [18, 8, 19, 7], [22, 13, 1, 14], [2, 20, 3, 19], [20, 2, 21, 1], [14, 21, 15, 22], [16, 10, 17, 9], [10, 16, 11, 15], [8, 18, 9, 17], [4, 12, 5, 11], [6, 4, 7, 3]]"
11a_133_21,"[[6, 4, 7, 3], [12, 6, 13, 5], [18, 8, 19, 7], [22, 13, 1, 14], [2, 20, 3, 19], [20, 2, 21, 1], [14, 21, 15, 22], [16, 10, 17, 9], [10, 16, 11, 15], [8, 18, 9, 17], [4, 12, 5, 11]]"
11a_133_22,"[[5, 13, 6, 12], [7, 5, 8, 4], [13, 7, 14, 6], [19, 9, 20, 8], [1, 14, 2, 15], [3, 21, 4, 20], [21, 3, 22, 2], [15, 22, 16, 1], [17, 11, 18, 10], [11, 17, 12, 16], [9, 19, 10, 18]]"
11a_133_23,"[[9, 19, 10, 18], [5, 13, 6, 12], [7, 5, 8, 4], [13, 7, 14, 6], [19, 9, 20, 8], [1, 14, 2, 15], [3, 21, 4, 20], [21, 3, 22, 2], [15, 22, 16, 1], [17, 11, 18, 10], [11, 17, 12, 16]]"
11a_133_24,"[[11, 17, 12, 16], [9, 19, 10, 18], [5, 13, 6, 12], [7, 5, 8, 4], [13, 7, 14, 6], [19, 9, 20, 8], [1, 14, 2, 15], [3, 21, 4, 20], [21, 3, 22, 2], [15, 22, 16, 1], [17, 11, 18, 10]]"
11a_133_25,"[[17, 11, 18, 10], [11, 17, 12, 16], [9, 19, 10, 18], [5, 13, 6, 12], [7, 5, 8, 4], [13, 7, 14, 6], [19, 9, 20, 8], [1, 14, 2, 15], [3, 21, 4, 20], [21, 3, 22, 2], [15, 22, 16, 1]]"
11a_133_26,"[[15, 22, 16, 1], [17, 11, 18, 10], [11, 17, 12, 16], [9, 19, 10, 18], [5, 13, 6, 12], [7, 5, 8, 4], [13, 7, 14, 6], [19, 9, 20, 8], [1, 14, 2, 15], [3, 21, 4, 20], [21, 3, 22, 2]]"
11a_133_27,"[[21, 3, 22, 2], [15, 22, 16, 1], [17, 11, 18, 10], [11, 17, 12, 16], [9, 19, 10, 18], [5, 13, 6, 12], [7, 5, 8, 4], [13, 7, 14, 6], [19, 9, 20, 8], [1, 14, 2, 15], [3, 21, 4, 20]]"
11a_133_28,"[[3, 21, 4, 20], [21, 3, 22, 2], [15, 22, 16, 1], [17, 11, 18, 10], [11, 17, 12, 16], [9, 19, 10, 18], [5, 13, 6, 12], [7, 5, 8, 4], [13, 7, 14, 6], [19, 9, 20, 8], [1, 14, 2, 15]]"
11a_133_29,"[[1, 14, 2, 15], [3, 21, 4, 20], [21, 3, 22, 2], [15, 22, 16, 1], [17, 11, 18, 10], [11, 17, 12, 16], [9, 19, 10, 18], [5, 13, 6, 12], [7, 5, 8, 4], [13, 7, 14, 6], [19, 9, 20, 8]]"
11a_133_30,"[[19, 9, 20, 8], [1, 14, 2, 15], [3, 21, 4, 20], [21, 3, 22, 2], [15, 22, 16, 1], [17, 11, 18, 10], [11, 17, 12, 16], [9, 19, 10, 18], [5, 13, 6, 12], [7, 5, 8, 4], [13, 7, 14, 6]]"
11a_133_31,"[[13, 7, 14, 6], [19, 9, 20, 8], [1, 14, 2, 15], [3, 21, 4, 20], [21, 3, 22, 2], [15, 22, 16, 1], [17, 11, 18, 10], [11, 17, 12, 16], [9, 19, 10, 18], [5, 13, 6, 12], [7, 5, 8, 4]]"
11a_133_32,"[[7, 5, 8, 4], [13, 7, 14, 6], [19, 9, 20, 8], [1, 14, 2, 15], [3, 21, 4, 20], [21, 3, 22, 2], [15, 22, 16, 1], [17, 11, 18, 10], [11, 17, 12, 16], [9, 19, 10, 18], [5, 13, 6, 12]]"
11a_133_33,"[[6, 14, 7, 13], [8, 6, 9, 5], [14, 8, 15, 7], [20, 10, 21, 9], [2, 15, 3, 16], [4, 22, 5, 21], [22, 4, 1, 3], [16, 1, 17, 2], [18, 12, 19, 11], [12, 18, 13, 17], [10, 20, 11, 19]]"
11a_133_34,"[[10, 20, 11, 19], [6, 14, 7, 13], [8, 6, 9, 5], [14, 8, 15, 7], [20, 10, 21, 9], [2, 15, 3, 16], [4, 22, 5, 21], [22, 4, 1, 3], [16, 1, 17, 2], [18, 12, 19, 11], [12, 18, 13, 17]]"
11a_133_35,"[[12, 18, 13, 17], [10, 20, 11, 19], [6, 14, 7, 13], [8, 6, 9, 5], [14, 8, 15, 7], [20, 10, 21, 9], [2, 15, 3, 16], [4, 22, 5, 21], [22, 4, 1, 3], [16, 1, 17, 2], [18, 12, 19, 11]]"
11a_133_36,"[[18, 12, 19, 11], [12, 18, 13, 17], [10, 20, 11, 19], [6, 14, 7, 13], [8, 6, 9, 5], [14, 8, 15, 7], [20, 10, 21, 9], [2, 15, 3, 16], [4, 22, 5, 21], [22, 4, 1, 3], [16, 1, 17, 2]]"
11a_133_37,"[[16, 1, 17, 2], [18, 12, 19, 11], [12, 18, 13, 17], [10, 20, 11, 19], [6, 14, 7, 13], [8, 6, 9, 5], [14, 8, 15, 7], [20, 10, 21, 9], [2, 15, 3, 16], [4, 22, 5, 21], [22, 4, 1, 3]]"
11a_133_38,"[[22, 4, 1, 3], [16, 1, 17, 2], [18, 12, 19, 11], [12, 18, 13, 17], [10, 20, 11, 19], [6, 14, 7, 13], [8, 6, 9, 5], [14, 8, 15, 7], [20, 10, 21, 9], [2, 15, 3, 16], [4, 22, 5, 21]]"
11a_133_39,"[[4, 22, 5, 21], [22, 4, 1, 3], [16, 1, 17, 2], [18, 12, 19, 11], [12, 18, 13, 17], [10, 20, 11, 19], [6, 14, 7, 13], [8, 6, 9, 5], [14, 8, 15, 7], [20, 10, 21, 9], [2, 15, 3, 16]]"
11a_133_40,"[[2, 15, 3, 16], [4, 22, 5, 21], [22, 4, 1, 3], [16, 1, 17, 2], [18, 12, 19, 11], [12, 18, 13, 17], [10, 20, 11, 19], [6, 14, 7, 13], [8, 6, 9, 5], [14, 8, 15, 7], [20, 10, 21, 9]]"
11a_133_41,"[[20, 10, 21, 9], [2, 15, 3, 16], [4, 22, 5, 21], [22, 4, 1, 3], [16, 1, 17, 2], [18, 12, 19, 11], [12, 18, 13, 17], [10, 20, 11, 19], [6, 14, 7, 13], [8, 6, 9, 5], [14, 8, 15, 7]]"
11a_133_42,"[[14, 8, 15, 7], [20, 10, 21, 9], [2, 15, 3, 16], [4, 22, 5, 21], [22, 4, 1, 3], [16, 1, 17, 2], [18, 12, 19, 11], [12, 18, 13, 17], [10, 20, 11, 19], [6, 14, 7, 13], [8, 6, 9, 5]]"
11a_133_43,"[[8, 6, 9, 5], [14, 8, 15, 7], [20, 10, 21, 9], [2, 15, 3, 16], [4, 22, 5, 21], [22, 4, 1, 3], [16, 1, 17, 2], [18, 12, 19, 11], [12, 18, 13, 17], [10, 20, 11, 19], [6, 14, 7, 13]]"
11a_133_44,"[[7, 15, 8, 14], [9, 7, 10, 6], [15, 9, 16, 8], [21, 11, 22, 10], [3, 16, 4, 17], [5, 1, 6, 22], [1, 5, 2, 4], [17, 2, 18, 3], [19, 13, 20, 12], [13, 19, 14, 18], [11, 21, 12, 20]]"
11a_133_45,"[[11, 21, 12, 20], [7, 15, 8, 14], [9, 7, 10, 6], [15, 9, 16, 8], [21, 11, 22, 10], [3, 16, 4, 17], [5, 1, 6, 22], [1, 5, 2, 4], [17, 2, 18, 3], [19, 13, 20, 12], [13, 19, 14, 18]]"
11a_133_46,"[[13, 19, 14, 18], [11, 21, 12, 20], [7, 15, 8, 14], [9, 7, 10, 6], [15, 9, 16, 8], [21, 11, 22, 10], [3, 16, 4, 17], [5, 1, 6, 22], [1, 5, 2, 4], [17, 2, 18, 3], [19, 13, 20, 12]]"
11a_133_47,"[[19, 13, 20, 12], [13, 19, 14, 18], [11, 21, 12, 20], [7, 15, 8, 14], [9, 7, 10, 6], [15, 9, 16, 8], [21, 11, 22, 10], [3, 16, 4, 17], [5, 1, 6, 22], [1, 5, 2, 4], [17, 2, 18, 3]]"
11a_133_48,"[[17, 2, 18, 3], [19, 13, 20, 12], [13, 19, 14, 18], [11, 21, 12, 20], [7, 15, 8, 14], [9, 7, 10, 6], [15, 9, 16, 8], [21, 11, 22, 10], [3, 16, 4, 17], [5, 1, 6, 22], [1, 5, 2, 4]]"
11a_133_49,"[[1, 5, 2, 4], [17, 2, 18, 3], [19, 13, 20, 12], [13, 19, 14, 18], [11, 21, 12, 20], [7, 15, 8, 14], [9, 7, 10, 6], [15, 9, 16, 8], [21, 11, 22, 10], [3, 16, 4, 17], [5, 1, 6, 22]]"
11a_133_50,"[[5, 1, 6, 22], [1, 5, 2, 4], [17, 2, 18, 3], [19, 13, 20, 12], [13, 19, 14, 18], [11, 21, 12, 20], [7, 15, 8, 14], [9, 7, 10, 6], [15, 9, 16, 8], [21, 11, 22, 10], [3, 16, 4, 17]]"
11a_133_51,"[[3, 16, 4, 17], [5, 1, 6, 22], [1, 5, 2, 4], [17, 2, 18, 3], [19, 13, 20, 12], [13, 19, 14, 18], [11, 21, 12, 20], [7, 15, 8, 14], [9, 7, 10, 6], [15, 9, 16, 8], [21, 11, 22, 10]]"
11a_133_52,"[[21, 11, 22, 10], [3, 16, 4, 17], [5, 1, 6, 22], [1, 5, 2, 4], [17, 2, 18, 3], [19, 13, 20, 12], [13, 19, 14, 18], [11, 21, 12, 20], [7, 15, 8, 14], [9, 7, 10, 6], [15, 9, 16, 8]]"
11a_133_53,"[[15, 9, 16, 8], [21, 11, 22, 10], [3, 16, 4, 17], [5, 1, 6, 22], [1, 5, 2, 4], [17, 2, 18, 3], [19, 13, 20, 12], [13, 19, 14, 18], [11, 21, 12, 20], [7, 15, 8, 14], [9, 7, 10, 6]]"
11a_133_54,"[[9, 7, 10, 6], [15, 9, 16, 8], [21, 11, 22, 10], [3, 16, 4, 17], [5, 1, 6, 22], [1, 5, 2, 4], [17, 2, 18, 3], [19, 13, 20, 12], [13, 19, 14, 18], [11, 21, 12, 20], [7, 15, 8, 14]]"
11a_133_55,"[[8, 16, 9, 15], [10, 8, 11, 7], [16, 10, 17, 9], [22, 12, 1, 11], [4, 17, 5, 18], [6, 2, 7, 1], [2, 6, 3, 5], [18, 3, 19, 4], [20, 14, 21, 13], [14, 20, 15, 19], [12, 22, 13, 21]]"
11a_133_56,"[[12, 22, 13, 21], [8, 16, 9, 15], [10, 8, 11, 7], [16, 10, 17, 9], [22, 12, 1, 11], [4, 17, 5, 18], [6, 2, 7, 1], [2, 6, 3, 5], [18, 3, 19, 4], [20, 14, 21, 13], [14, 20, 15, 19]]"
11a_133_57,"[[14, 20, 15, 19], [12, 22, 13, 21], [8, 16, 9, 15], [10, 8, 11, 7], [16, 10, 17, 9], [22, 12, 1, 11], [4, 17, 5, 18], [6, 2, 7, 1], [2, 6, 3, 5], [18, 3, 19, 4], [20, 14, 21, 13]]"
11a_133_58,"[[20, 14, 21, 13], [14, 20, 15, 19], [12, 22, 13, 21], [8, 16, 9, 15], [10, 8, 11, 7], [16, 10, 17, 9], [22, 12, 1, 11], [4, 17, 5, 18], [6, 2, 7, 1], [2, 6, 3, 5], [18, 3, 19, 4]]"
11a_133_59,"[[18, 3, 19, 4], [20, 14, 21, 13], [14, 20, 15, 19], [12, 22, 13, 21], [8, 16, 9, 15], [10, 8, 11, 7], [16, 10, 17, 9], [22, 12, 1, 11], [4, 17, 5, 18], [6, 2, 7, 1], [2, 6, 3, 5]]"
11a_133_60,"[[2, 6, 3, 5], [18, 3, 19, 4], [20, 14, 21, 13], [14, 20, 15, 19], [12, 22, 13, 21], [8, 16, 9, 15], [10, 8, 11, 7], [16, 10, 17, 9], [22, 12, 1, 11], [4, 17, 5, 18], [6, 2, 7, 1]]"
11a_133_61,"[[6, 2, 7, 1], [2, 6, 3, 5], [18, 3, 19, 4], [20, 14, 21, 13], [14, 20, 15, 19], [12, 22, 13, 21], [8, 16, 9, 15], [10, 8, 11, 7], [16, 10, 17, 9], [22, 12, 1, 11], [4, 17, 5, 18]]"
11a_133_62,"[[4, 17, 5, 18], [6, 2, 7, 1], [2, 6, 3, 5], [18, 3, 19, 4], [20, 14, 21, 13], [14, 20, 15, 19], [12, 22, 13, 21], [8, 16, 9, 15], [10, 8, 11, 7], [16, 10, 17, 9], [22, 12, 1, 11]]"
11a_133_63,"[[22, 12, 1, 11], [4, 17, 5, 18], [6, 2, 7, 1], [2, 6, 3, 5], [18, 3, 19, 4], [20, 14, 21, 13], [14, 20, 15, 19], [12, 22, 13, 21], [8, 16, 9, 15], [10, 8, 11, 7], [16, 10, 17, 9]]"
11a_133_64,"[[16, 10, 17, 9], [22, 12, 1, 11], [4, 17, 5, 18], [6, 2, 7, 1], [2, 6, 3, 5], [18, 3, 19, 4], [20, 14, 21, 13], [14, 20, 15, 19], [12, 22, 13, 21], [8, 16, 9, 15], [10, 8, 11, 7]]"
11a_133_65,"[[10, 8, 11, 7], [16, 10, 17, 9], [22, 12, 1, 11], [4, 17, 5, 18], [6, 2, 7, 1], [2, 6, 3, 5], [18, 3, 19, 4], [20, 14, 21, 13], [14, 20, 15, 19], [12, 22, 13, 21], [8, 16, 9, 15]]"
11a_133_66,"[[9, 17, 10, 16], [11, 9, 12, 8], [17, 11, 18, 10], [1, 13, 2, 12], [5, 18, 6, 19], [7, 3, 8, 2], [3, 7, 4, 6], [19, 4, 20, 5], [21, 15, 22, 14], [15, 21, 16, 20], [13, 1, 14, 22]]"
11a_133_67,"[[13, 1, 14, 22], [9, 17, 10, 16], [11, 9, 12, 8], [17, 11, 18, 10], [1, 13, 2, 12], [5, 18, 6, 19], [7, 3, 8, 2], [3, 7, 4, 6], [19, 4, 20, 5], [21, 15, 22, 14], [15, 21, 16, 20]]"
11a_133_68,"[[15, 21, 16, 20], [13, 1, 14, 22], [9, 17, 10, 16], [11, 9, 12, 8], [17, 11, 18, 10], [1, 13, 2, 12], [5, 18, 6, 19], [7, 3, 8, 2], [3, 7, 4, 6], [19, 4, 20, 5], [21, 15, 22, 14]]"
11a_133_69,"[[21, 15, 22, 14], [15, 21, 16, 20], [13, 1, 14, 22], [9, 17, 10, 16], [11, 9, 12, 8], [17, 11, 18, 10], [1, 13, 2, 12], [5, 18, 6, 19], [7, 3, 8, 2], [3, 7, 4, 6], [19, 4, 20, 5]]"
11a_133_70,"[[19, 4, 20, 5], [21, 15, 22, 14], [15, 21, 16, 20], [13, 1, 14, 22], [9, 17, 10, 16], [11, 9, 12, 8], [17, 11, 18, 10], [1, 13, 2, 12], [5, 18, 6, 19], [7, 3, 8, 2], [3, 7, 4, 6]]"
11a_133_71,"[[3, 7, 4, 6], [19, 4, 20, 5], [21, 15, 22, 14], [15, 21, 16, 20], [13, 1, 14, 22], [9, 17, 10, 16], [11, 9, 12, 8], [17, 11, 18, 10], [1, 13, 2, 12], [5, 18, 6, 19], [7, 3, 8, 2]]"
11a_133_72,"[[7, 3, 8, 2], [3, 7, 4, 6], [19, 4, 20, 5], [21, 15, 22, 14], [15, 21, 16, 20], [13, 1, 14, 22], [9, 17, 10, 16], [11, 9, 12, 8], [17, 11, 18, 10], [1, 13, 2, 12], [5, 18, 6, 19]]"
11a_133_73,"[[5, 18, 6, 19], [7, 3, 8, 2], [3, 7, 4, 6], [19, 4, 20, 5], [21, 15, 22, 14], [15, 21, 16, 20], [13, 1, 14, 22], [9, 17, 10, 16], [11, 9, 12, 8], [17, 11, 18, 10], [1, 13, 2, 12]]"
11a_133_74,"[[1, 13, 2, 12], [5, 18, 6, 19], [7, 3, 8, 2], [3, 7, 4, 6], [19, 4, 20, 5], [21, 15, 22, 14], [15, 21, 16, 20], [13, 1, 14, 22], [9, 17, 10, 16], [11, 9, 12, 8], [17, 11, 18, 10]]"
11a_133_75,"[[17, 11, 18, 10], [1, 13, 2, 12], [5, 18, 6, 19], [7, 3, 8, 2], [3, 7, 4, 6], [19, 4, 20, 5], [21, 15, 22, 14], [15, 21, 16, 20], [13, 1, 14, 22], [9, 17, 10, 16], [11, 9, 12, 8]]"
11a_133_76,"[[11, 9, 12, 8], [17, 11, 18, 10], [1, 13, 2, 12], [5, 18, 6, 19], [7, 3, 8, 2], [3, 7, 4, 6], [19, 4, 20, 5], [21, 15, 22, 14], [15, 21, 16, 20], [13, 1, 14, 22], [9, 17, 10, 16]]"
11a_133_77,"[[10, 18, 11, 17], [12, 10, 13, 9], [18, 12, 19, 11], [2, 14, 3, 13], [6, 19, 7, 20], [8, 4, 9, 3], [4, 8, 5, 7], [20, 5, 21, 6], [22, 16, 1, 15], [16, 22, 17, 21], [14, 2, 15, 1]]"
11a_133_78,"[[14, 2, 15, 1], [10, 18, 11, 17], [12, 10, 13, 9], [18, 12, 19, 11], [2, 14, 3, 13], [6, 19, 7, 20], [8, 4, 9, 3], [4, 8, 5, 7], [20, 5, 21, 6], [22, 16, 1, 15], [16, 22, 17, 21]]"
11a_133_79,"[[16, 22, 17, 21], [14, 2, 15, 1], [10, 18, 11, 17], [12, 10, 13, 9], [18, 12, 19, 11], [2, 14, 3, 13], [6, 19, 7, 20], [8, 4, 9, 3], [4, 8, 5, 7], [20, 5, 21, 6], [22, 16, 1, 15]]"
11a_133_80,"[[22, 16, 1, 15], [16, 22, 17, 21], [14, 2, 15, 1], [10, 18, 11, 17], [12, 10, 13, 9], [18, 12, 19, 11], [2, 14, 3, 13], [6, 19, 7, 20], [8, 4, 9, 3], [4, 8, 5, 7], [20, 5, 21, 6]]"
11a_133_81,"[[20, 5, 21, 6], [22, 16, 1, 15], [16, 22, 17, 21], [14, 2, 15, 1], [10, 18, 11, 17], [12, 10, 13, 9], [18, 12, 19, 11], [2, 14, 3, 13], [6, 19, 7, 20], [8, 4, 9, 3], [4, 8, 5, 7]]"
11a_133_82,"[[4, 8, 5, 7], [20, 5, 21, 6], [22, 16, 1, 15], [16, 22, 17, 21], [14, 2, 15, 1], [10, 18, 11, 17], [12, 10, 13, 9], [18, 12, 19, 11], [2, 14, 3, 13], [6, 19, 7, 20], [8, 4, 9, 3]]"
11a_133_83,"[[8, 4, 9, 3], [4, 8, 5, 7], [20, 5, 21, 6], [22, 16, 1, 15], [16, 22, 17, 21], [14, 2, 15, 1], [10, 18, 11, 17], [12, 10, 13, 9], [18, 12, 19, 11], [2, 14, 3, 13], [6, 19, 7, 20]]"
11a_133_84,"[[6, 19, 7, 20], [8, 4, 9, 3], [4, 8, 5, 7], [20, 5, 21, 6], [22, 16, 1, 15], [16, 22, 17, 21], [14, 2, 15, 1], [10, 18, 11, 17], [12, 10, 13, 9], [18, 12, 19, 11], [2, 14, 3, 13]]"
11a_133_85,"[[2, 14, 3, 13], [6, 19, 7, 20], [8, 4, 9, 3], [4, 8, 5, 7], [20, 5, 21, 6], [22, 16, 1, 15], [16, 22, 17, 21], [14, 2, 15, 1], [10, 18, 11, 17], [12, 10, 13, 9], [18, 12, 19, 11]]"
11a_133_86,"[[18, 12, 19, 11], [2, 14, 3, 13], [6, 19, 7, 20], [8, 4, 9, 3], [4, 8, 5, 7], [20, 5, 21, 6], [22, 16, 1, 15], [16, 22, 17, 21], [14, 2, 15, 1], [10, 18, 11, 17], [12, 10, 13, 9]]"
11a_133_87,"[[12, 10, 13, 9], [18, 12, 19, 11], [2, 14, 3, 13], [6, 19, 7, 20], [8, 4, 9, 3], [4, 8, 5, 7], [20, 5, 21, 6], [22, 16, 1, 15], [16, 22, 17, 21], [14, 2, 15, 1], [10, 18, 11, 17]]"
11a_133_88,"[[11, 19, 12, 18], [13, 11, 14, 10], [19, 13, 20, 12], [3, 15, 4, 14], [7, 20, 8, 21], [9, 5, 10, 4], [5, 9, 6, 8], [21, 6, 22, 7], [1, 17, 2, 16], [17, 1, 18, 22], [15, 3, 16, 2]]"
11a_133_89,"[[15, 3, 16, 2], [11, 19, 12, 18], [13, 11, 14, 10], [19, 13, 20, 12], [3, 15, 4, 14], [7, 20, 8, 21], [9, 5, 10, 4], [5, 9, 6, 8], [21, 6, 22, 7], [1, 17, 2, 16], [17, 1, 18, 22]]"
11a_133_90,"[[17, 1, 18, 22], [15, 3, 16, 2], [11, 19, 12, 18], [13, 11, 14, 10], [19, 13, 20, 12], [3, 15, 4, 14], [7, 20, 8, 21], [9, 5, 10, 4], [5, 9, 6, 8], [21, 6, 22, 7], [1, 17, 2, 16]]"
11a_133_91,"[[1, 17, 2, 16], [17, 1, 18, 22], [15, 3, 16, 2], [11, 19, 12, 18], [13, 11, 14, 10], [19, 13, 20, 12], [3, 15, 4, 14], [7, 20, 8, 21], [9, 5, 10, 4], [5, 9, 6, 8], [21, 6, 22, 7]]"
11a_133_92,"[[21, 6, 22, 7], [1, 17, 2, 16], [17, 1, 18, 22], [15, 3, 16, 2], [11, 19, 12, 18], [13, 11, 14, 10], [19, 13, 20, 12], [3, 15, 4, 14], [7, 20, 8, 21], [9, 5, 10, 4], [5, 9, 6, 8]]"
11a_133_93,"[[5, 9, 6, 8], [21, 6, 22, 7], [1, 17, 2, 16], [17, 1, 18, 22], [15, 3, 16, 2], [11, 19, 12, 18], [13, 11, 14, 10], [19, 13, 20, 12], [3, 15, 4, 14], [7, 20, 8, 21], [9, 5, 10, 4]]"
11a_133_94,"[[9, 5, 10, 4], [5, 9, 6, 8], [21, 6, 22, 7], [1, 17, 2, 16], [17, 1, 18, 22], [15, 3, 16, 2], [11, 19, 12, 18], [13, 11, 14, 10], [19, 13, 20, 12], [3, 15, 4, 14], [7, 20, 8, 21]]"
11a_133_95,"[[7, 20, 8, 21], [9, 5, 10, 4], [5, 9, 6, 8], [21, 6, 22, 7], [1, 17, 2, 16], [17, 1, 18, 22], [15, 3, 16, 2], [11, 19, 12, 18], [13, 11, 14, 10], [19, 13, 20, 12], [3, 15, 4, 14]]"
11a_133_96,"[[3, 15, 4, 14], [7, 20, 8, 21], [9, 5, 10, 4], [5, 9, 6, 8], [21, 6, 22, 7], [1, 17, 2, 16], [17, 1, 18, 22], [15, 3, 16, 2], [11, 19, 12, 18], [13, 11, 14, 10], [19, 13, 20, 12]]"
11a_133_97,"[[19, 13, 20, 12], [3, 15, 4, 14], [7, 20, 8, 21], [9, 5, 10, 4], [5, 9, 6, 8], [21, 6, 22, 7], [1, 17, 2, 16], [17, 1, 18, 22], [15, 3, 16, 2], [11, 19, 12, 18], [13, 11, 14, 10]]"
11a_133_98,"[[13, 11, 14, 10], [19, 13, 20, 12], [3, 15, 4, 14], [7, 20, 8, 21], [9, 5, 10, 4], [5, 9, 6, 8], [21, 6, 22, 7], [1, 17, 2, 16], [17, 1, 18, 22], [15, 3, 16, 2], [11, 19, 12, 18]]"
11a_133_99,"[[12, 20, 13, 19], [14, 12, 15, 11], [20, 14, 21, 13], [4, 16, 5, 15], [8, 21, 9, 22], [10, 6, 11, 5], [6, 10, 7, 9], [22, 7, 1, 8], [2, 18, 3, 17], [18, 2, 19, 1], [16, 4, 17, 3]]"
11a_133_100,"[[16, 4, 17, 3], [12, 20, 13, 19], [14, 12, 15, 11], [20, 14, 21, 13], [4, 16, 5, 15], [8, 21, 9, 22], [10, 6, 11, 5], [6, 10, 7, 9], [22, 7, 1, 8], [2, 18, 3, 17], [18, 2, 19, 1]]"
11a_133_101,"[[18, 2, 19, 1], [16, 4, 17, 3], [12, 20, 13, 19], [14, 12, 15, 11], [20, 14, 21, 13], [4, 16, 5, 15], [8, 21, 9, 22], [10, 6, 11, 5], [6, 10, 7, 9], [22, 7, 1, 8], [2, 18, 3, 17]]"
11a_133_102,"[[2, 18, 3, 17], [18, 2, 19, 1], [16, 4, 17, 3], [12, 20, 13, 19], [14, 12, 15, 11], [20, 14, 21, 13], [4, 16, 5, 15], [8, 21, 9, 22], [10, 6, 11, 5], [6, 10, 7, 9], [22, 7, 1, 8]]"
11a_133_103,"[[22, 7, 1, 8], [2, 18, 3, 17], [18, 2, 19, 1], [16, 4, 17, 3], [12, 20, 13, 19], [14, 12, 15, 11], [20, 14, 21, 13], [4, 16, 5, 15], [8, 21, 9, 22], [10, 6, 11, 5], [6, 10, 7, 9]]"
11a_133_104,"[[6, 10, 7, 9], [22, 7, 1, 8], [2, 18, 3, 17], [18, 2, 19, 1], [16, 4, 17, 3], [12, 20, 13, 19], [14, 12, 15, 11], [20, 14, 21, 13], [4, 16, 5, 15], [8, 21, 9, 22], [10, 6, 11, 5]]"
11a_133_105,"[[10, 6, 11, 5], [6, 10, 7, 9], [22, 7, 1, 8], [2, 18, 3, 17], [18, 2, 19, 1], [16, 4, 17, 3], [12, 20, 13, 19], [14, 12, 15, 11], [20, 14, 21, 13], [4, 16, 5, 15], [8, 21, 9, 22]]"
11a_133_106,"[[8, 21, 9, 22], [10, 6, 11, 5], [6, 10, 7, 9], [22, 7, 1, 8], [2, 18, 3, 17], [18, 2, 19, 1], [16, 4, 17, 3], [12, 20, 13, 19], [14, 12, 15, 11], [20, 14, 21, 13], [4, 16, 5, 15]]"
11a_133_107,"[[4, 16, 5, 15], [8, 21, 9, 22], [10, 6, 11, 5], [6, 10, 7, 9], [22, 7, 1, 8], [2, 18, 3, 17], [18, 2, 19, 1], [16, 4, 17, 3], [12, 20, 13, 19], [14, 12, 15, 11], [20, 14, 21, 13]]"
11a_133_108,"[[20, 14, 21, 13], [4, 16, 5, 15], [8, 21, 9, 22], [10, 6, 11, 5], [6, 10, 7, 9], [22, 7, 1, 8], [2, 18, 3, 17], [18, 2, 19, 1], [16, 4, 17, 3], [12, 20, 13, 19], [14, 12, 15, 11]]"
11a_133_109,"[[14, 12, 15, 11], [20, 14, 21, 13], [4, 16, 5, 15], [8, 21, 9, 22], [10, 6, 11, 5], [6, 10, 7, 9], [22, 7, 1, 8], [2, 18, 3, 17], [18, 2, 19, 1], [16, 4, 17, 3], [12, 20, 13, 19]]"
11a_133_110,"[[13, 21, 14, 20], [15, 13, 16, 12], [21, 15, 22, 14], [5, 17, 6, 16], [9, 22, 10, 1], [11, 7, 12, 6], [7, 11, 8, 10], [1, 8, 2, 9], [3, 19, 4, 18], [19, 3, 20, 2], [17, 5, 18, 4]]"
11a_133_111,"[[17, 5, 18, 4], [13, 21, 14, 20], [15, 13, 16, 12], [21, 15, 22, 14], [5, 17, 6, 16], [9, 22, 10, 1], [11, 7, 12, 6], [7, 11, 8, 10], [1, 8, 2, 9], [3, 19, 4, 18], [19, 3, 20, 2]]"
11a_133_112,"[[19, 3, 20, 2], [17, 5, 18, 4], [13, 21, 14, 20], [15, 13, 16, 12], [21, 15, 22, 14], [5, 17, 6, 16], [9, 22, 10, 1], [11, 7, 12, 6], [7, 11, 8, 10], [1, 8, 2, 9], [3, 19, 4, 18]]"
11a_133_113,"[[3, 19, 4, 18], [19, 3, 20, 2], [17, 5, 18, 4], [13, 21, 14, 20], [15, 13, 16, 12], [21, 15, 22, 14], [5, 17, 6, 16], [9, 22, 10, 1], [11, 7, 12, 6], [7, 11, 8, 10], [1, 8, 2, 9]]"
11a_133_114,"[[1, 8, 2, 9], [3, 19, 4, 18], [19, 3, 20, 2], [17, 5, 18, 4], [13, 21, 14, 20], [15, 13, 16, 12], [21, 15, 22, 14], [5, 17, 6, 16], [9, 22, 10, 1], [11, 7, 12, 6], [7, 11, 8, 10]]"
11a_133_115,"[[7, 11, 8, 10], [1, 8, 2, 9], [3, 19, 4, 18], [19, 3, 20, 2], [17, 5, 18, 4], [13, 21, 14, 20], [15, 13, 16, 12], [21, 15, 22, 14], [5, 17, 6, 16], [9, 22, 10, 1], [11, 7, 12, 6]]"
11a_133_116,"[[11, 7, 12, 6], [7, 11, 8, 10], [1, 8, 2, 9], [3, 19, 4, 18], [19, 3, 20, 2], [17, 5, 18, 4], [13, 21, 14, 20], [15, 13, 16, 12], [21, 15, 22, 14], [5, 17, 6, 16], [9, 22, 10, 1]]"
11a_133_117,"[[9, 22, 10, 1], [11, 7, 12, 6], [7, 11, 8, 10], [1, 8, 2, 9], [3, 19, 4, 18], [19, 3, 20, 2], [17, 5, 18, 4], [13, 21, 14, 20], [15, 13, 16, 12], [21, 15, 22, 14], [5, 17, 6, 16]]"
11a_133_118,"[[5, 17, 6, 16], [9, 22, 10, 1], [11, 7, 12, 6], [7, 11, 8, 10], [1, 8, 2, 9], [3, 19, 4, 18], [19, 3, 20, 2], [17, 5, 18, 4], [13, 21, 14, 20], [15, 13, 16, 12], [21, 15, 22, 14]]"
11a_133_119,"[[21, 15, 22, 14], [5, 17, 6, 16], [9, 22, 10, 1], [11, 7, 12, 6], [7, 11, 8, 10], [1, 8, 2, 9], [3, 19, 4, 18], [19, 3, 20, 2], [17, 5, 18, 4], [13, 21, 14, 20], [15, 13, 16, 12]]"
11a_133_120,"[[15, 13, 16, 12], [21, 15, 22, 14], [5, 17, 6, 16], [9, 22, 10, 1], [11, 7, 12, 6], [7, 11, 8, 10], [1, 8, 2, 9], [3, 19, 4, 18], [19, 3, 20, 2], [17, 5, 18, 4], [13, 21, 14, 20]]"
11a_133_121,"[[14, 22, 15, 21], [16, 14, 17, 13], [22, 16, 1, 15], [6, 18, 7, 17], [10, 1, 11, 2], [12, 8, 13, 7], [8, 12, 9, 11], [2, 9, 3, 10], [4, 20, 5, 19], [20, 4, 21, 3], [18, 6, 19, 5]]"
11a_133_122,"[[18, 6, 19, 5], [14, 22, 15, 21], [16, 14, 17, 13], [22, 16, 1, 15], [6, 18, 7, 17], [10, 1, 11, 2], [12, 8, 13, 7], [8, 12, 9, 11], [2, 9, 3, 10], [4, 20, 5, 19], [20, 4, 21, 3]]"
11a_133_123,"[[20, 4, 21, 3], [18, 6, 19, 5], [14, 22, 15, 21], [16, 14, 17, 13], [22, 16, 1, 15], [6, 18, 7, 17], [10, 1, 11, 2], [12, 8, 13, 7], [8, 12, 9, 11], [2, 9, 3, 10], [4, 20, 5, 19]]"
11a_133_124,"[[4, 20, 5, 19], [20, 4, 21, 3], [18, 6, 19, 5], [14, 22, 15, 21], [16, 14, 17, 13], [22, 16, 1, 15], [6, 18, 7, 17], [10, 1, 11, 2], [12, 8, 13, 7], [8, 12, 9, 11], [2, 9, 3, 10]]"
11a_133_125,"[[2, 9, 3, 10], [4, 20, 5, 19], [20, 4, 21, 3], [18, 6, 19, 5], [14, 22, 15, 21], [16, 14, 17, 13], [22, 16, 1, 15], [6, 18, 7, 17], [10, 1, 11, 2], [12, 8, 13, 7], [8, 12, 9, 11]]"
11a_133_126,"[[8, 12, 9, 11], [2, 9, 3, 10], [4, 20, 5, 19], [20, 4, 21, 3], [18, 6, 19, 5], [14, 22, 15, 21], [16, 14, 17, 13], [22, 16, 1, 15], [6, 18, 7, 17], [10, 1, 11, 2], [12, 8, 13, 7]]"
11a_133_127,"[[12, 8, 13, 7], [8, 12, 9, 11], [2, 9, 3, 10], [4, 20, 5, 19], [20, 4, 21, 3], [18, 6, 19, 5], [14, 22, 15, 21], [16, 14, 17, 13], [22, 16, 1, 15], [6, 18, 7, 17], [10, 1, 11, 2]]"
11a_133_128,"[[10, 1, 11, 2], [12, 8, 13, 7], [8, 12, 9, 11], [2, 9, 3, 10], [4, 20, 5, 19], [20, 4, 21, 3], [18, 6, 19, 5], [14, 22, 15, 21], [16, 14, 17, 13], [22, 16, 1, 15], [6, 18, 7, 17]]"
11a_133_129,"[[6, 18, 7, 17], [10, 1, 11, 2], [12, 8, 13, 7], [8, 12, 9, 11], [2, 9, 3, 10], [4, 20, 5, 19], [20, 4, 21, 3], [18, 6, 19, 5], [14, 22, 15, 21], [16, 14, 17, 13], [22, 16, 1, 15]]"
11a_133_130,"[[22, 16, 1, 15], [6, 18, 7, 17], [10, 1, 11, 2], [12, 8, 13, 7], [8, 12, 9, 11], [2, 9, 3, 10], [4, 20, 5, 19], [20, 4, 21, 3], [18, 6, 19, 5], [14, 22, 15, 21], [16, 14, 17, 13]]"
11a_133_131,"[[16, 14, 17, 13], [22, 16, 1, 15], [6, 18, 7, 17], [10, 1, 11, 2], [12, 8, 13, 7], [8, 12, 9, 11], [2, 9, 3, 10], [4, 20, 5, 19], [20, 4, 21, 3], [18, 6, 19, 5], [14, 22, 15, 21]]"
11a_133_132,"[[15, 1, 16, 22], [17, 15, 18, 14], [1, 17, 2, 16], [7, 19, 8, 18], [11, 2, 12, 3], [13, 9, 14, 8], [9, 13, 10, 12], [3, 10, 4, 11], [5, 21, 6, 20], [21, 5, 22, 4], [19, 7, 20, 6]]"
11a_133_133,"[[19, 7, 20, 6], [15, 1, 16, 22], [17, 15, 18, 14], [1, 17, 2, 16], [7, 19, 8, 18], [11, 2, 12, 3], [13, 9, 14, 8], [9, 13, 10, 12], [3, 10, 4, 11], [5, 21, 6, 20], [21, 5, 22, 4]]"
11a_133_134,"[[21, 5, 22, 4], [19, 7, 20, 6], [15, 1, 16, 22], [17, 15, 18, 14], [1, 17, 2, 16], [7, 19, 8, 18], [11, 2, 12, 3], [13, 9, 14, 8], [9, 13, 10, 12], [3, 10, 4, 11], [5, 21, 6, 20]]"
11a_133_135,"[[5, 21, 6, 20], [21, 5, 22, 4], [19, 7, 20, 6], [15, 1, 16, 22], [17, 15, 18, 14], [1, 17, 2, 16], [7, 19, 8, 18], [11, 2, 12, 3], [13, 9, 14, 8], [9, 13, 10, 12], [3, 10, 4, 11]]"
11a_133_136,"[[3, 10, 4, 11], [5, 21, 6, 20], [21, 5, 22, 4], [19, 7, 20, 6], [15, 1, 16, 22], [17, 15, 18, 14], [1, 17, 2, 16], [7, 19, 8, 18], [11, 2, 12, 3], [13, 9, 14, 8], [9, 13, 10, 12]]"
11a_133_137,"[[9, 13, 10, 12], [3, 10, 4, 11], [5, 21, 6, 20], [21, 5, 22, 4], [19, 7, 20, 6], [15, 1, 16, 22], [17, 15, 18, 14], [1, 17, 2, 16], [7, 19, 8, 18], [11, 2, 12, 3], [13, 9, 14, 8]]"
11a_133_138,"[[13, 9, 14, 8], [9, 13, 10, 12], [3, 10, 4, 11], [5, 21, 6, 20], [21, 5, 22, 4], [19, 7, 20, 6], [15, 1, 16, 22], [17, 15, 18, 14], [1, 17, 2, 16], [7, 19, 8, 18], [11, 2, 12, 3]]"
11a_133_139,"[[11, 2, 12, 3], [13, 9, 14, 8], [9, 13, 10, 12], [3, 10, 4, 11], [5, 21, 6, 20], [21, 5, 22, 4], [19, 7, 20, 6], [15, 1, 16, 22], [17, 15, 18, 14], [1, 17, 2, 16], [7, 19, 8, 18]]"
11a_133_140,"[[7, 19, 8, 18], [11, 2, 12, 3], [13, 9, 14, 8], [9, 13, 10, 12], [3, 10, 4, 11], [5, 21, 6, 20], [21, 5, 22, 4], [19, 7, 20, 6], [15, 1, 16, 22], [17, 15, 18, 14], [1, 17, 2, 16]]"
11a_133_141,"[[1, 17, 2, 16], [7, 19, 8, 18], [11, 2, 12, 3], [13, 9, 14, 8], [9, 13, 10, 12], [3, 10, 4, 11], [5, 21, 6, 20], [21, 5, 22, 4], [19, 7, 20, 6], [15, 1, 16, 22], [17, 15, 18, 14]]"
11a_133_142,"[[17, 15, 18, 14], [1, 17, 2, 16], [7, 19, 8, 18], [11, 2, 12, 3], [13, 9, 14, 8], [9, 13, 10, 12], [3, 10, 4, 11], [5, 21, 6, 20], [21, 5, 22, 4], [19, 7, 20, 6], [15, 1, 16, 22]]"
11a_133_143,"[[16, 2, 17, 1], [18, 16, 19, 15], [2, 18, 3, 17], [8, 20, 9, 19], [12, 3, 13, 4], [14, 10, 15, 9], [10, 14, 11, 13], [4, 11, 5, 12], [6, 22, 7, 21], [22, 6, 1, 5], [20, 8, 21, 7]]"
11a_133_144,"[[20, 8, 21, 7], [16, 2, 17, 1], [18, 16, 19, 15], [2, 18, 3, 17], [8, 20, 9, 19], [12, 3, 13, 4], [14, 10, 15, 9], [10, 14, 11, 13], [4, 11, 5, 12], [6, 22, 7, 21], [22, 6, 1, 5]]"
11a_133_145,"[[22, 6, 1, 5], [20, 8, 21, 7], [16, 2, 17, 1], [18, 16, 19, 15], [2, 18, 3, 17], [8, 20, 9, 19], [12, 3, 13, 4], [14, 10, 15, 9], [10, 14, 11, 13], [4, 11, 5, 12], [6, 22, 7, 21]]"
11a_133_146,"[[6, 22, 7, 21], [22, 6, 1, 5], [20, 8, 21, 7], [16, 2, 17, 1], [18, 16, 19, 15], [2, 18, 3, 17], [8, 20, 9, 19], [12, 3, 13, 4], [14, 10, 15, 9], [10, 14, 11, 13], [4, 11, 5, 12]]"
11a_133_147,"[[4, 11, 5, 12], [6, 22, 7, 21], [22, 6, 1, 5], [20, 8, 21, 7], [16, 2, 17, 1], [18, 16, 19, 15], [2, 18, 3, 17], [8, 20, 9, 19], [12, 3, 13, 4], [14, 10, 15, 9], [10, 14, 11, 13]]"
11a_133_148,"[[10, 14, 11, 13], [4, 11, 5, 12], [6, 22, 7, 21], [22, 6, 1, 5], [20, 8, 21, 7], [16, 2, 17, 1], [18, 16, 19, 15], [2, 18, 3, 17], [8, 20, 9, 19], [12, 3, 13, 4], [14, 10, 15, 9]]"
11a_133_149,"[[14, 10, 15, 9], [10, 14, 11, 13], [4, 11, 5, 12], [6, 22, 7, 21], [22, 6, 1, 5], [20, 8, 21, 7], [16, 2, 17, 1], [18, 16, 19, 15], [2, 18, 3, 17], [8, 20, 9, 19], [12, 3, 13, 4]]"
11a_133_150,"[[12, 3, 13, 4], [14, 10, 15, 9], [10, 14, 11, 13], [4, 11, 5, 12], [6, 22, 7, 21], [22, 6, 1, 5], [20, 8, 21, 7], [16, 2, 17, 1], [18, 16, 19, 15], [2, 18, 3, 17], [8, 20, 9, 19]]"
11a_133_151,"[[8, 20, 9, 19], [12, 3, 13, 4], [14, 10, 15, 9], [10, 14, 11, 13], [4, 11, 5, 12], [6, 22, 7, 21], [22, 6, 1, 5], [20, 8, 21, 7], [16, 2, 17, 1], [18, 16, 19, 15], [2, 18, 3, 17]]"
11a_133_152,"[[2, 18, 3, 17], [8, 20, 9, 19], [12, 3, 13, 4], [14, 10, 15, 9], [10, 14, 11, 13], [4, 11, 5, 12], [6, 22, 7, 21], [22, 6, 1, 5], [20, 8, 21, 7], [16, 2, 17, 1], [18, 16, 19, 15]]"
11a_133_153,"[[18, 16, 19, 15], [2, 18, 3, 17], [8, 20, 9, 19], [12, 3, 13, 4], [14, 10, 15, 9], [10, 14, 11, 13], [4, 11, 5, 12], [6, 22, 7, 21], [22, 6, 1, 5], [20, 8, 21, 7], [16, 2, 17, 1]]"
11a_133_154,"[[17, 3, 18, 2], [19, 17, 20, 16], [3, 19, 4, 18], [9, 21, 10, 20], [13, 4, 14, 5], [15, 11, 16, 10], [11, 15, 12, 14], [5, 12, 6, 13], [7, 1, 8, 22], [1, 7, 2, 6], [21, 9, 22, 8]]"
11a_133_155,"[[21, 9, 22, 8], [17, 3, 18, 2], [19, 17, 20, 16], [3, 19, 4, 18], [9, 21, 10, 20], [13, 4, 14, 5], [15, 11, 16, 10], [11, 15, 12, 14], [5, 12, 6, 13], [7, 1, 8, 22], [1, 7, 2, 6]]"
11a_133_156,"[[1, 7, 2, 6], [21, 9, 22, 8], [17, 3, 18, 2], [19, 17, 20, 16], [3, 19, 4, 18], [9, 21, 10, 20], [13, 4, 14, 5], [15, 11, 16, 10], [11, 15, 12, 14], [5, 12, 6, 13], [7, 1, 8, 22]]"
11a_133_157,"[[7, 1, 8, 22], [1, 7, 2, 6], [21, 9, 22, 8], [17, 3, 18, 2], [19, 17, 20, 16], [3, 19, 4, 18], [9, 21, 10, 20], [13, 4, 14, 5], [15, 11, 16, 10], [11, 15, 12, 14], [5, 12, 6, 13]]"
11a_133_158,"[[5, 12, 6, 13], [7, 1, 8, 22], [1, 7, 2, 6], [21, 9, 22, 8], [17, 3, 18, 2], [19, 17, 20, 16], [3, 19, 4, 18], [9, 21, 10, 20], [13, 4, 14, 5], [15, 11, 16, 10], [11, 15, 12, 14]]"
11a_133_159,"[[11, 15, 12, 14], [5, 12, 6, 13], [7, 1, 8, 22], [1, 7, 2, 6], [21, 9, 22, 8], [17, 3, 18, 2], [19, 17, 20, 16], [3, 19, 4, 18], [9, 21, 10, 20], [13, 4, 14, 5], [15, 11, 16, 10]]"
11a_133_160,"[[15, 11, 16, 10], [11, 15, 12, 14], [5, 12, 6, 13], [7, 1, 8, 22], [1, 7, 2, 6], [21, 9, 22, 8], [17, 3, 18, 2], [19, 17, 20, 16], [3, 19, 4, 18], [9, 21, 10, 20], [13, 4, 14, 5]]"
11a_133_161,"[[13, 4, 14, 5], [15, 11, 16, 10], [11, 15, 12, 14], [5, 12, 6, 13], [7, 1, 8, 22], [1, 7, 2, 6], [21, 9, 22, 8], [17, 3, 18, 2], [19, 17, 20, 16], [3, 19, 4, 18], [9, 21, 10, 20]]"
11a_133_162,"[[9, 21, 10, 20], [13, 4, 14, 5], [15, 11, 16, 10], [11, 15, 12, 14], [5, 12, 6, 13], [7, 1, 8, 22], [1, 7, 2, 6], [21, 9, 22, 8], [17, 3, 18, 2], [19, 17, 20, 16], [3, 19, 4, 18]]"
11a_133_163,"[[3, 19, 4, 18], [9, 21, 10, 20], [13, 4, 14, 5], [15, 11, 16, 10], [11, 15, 12, 14], [5, 12, 6, 13], [7, 1, 8, 22], [1, 7, 2, 6], [21, 9, 22, 8], [17, 3, 18, 2], [19, 17, 20, 16]]"
11a_133_164,"[[19, 17, 20, 16], [3, 19, 4, 18], [9, 21, 10, 20], [13, 4, 14, 5], [15, 11, 16, 10], [11, 15, 12, 14], [5, 12, 6, 13], [7, 1, 8, 22], [1, 7, 2, 6], [21, 9, 22, 8], [17, 3, 18, 2]]"
11a_133_165,"[[18, 4, 19, 3], [20, 18, 21, 17], [4, 20, 5, 19], [10, 22, 11, 21], [14, 5, 15, 6], [16, 12, 17, 11], [12, 16, 13, 15], [6, 13, 7, 14], [8, 2, 9, 1], [2, 8, 3, 7], [22, 10, 1, 9]]"
11a_133_166,"[[22, 10, 1, 9], [18, 4, 19, 3], [20, 18, 21, 17], [4, 20, 5, 19], [10, 22, 11, 21], [14, 5, 15, 6], [16, 12, 17, 11], [12, 16, 13, 15], [6, 13, 7, 14], [8, 2, 9, 1], [2, 8, 3, 7]]"
11a_133_167,"[[2, 8, 3, 7], [22, 10, 1, 9], [18, 4, 19, 3], [20, 18, 21, 17], [4, 20, 5, 19], [10, 22, 11, 21], [14, 5, 15, 6], [16, 12, 17, 11], [12, 16, 13, 15], [6, 13, 7, 14], [8, 2, 9, 1]]"
11a_133_168,"[[8, 2, 9, 1], [2, 8, 3, 7], [22, 10, 1, 9], [18, 4, 19, 3], [20, 18, 21, 17], [4, 20, 5, 19], [10, 22, 11, 21], [14, 5, 15, 6], [16, 12, 17, 11], [12, 16, 13, 15], [6, 13, 7, 14]]"
11a_133_169,"[[6, 13, 7, 14], [8, 2, 9, 1], [2, 8, 3, 7], [22, 10, 1, 9], [18, 4, 19, 3], [20, 18, 21, 17], [4, 20, 5, 19], [10, 22, 11, 21], [14, 5, 15, 6], [16, 12, 17, 11], [12, 16, 13, 15]]"
11a_133_170,"[[12, 16, 13, 15], [6, 13, 7, 14], [8, 2, 9, 1], [2, 8, 3, 7], [22, 10, 1, 9], [18, 4, 19, 3], [20, 18, 21, 17], [4, 20, 5, 19], [10, 22, 11, 21], [14, 5, 15, 6], [16, 12, 17, 11]]"
11a_133_171,"[[16, 12, 17, 11], [12, 16, 13, 15], [6, 13, 7, 14], [8, 2, 9, 1], [2, 8, 3, 7], [22, 10, 1, 9], [18, 4, 19, 3], [20, 18, 21, 17], [4, 20, 5, 19], [10, 22, 11, 21], [14, 5, 15, 6]]"
11a_133_172,"[[14, 5, 15, 6], [16, 12, 17, 11], [12, 16, 13, 15], [6, 13, 7, 14], [8, 2, 9, 1], [2, 8, 3, 7], [22, 10, 1, 9], [18, 4, 19, 3], [20, 18, 21, 17], [4, 20, 5, 19], [10, 22, 11, 21]]"
11a_133_173,"[[10, 22, 11, 21], [14, 5, 15, 6], [16, 12, 17, 11], [12, 16, 13, 15], [6, 13, 7, 14], [8, 2, 9, 1], [2, 8, 3, 7], [22, 10, 1, 9], [18, 4, 19, 3], [20, 18, 21, 17], [4, 20, 5, 19]]"
11a_133_174,"[[4, 20, 5, 19], [10, 22, 11, 21], [14, 5, 15, 6], [16, 12, 17, 11], [12, 16, 13, 15], [6, 13, 7, 14], [8, 2, 9, 1], [2, 8, 3, 7], [22, 10, 1, 9], [18, 4, 19, 3], [20, 18, 21, 17]]"
11a_133_175,"[[20, 18, 21, 17], [4, 20, 5, 19], [10, 22, 11, 21], [14, 5, 15, 6], [16, 12, 17, 11], [12, 16, 13, 15], [6, 13, 7, 14], [8, 2, 9, 1], [2, 8, 3, 7], [22, 10, 1, 9], [18, 4, 19, 3]]"
11a_133_176,"[[19, 5, 20, 4], [21, 19, 22, 18], [5, 21, 6, 20], [11, 1, 12, 22], [15, 6, 16, 7], [17, 13, 18, 12], [13, 17, 14, 16], [7, 14, 8, 15], [9, 3, 10, 2], [3, 9, 4, 8], [1, 11, 2, 10]]"
11a_133_177,"[[1, 11, 2, 10], [19, 5, 20, 4], [21, 19, 22, 18], [5, 21, 6, 20], [11, 1, 12, 22], [15, 6, 16, 7], [17, 13, 18, 12], [13, 17, 14, 16], [7, 14, 8, 15], [9, 3, 10, 2], [3, 9, 4, 8]]"
11a_133_178,"[[3, 9, 4, 8], [1, 11, 2, 10], [19, 5, 20, 4], [21, 19, 22, 18], [5, 21, 6, 20], [11, 1, 12, 22], [15, 6, 16, 7], [17, 13, 18, 12], [13, 17, 14, 16], [7, 14, 8, 15], [9, 3, 10, 2]]"
11a_133_179,"[[9, 3, 10, 2], [3, 9, 4, 8], [1, 11, 2, 10], [19, 5, 20, 4], [21, 19, 22, 18], [5, 21, 6, 20], [11, 1, 12, 22], [15, 6, 16, 7], [17, 13, 18, 12], [13, 17, 14, 16], [7, 14, 8, 15]]"
11a_133_180,"[[7, 14, 8, 15], [9, 3, 10, 2], [3, 9, 4, 8], [1, 11, 2, 10], [19, 5, 20, 4], [21, 19, 22, 18], [5, 21, 6, 20], [11, 1, 12, 22], [15, 6, 16, 7], [17, 13, 18, 12], [13, 17, 14, 16]]"
11a_133_181,"[[13, 17, 14, 16], [7, 14, 8, 15], [9, 3, 10, 2], [3, 9, 4, 8], [1, 11, 2, 10], [19, 5, 20, 4], [21, 19, 22, 18], [5, 21, 6, 20], [11, 1, 12, 22], [15, 6, 16, 7], [17, 13, 18, 12]]"
11a_133_182,"[[17, 13, 18, 12], [13, 17, 14, 16], [7, 14, 8, 15], [9, 3, 10, 2], [3, 9, 4, 8], [1, 11, 2, 10], [19, 5, 20, 4], [21, 19, 22, 18], [5, 21, 6, 20], [11, 1, 12, 22], [15, 6, 16, 7]]"
11a_133_183,"[[15, 6, 16, 7], [17, 13, 18, 12], [13, 17, 14, 16], [7, 14, 8, 15], [9, 3, 10, 2], [3, 9, 4, 8], [1, 11, 2, 10], [19, 5, 20, 4], [21, 19, 22, 18], [5, 21, 6, 20], [11, 1, 12, 22]]"
11a_133_184,"[[11, 1, 12, 22], [15, 6, 16, 7], [17, 13, 18, 12], [13, 17, 14, 16], [7, 14, 8, 15], [9, 3, 10, 2], [3, 9, 4, 8], [1, 11, 2, 10], [19, 5, 20, 4], [21, 19, 22, 18], [5, 21, 6, 20]]"
11a_133_185,"[[5, 21, 6, 20], [11, 1, 12, 22], [15, 6, 16, 7], [17, 13, 18, 12], [13, 17, 14, 16], [7, 14, 8, 15], [9, 3, 10, 2], [3, 9, 4, 8], [1, 11, 2, 10], [19, 5, 20, 4], [21, 19, 22, 18]]"
11a_133_186,"[[21, 19, 22, 18], [5, 21, 6, 20], [11, 1, 12, 22], [15, 6, 16, 7], [17, 13, 18, 12], [13, 17, 14, 16], [7, 14, 8, 15], [9, 3, 10, 2], [3, 9, 4, 8], [1, 11, 2, 10], [19, 5, 20, 4]]"
11a_133_187,"[[20, 6, 21, 5], [22, 20, 1, 19], [6, 22, 7, 21], [12, 2, 13, 1], [16, 7, 17, 8], [18, 14, 19, 13], [14, 18, 15, 17], [8, 15, 9, 16], [10, 4, 11, 3], [4, 10, 5, 9], [2, 12, 3, 11]]"
11a_133_188,"[[2, 12, 3, 11], [20, 6, 21, 5], [22, 20, 1, 19], [6, 22, 7, 21], [12, 2, 13, 1], [16, 7, 17, 8], [18, 14, 19, 13], [14, 18, 15, 17], [8, 15, 9, 16], [10, 4, 11, 3], [4, 10, 5, 9]]"
11a_133_189,"[[4, 10, 5, 9], [2, 12, 3, 11], [20, 6, 21, 5], [22, 20, 1, 19], [6, 22, 7, 21], [12, 2, 13, 1], [16, 7, 17, 8], [18, 14, 19, 13], [14, 18, 15, 17], [8, 15, 9, 16], [10, 4, 11, 3]]"
11a_133_190,"[[10, 4, 11, 3], [4, 10, 5, 9], [2, 12, 3, 11], [20, 6, 21, 5], [22, 20, 1, 19], [6, 22, 7, 21], [12, 2, 13, 1], [16, 7, 17, 8], [18, 14, 19, 13], [14, 18, 15, 17], [8, 15, 9, 16]]"
11a_133_191,"[[8, 15, 9, 16], [10, 4, 11, 3], [4, 10, 5, 9], [2, 12, 3, 11], [20, 6, 21, 5], [22, 20, 1, 19], [6, 22, 7, 21], [12, 2, 13, 1], [16, 7, 17, 8], [18, 14, 19, 13], [14, 18, 15, 17]]"
11a_133_192,"[[14, 18, 15, 17], [8, 15, 9, 16], [10, 4, 11, 3], [4, 10, 5, 9], [2, 12, 3, 11], [20, 6, 21, 5], [22, 20, 1, 19], [6, 22, 7, 21], [12, 2, 13, 1], [16, 7, 17, 8], [18, 14, 19, 13]]"
11a_133_193,"[[18, 14, 19, 13], [14, 18, 15, 17], [8, 15, 9, 16], [10, 4, 11, 3], [4, 10, 5, 9], [2, 12, 3, 11], [20, 6, 21, 5], [22, 20, 1, 19], [6, 22, 7, 21], [12, 2, 13, 1], [16, 7, 17, 8]]"
11a_133_194,"[[16, 7, 17, 8], [18, 14, 19, 13], [14, 18, 15, 17], [8, 15, 9, 16], [10, 4, 11, 3], [4, 10, 5, 9], [2, 12, 3, 11], [20, 6, 21, 5], [22, 20, 1, 19], [6, 22, 7, 21], [12, 2, 13, 1]]"
11a_133_195,"[[12, 2, 13, 1], [16, 7, 17, 8], [18, 14, 19, 13], [14, 18, 15, 17], [8, 15, 9, 16], [10, 4, 11, 3], [4, 10, 5, 9], [2, 12, 3, 11], [20, 6, 21, 5], [22, 20, 1, 19], [6, 22, 7, 21]]"
11a_133_196,"[[6, 22, 7, 21], [12, 2, 13, 1], [16, 7, 17, 8], [18, 14, 19, 13], [14, 18, 15, 17], [8, 15, 9, 16], [10, 4, 11, 3], [4, 10, 5, 9], [2, 12, 3, 11], [20, 6, 21, 5], [22, 20, 1, 19]]"
11a_133_197,"[[22, 20, 1, 19], [6, 22, 7, 21], [12, 2, 13, 1], [16, 7, 17, 8], [18, 14, 19, 13], [14, 18, 15, 17], [8, 15, 9, 16], [10, 4, 11, 3], [4, 10, 5, 9], [2, 12, 3, 11], [20, 6, 21, 5]]"
11a_133_198,"[[21, 7, 22, 6], [1, 21, 2, 20], [7, 1, 8, 22], [13, 3, 14, 2], [17, 8, 18, 9], [19, 15, 20, 14], [15, 19, 16, 18], [9, 16, 10, 17], [11, 5, 12, 4], [5, 11, 6, 10], [3, 13, 4, 12]]"
11a_133_199,"[[3, 13, 4, 12], [21, 7, 22, 6], [1, 21, 2, 20], [7, 1, 8, 22], [13, 3, 14, 2], [17, 8, 18, 9], [19, 15, 20, 14], [15, 19, 16, 18], [9, 16, 10, 17], [11, 5, 12, 4], [5, 11, 6, 10]]"
11a_133_200,"[[5, 11, 6, 10], [3, 13, 4, 12], [21, 7, 22, 6], [1, 21, 2, 20], [7, 1, 8, 22], [13, 3, 14, 2], [17, 8, 18, 9], [19, 15, 20, 14], [15, 19, 16, 18], [9, 16, 10, 17], [11, 5, 12, 4]]"
11a_133_201,"[[11, 5, 12, 4], [5, 11, 6, 10], [3, 13, 4, 12], [21, 7, 22, 6], [1, 21, 2, 20], [7, 1, 8, 22], [13, 3, 14, 2], [17, 8, 18, 9], [19, 15, 20, 14], [15, 19, 16, 18], [9, 16, 10, 17]]"
11a_133_202,"[[9, 16, 10, 17], [11, 5, 12, 4], [5, 11, 6, 10], [3, 13, 4, 12], [21, 7, 22, 6], [1, 21, 2, 20], [7, 1, 8, 22], [13, 3, 14, 2], [17, 8, 18, 9], [19, 15, 20, 14], [15, 19, 16, 18]]"
11a_133_203,"[[15, 19, 16, 18], [9, 16, 10, 17], [11, 5, 12, 4], [5, 11, 6, 10], [3, 13, 4, 12], [21, 7, 22, 6], [1, 21, 2, 20], [7, 1, 8, 22], [13, 3, 14, 2], [17, 8, 18, 9], [19, 15, 20, 14]]"
