name,pd_notation
11a_100_0,"[[7, 21, 8, 20], [5, 3, 6, 2], [13, 7, 14, 6], [11, 4, 12, 5], [3, 12, 4, 13], [21, 9, 22, 8], [1, 15, 2, 14], [19, 1, 20, 22], [17, 11, 18, 10], [15, 19, 16, 18], [9, 17, 10, 16]]"
11a_100_1,"[[9, 17, 10, 16], [7, 21, 8, 20], [5, 3, 6, 2], [13, 7, 14, 6], [11, 4, 12, 5], [3, 12, 4, 13], [21, 9, 22, 8], [1, 15, 2, 14], [19, 1, 20, 22], [17, 11, 18, 10], [15, 19, 16, 18]]"
11a_100_2,"[[15, 19, 16, 18], [9, 17, 10, 16], [7, 21, 8, 20], [5, 3, 6, 2], [13, 7, 14, 6], [11, 4, 12, 5], [3, 12, 4, 13], [21, 9, 22, 8], [1, 15, 2, 14], [19, 1, 20, 22], [17, 11, 18, 10]]"
11a_100_3,"[[17, 11, 18, 10], [15, 19, 16, 18], [9, 17, 10, 16], [7, 21, 8, 20], [5, 3, 6, 2], [13, 7, 14, 6], [11, 4, 12, 5], [3, 12, 4, 13], [21, 9, 22, 8], [1, 15, 2, 14], [19, 1, 20, 22]]"
11a_100_4,"[[19, 1, 20, 22], [17, 11, 18, 10], [15, 19, 16, 18], [9, 17, 10, 16], [7, 21, 8, 20], [5, 3, 6, 2], [13, 7, 14, 6], [11, 4, 12, 5], [3, 12, 4, 13], [21, 9, 22, 8], [1, 15, 2, 14]]"
11a_100_5,"[[1, 15, 2, 14], [19, 1, 20, 22], [17, 11, 18, 10], [15, 19, 16, 18], [9, 17, 10, 16], [7, 21, 8, 20], [5, 3, 6, 2], [13, 7, 14, 6], [11, 4, 12, 5], [3, 12, 4, 13], [21, 9, 22, 8]]"
11a_100_6,"[[21, 9, 22, 8], [1, 15, 2, 14], [19, 1, 20, 22], [17, 11, 18, 10], [15, 19, 16, 18], [9, 17, 10, 16], [7, 21, 8, 20], [5, 3, 6, 2], [13, 7, 14, 6], [11, 4, 12, 5], [3, 12, 4, 13]]"
11a_100_7,"[[3, 12, 4, 13], [21, 9, 22, 8], [1, 15, 2, 14], [19, 1, 20, 22], [17, 11, 18, 10], [15, 19, 16, 18], [9, 17, 10, 16], [7, 21, 8, 20], [5, 3, 6, 2], [13, 7, 14, 6], [11, 4, 12, 5]]"
11a_100_8,"[[11, 4, 12, 5], [3, 12, 4, 13], [21, 9, 22, 8], [1, 15, 2, 14], [19, 1, 20, 22], [17, 11, 18, 10], [15, 19, 16, 18], [9, 17, 10, 16], [7, 21, 8, 20], [5, 3, 6, 2], [13, 7, 14, 6]]"
11a_100_9,"[[13, 7, 14, 6], [11, 4, 12, 5], [3, 12, 4, 13], [21, 9, 22, 8], [1, 15, 2, 14], [19, 1, 20, 22], [17, 11, 18, 10], [15, 19, 16, 18], [9, 17, 10, 16], [7, 21, 8, 20], [5, 3, 6, 2]]"
11a_100_10,"[[5, 3, 6, 2], [13, 7, 14, 6], [11, 4, 12, 5], [3, 12, 4, 13], [21, 9, 22, 8], [1, 15, 2, 14], [19, 1, 20, 22], [17, 11, 18, 10], [15, 19, 16, 18], [9, 17, 10, 16], [7, 21, 8, 20]]"
11a_100_11,"[[8, 22, 9, 21], [6, 4, 7, 3], [14, 8, 15, 7], [12, 5, 13, 6], [4, 13, 5, 14], [22, 10, 1, 9], [2, 16, 3, 15], [20, 2, 21, 1], [18, 12, 19, 11], [16, 20, 17, 19], [10, 18, 11, 17]]"
11a_100_12,"[[10, 18, 11, 17], [8, 22, 9, 21], [6, 4, 7, 3], [14, 8, 15, 7], [12, 5, 13, 6], [4, 13, 5, 14], [22, 10, 1, 9], [2, 16, 3, 15], [20, 2, 21, 1], [18, 12, 19, 11], [16, 20, 17, 19]]"
11a_100_13,"[[16, 20, 17, 19], [10, 18, 11, 17], [8, 22, 9, 21], [6, 4, 7, 3], [14, 8, 15, 7], [12, 5, 13, 6], [4, 13, 5, 14], [22, 10, 1, 9], [2, 16, 3, 15], [20, 2, 21, 1], [18, 12, 19, 11]]"
11a_100_14,"[[18, 12, 19, 11], [16, 20, 17, 19], [10, 18, 11, 17], [8, 22, 9, 21], [6, 4, 7, 3], [14, 8, 15, 7], [12, 5, 13, 6], [4, 13, 5, 14], [22, 10, 1, 9], [2, 16, 3, 15], [20, 2, 21, 1]]"
11a_100_15,"[[20, 2, 21, 1], [18, 12, 19, 11], [16, 20, 17, 19], [10, 18, 11, 17], [8, 22, 9, 21], [6, 4, 7, 3], [14, 8, 15, 7], [12, 5, 13, 6], [4, 13, 5, 14], [22, 10, 1, 9], [2, 16, 3, 15]]"
11a_100_16,"[[2, 16, 3, 15], [20, 2, 21, 1], [18, 12, 19, 11], [16, 20, 17, 19], [10, 18, 11, 17], [8, 22, 9, 21], [6, 4, 7, 3], [14, 8, 15, 7], [12, 5, 13, 6], [4, 13, 5, 14], [22, 10, 1, 9]]"
11a_100_17,"[[22, 10, 1, 9], [2, 16, 3, 15], [20, 2, 21, 1], [18, 12, 19, 11], [16, 20, 17, 19], [10, 18, 11, 17], [8, 22, 9, 21], [6, 4, 7, 3], [14, 8, 15, 7], [12, 5, 13, 6], [4, 13, 5, 14]]"
11a_100_18,"[[4, 13, 5, 14], [22, 10, 1, 9], [2, 16, 3, 15], [20, 2, 21, 1], [18, 12, 19, 11], [16, 20, 17, 19], [10, 18, 11, 17], [8, 22, 9, 21], [6, 4, 7, 3], [14, 8, 15, 7], [12, 5, 13, 6]]"
11a_100_19,"[[12, 5, 13, 6], [4, 13, 5, 14], [22, 10, 1, 9], [2, 16, 3, 15], [20, 2, 21, 1], [18, 12, 19, 11], [16, 20, 17, 19], [10, 18, 11, 17], [8, 22, 9, 21], [6, 4, 7, 3], [14, 8, 15, 7]]"
11a_100_20,"[[14, 8, 15, 7], [12, 5, 13, 6], [4, 13, 5, 14], [22, 10, 1, 9], [2, 16, 3, 15], [20, 2, 21, 1], [18, 12, 19, 11], [16, 20, 17, 19], [10, 18, 11, 17], [8, 22, 9, 21], [6, 4, 7, 3]]"
11a_100_21,"[[6, 4, 7, 3], [14, 8, 15, 7], [12, 5, 13, 6], [4, 13, 5, 14], [22, 10, 1, 9], [2, 16, 3, 15], [20, 2, 21, 1], [18, 12, 19, 11], [16, 20, 17, 19], [10, 18, 11, 17], [8, 22, 9, 21]]"
11a_100_22,"[[9, 1, 10, 22], [7, 5, 8, 4], [15, 9, 16, 8], [13, 6, 14, 7], [5, 14, 6, 15], [1, 11, 2, 10], [3, 17, 4, 16], [21, 3, 22, 2], [19, 13, 20, 12], [17, 21, 18, 20], [11, 19, 12, 18]]"
11a_100_23,"[[11, 19, 12, 18], [9, 1, 10, 22], [7, 5, 8, 4], [15, 9, 16, 8], [13, 6, 14, 7], [5, 14, 6, 15], [1, 11, 2, 10], [3, 17, 4, 16], [21, 3, 22, 2], [19, 13, 20, 12], [17, 21, 18, 20]]"
11a_100_24,"[[17, 21, 18, 20], [11, 19, 12, 18], [9, 1, 10, 22], [7, 5, 8, 4], [15, 9, 16, 8], [13, 6, 14, 7], [5, 14, 6, 15], [1, 11, 2, 10], [3, 17, 4, 16], [21, 3, 22, 2], [19, 13, 20, 12]]"
11a_100_25,"[[19, 13, 20, 12], [17, 21, 18, 20], [11, 19, 12, 18], [9, 1, 10, 22], [7, 5, 8, 4], [15, 9, 16, 8], [13, 6, 14, 7], [5, 14, 6, 15], [1, 11, 2, 10], [3, 17, 4, 16], [21, 3, 22, 2]]"
11a_100_26,"[[21, 3, 22, 2], [19, 13, 20, 12], [17, 21, 18, 20], [11, 19, 12, 18], [9, 1, 10, 22], [7, 5, 8, 4], [15, 9, 16, 8], [13, 6, 14, 7], [5, 14, 6, 15], [1, 11, 2, 10], [3, 17, 4, 16]]"
11a_100_27,"[[3, 17, 4, 16], [21, 3, 22, 2], [19, 13, 20, 12], [17, 21, 18, 20], [11, 19, 12, 18], [9, 1, 10, 22], [7, 5, 8, 4], [15, 9, 16, 8], [13, 6, 14, 7], [5, 14, 6, 15], [1, 11, 2, 10]]"
11a_100_28,"[[1, 11, 2, 10], [3, 17, 4, 16], [21, 3, 22, 2], [19, 13, 20, 12], [17, 21, 18, 20], [11, 19, 12, 18], [9, 1, 10, 22], [7, 5, 8, 4], [15, 9, 16, 8], [13, 6, 14, 7], [5, 14, 6, 15]]"
11a_100_29,"[[5, 14, 6, 15], [1, 11, 2, 10], [3, 17, 4, 16], [21, 3, 22, 2], [19, 13, 20, 12], [17, 21, 18, 20], [11, 19, 12, 18], [9, 1, 10, 22], [7, 5, 8, 4], [15, 9, 16, 8], [13, 6, 14, 7]]"
11a_100_30,"[[13, 6, 14, 7], [5, 14, 6, 15], [1, 11, 2, 10], [3, 17, 4, 16], [21, 3, 22, 2], [19, 13, 20, 12], [17, 21, 18, 20], [11, 19, 12, 18], [9, 1, 10, 22], [7, 5, 8, 4], [15, 9, 16, 8]]"
11a_100_31,"[[15, 9, 16, 8], [13, 6, 14, 7], [5, 14, 6, 15], [1, 11, 2, 10], [3, 17, 4, 16], [21, 3, 22, 2], [19, 13, 20, 12], [17, 21, 18, 20], [11, 19, 12, 18], [9, 1, 10, 22], [7, 5, 8, 4]]"
11a_100_32,"[[7, 5, 8, 4], [15, 9, 16, 8], [13, 6, 14, 7], [5, 14, 6, 15], [1, 11, 2, 10], [3, 17, 4, 16], [21, 3, 22, 2], [19, 13, 20, 12], [17, 21, 18, 20], [11, 19, 12, 18], [9, 1, 10, 22]]"
11a_100_33,"[[10, 2, 11, 1], [8, 6, 9, 5], [16, 10, 17, 9], [14, 7, 15, 8], [6, 15, 7, 16], [2, 12, 3, 11], [4, 18, 5, 17], [22, 4, 1, 3], [20, 14, 21, 13], [18, 22, 19, 21], [12, 20, 13, 19]]"
11a_100_34,"[[12, 20, 13, 19], [10, 2, 11, 1], [8, 6, 9, 5], [16, 10, 17, 9], [14, 7, 15, 8], [6, 15, 7, 16], [2, 12, 3, 11], [4, 18, 5, 17], [22, 4, 1, 3], [20, 14, 21, 13], [18, 22, 19, 21]]"
11a_100_35,"[[18, 22, 19, 21], [12, 20, 13, 19], [10, 2, 11, 1], [8, 6, 9, 5], [16, 10, 17, 9], [14, 7, 15, 8], [6, 15, 7, 16], [2, 12, 3, 11], [4, 18, 5, 17], [22, 4, 1, 3], [20, 14, 21, 13]]"
11a_100_36,"[[20, 14, 21, 13], [18, 22, 19, 21], [12, 20, 13, 19], [10, 2, 11, 1], [8, 6, 9, 5], [16, 10, 17, 9], [14, 7, 15, 8], [6, 15, 7, 16], [2, 12, 3, 11], [4, 18, 5, 17], [22, 4, 1, 3]]"
11a_100_37,"[[22, 4, 1, 3], [20, 14, 21, 13], [18, 22, 19, 21], [12, 20, 13, 19], [10, 2, 11, 1], [8, 6, 9, 5], [16, 10, 17, 9], [14, 7, 15, 8], [6, 15, 7, 16], [2, 12, 3, 11], [4, 18, 5, 17]]"
11a_100_38,"[[4, 18, 5, 17], [22, 4, 1, 3], [20, 14, 21, 13], [18, 22, 19, 21], [12, 20, 13, 19], [10, 2, 11, 1], [8, 6, 9, 5], [16, 10, 17, 9], [14, 7, 15, 8], [6, 15, 7, 16], [2, 12, 3, 11]]"
11a_100_39,"[[2, 12, 3, 11], [4, 18, 5, 17], [22, 4, 1, 3], [20, 14, 21, 13], [18, 22, 19, 21], [12, 20, 13, 19], [10, 2, 11, 1], [8, 6, 9, 5], [16, 10, 17, 9], [14, 7, 15, 8], [6, 15, 7, 16]]"
11a_100_40,"[[6, 15, 7, 16], [2, 12, 3, 11], [4, 18, 5, 17], [22, 4, 1, 3], [20, 14, 21, 13], [18, 22, 19, 21], [12, 20, 13, 19], [10, 2, 11, 1], [8, 6, 9, 5], [16, 10, 17, 9], [14, 7, 15, 8]]"
11a_100_41,"[[14, 7, 15, 8], [6, 15, 7, 16], [2, 12, 3, 11], [4, 18, 5, 17], [22, 4, 1, 3], [20, 14, 21, 13], [18, 22, 19, 21], [12, 20, 13, 19], [10, 2, 11, 1], [8, 6, 9, 5], [16, 10, 17, 9]]"
11a_100_42,"[[16, 10, 17, 9], [14, 7, 15, 8], [6, 15, 7, 16], [2, 12, 3, 11], [4, 18, 5, 17], [22, 4, 1, 3], [20, 14, 21, 13], [18, 22, 19, 21], [12, 20, 13, 19], [10, 2, 11, 1], [8, 6, 9, 5]]"
11a_100_43,"[[8, 6, 9, 5], [16, 10, 17, 9], [14, 7, 15, 8], [6, 15, 7, 16], [2, 12, 3, 11], [4, 18, 5, 17], [22, 4, 1, 3], [20, 14, 21, 13], [18, 22, 19, 21], [12, 20, 13, 19], [10, 2, 11, 1]]"
11a_100_44,"[[11, 3, 12, 2], [9, 7, 10, 6], [17, 11, 18, 10], [15, 8, 16, 9], [7, 16, 8, 17], [3, 13, 4, 12], [5, 19, 6, 18], [1, 5, 2, 4], [21, 15, 22, 14], [19, 1, 20, 22], [13, 21, 14, 20]]"
11a_100_45,"[[13, 21, 14, 20], [11, 3, 12, 2], [9, 7, 10, 6], [17, 11, 18, 10], [15, 8, 16, 9], [7, 16, 8, 17], [3, 13, 4, 12], [5, 19, 6, 18], [1, 5, 2, 4], [21, 15, 22, 14], [19, 1, 20, 22]]"
11a_100_46,"[[19, 1, 20, 22], [13, 21, 14, 20], [11, 3, 12, 2], [9, 7, 10, 6], [17, 11, 18, 10], [15, 8, 16, 9], [7, 16, 8, 17], [3, 13, 4, 12], [5, 19, 6, 18], [1, 5, 2, 4], [21, 15, 22, 14]]"
11a_100_47,"[[21, 15, 22, 14], [19, 1, 20, 22], [13, 21, 14, 20], [11, 3, 12, 2], [9, 7, 10, 6], [17, 11, 18, 10], [15, 8, 16, 9], [7, 16, 8, 17], [3, 13, 4, 12], [5, 19, 6, 18], [1, 5, 2, 4]]"
11a_100_48,"[[1, 5, 2, 4], [21, 15, 22, 14], [19, 1, 20, 22], [13, 21, 14, 20], [11, 3, 12, 2], [9, 7, 10, 6], [17, 11, 18, 10], [15, 8, 16, 9], [7, 16, 8, 17], [3, 13, 4, 12], [5, 19, 6, 18]]"
11a_100_49,"[[5, 19, 6, 18], [1, 5, 2, 4], [21, 15, 22, 14], [19, 1, 20, 22], [13, 21, 14, 20], [11, 3, 12, 2], [9, 7, 10, 6], [17, 11, 18, 10], [15, 8, 16, 9], [7, 16, 8, 17], [3, 13, 4, 12]]"
11a_100_50,"[[3, 13, 4, 12], [5, 19, 6, 18], [1, 5, 2, 4], [21, 15, 22, 14], [19, 1, 20, 22], [13, 21, 14, 20], [11, 3, 12, 2], [9, 7, 10, 6], [17, 11, 18, 10], [15, 8, 16, 9], [7, 16, 8, 17]]"
11a_100_51,"[[7, 16, 8, 17], [3, 13, 4, 12], [5, 19, 6, 18], [1, 5, 2, 4], [21, 15, 22, 14], [19, 1, 20, 22], [13, 21, 14, 20], [11, 3, 12, 2], [9, 7, 10, 6], [17, 11, 18, 10], [15, 8, 16, 9]]"
11a_100_52,"[[15, 8, 16, 9], [7, 16, 8, 17], [3, 13, 4, 12], [5, 19, 6, 18], [1, 5, 2, 4], [21, 15, 22, 14], [19, 1, 20, 22], [13, 21, 14, 20], [11, 3, 12, 2], [9, 7, 10, 6], [17, 11, 18, 10]]"
11a_100_53,"[[17, 11, 18, 10], [15, 8, 16, 9], [7, 16, 8, 17], [3, 13, 4, 12], [5, 19, 6, 18], [1, 5, 2, 4], [21, 15, 22, 14], [19, 1, 20, 22], [13, 21, 14, 20], [11, 3, 12, 2], [9, 7, 10, 6]]"
11a_100_54,"[[9, 7, 10, 6], [17, 11, 18, 10], [15, 8, 16, 9], [7, 16, 8, 17], [3, 13, 4, 12], [5, 19, 6, 18], [1, 5, 2, 4], [21, 15, 22, 14], [19, 1, 20, 22], [13, 21, 14, 20], [11, 3, 12, 2]]"
11a_100_55,"[[12, 4, 13, 3], [10, 8, 11, 7], [18, 12, 19, 11], [16, 9, 17, 10], [8, 17, 9, 18], [4, 14, 5, 13], [6, 20, 7, 19], [2, 6, 3, 5], [22, 16, 1, 15], [20, 2, 21, 1], [14, 22, 15, 21]]"
11a_100_56,"[[14, 22, 15, 21], [12, 4, 13, 3], [10, 8, 11, 7], [18, 12, 19, 11], [16, 9, 17, 10], [8, 17, 9, 18], [4, 14, 5, 13], [6, 20, 7, 19], [2, 6, 3, 5], [22, 16, 1, 15], [20, 2, 21, 1]]"
11a_100_57,"[[20, 2, 21, 1], [14, 22, 15, 21], [12, 4, 13, 3], [10, 8, 11, 7], [18, 12, 19, 11], [16, 9, 17, 10], [8, 17, 9, 18], [4, 14, 5, 13], [6, 20, 7, 19], [2, 6, 3, 5], [22, 16, 1, 15]]"
11a_100_58,"[[22, 16, 1, 15], [20, 2, 21, 1], [14, 22, 15, 21], [12, 4, 13, 3], [10, 8, 11, 7], [18, 12, 19, 11], [16, 9, 17, 10], [8, 17, 9, 18], [4, 14, 5, 13], [6, 20, 7, 19], [2, 6, 3, 5]]"
11a_100_59,"[[2, 6, 3, 5], [22, 16, 1, 15], [20, 2, 21, 1], [14, 22, 15, 21], [12, 4, 13, 3], [10, 8, 11, 7], [18, 12, 19, 11], [16, 9, 17, 10], [8, 17, 9, 18], [4, 14, 5, 13], [6, 20, 7, 19]]"
11a_100_60,"[[6, 20, 7, 19], [2, 6, 3, 5], [22, 16, 1, 15], [20, 2, 21, 1], [14, 22, 15, 21], [12, 4, 13, 3], [10, 8, 11, 7], [18, 12, 19, 11], [16, 9, 17, 10], [8, 17, 9, 18], [4, 14, 5, 13]]"
11a_100_61,"[[4, 14, 5, 13], [6, 20, 7, 19], [2, 6, 3, 5], [22, 16, 1, 15], [20, 2, 21, 1], [14, 22, 15, 21], [12, 4, 13, 3], [10, 8, 11, 7], [18, 12, 19, 11], [16, 9, 17, 10], [8, 17, 9, 18]]"
11a_100_62,"[[8, 17, 9, 18], [4, 14, 5, 13], [6, 20, 7, 19], [2, 6, 3, 5], [22, 16, 1, 15], [20, 2, 21, 1], [14, 22, 15, 21], [12, 4, 13, 3], [10, 8, 11, 7], [18, 12, 19, 11], [16, 9, 17, 10]]"
11a_100_63,"[[16, 9, 17, 10], [8, 17, 9, 18], [4, 14, 5, 13], [6, 20, 7, 19], [2, 6, 3, 5], [22, 16, 1, 15], [20, 2, 21, 1], [14, 22, 15, 21], [12, 4, 13, 3], [10, 8, 11, 7], [18, 12, 19, 11]]"
11a_100_64,"[[18, 12, 19, 11], [16, 9, 17, 10], [8, 17, 9, 18], [4, 14, 5, 13], [6, 20, 7, 19], [2, 6, 3, 5], [22, 16, 1, 15], [20, 2, 21, 1], [14, 22, 15, 21], [12, 4, 13, 3], [10, 8, 11, 7]]"
11a_100_65,"[[10, 8, 11, 7], [18, 12, 19, 11], [16, 9, 17, 10], [8, 17, 9, 18], [4, 14, 5, 13], [6, 20, 7, 19], [2, 6, 3, 5], [22, 16, 1, 15], [20, 2, 21, 1], [14, 22, 15, 21], [12, 4, 13, 3]]"
11a_100_66,"[[13, 5, 14, 4], [11, 9, 12, 8], [19, 13, 20, 12], [17, 10, 18, 11], [9, 18, 10, 19], [5, 15, 6, 14], [7, 21, 8, 20], [3, 7, 4, 6], [1, 17, 2, 16], [21, 3, 22, 2], [15, 1, 16, 22]]"
11a_100_67,"[[15, 1, 16, 22], [13, 5, 14, 4], [11, 9, 12, 8], [19, 13, 20, 12], [17, 10, 18, 11], [9, 18, 10, 19], [5, 15, 6, 14], [7, 21, 8, 20], [3, 7, 4, 6], [1, 17, 2, 16], [21, 3, 22, 2]]"
11a_100_68,"[[21, 3, 22, 2], [15, 1, 16, 22], [13, 5, 14, 4], [11, 9, 12, 8], [19, 13, 20, 12], [17, 10, 18, 11], [9, 18, 10, 19], [5, 15, 6, 14], [7, 21, 8, 20], [3, 7, 4, 6], [1, 17, 2, 16]]"
11a_100_69,"[[1, 17, 2, 16], [21, 3, 22, 2], [15, 1, 16, 22], [13, 5, 14, 4], [11, 9, 12, 8], [19, 13, 20, 12], [17, 10, 18, 11], [9, 18, 10, 19], [5, 15, 6, 14], [7, 21, 8, 20], [3, 7, 4, 6]]"
11a_100_70,"[[3, 7, 4, 6], [1, 17, 2, 16], [21, 3, 22, 2], [15, 1, 16, 22], [13, 5, 14, 4], [11, 9, 12, 8], [19, 13, 20, 12], [17, 10, 18, 11], [9, 18, 10, 19], [5, 15, 6, 14], [7, 21, 8, 20]]"
11a_100_71,"[[7, 21, 8, 20], [3, 7, 4, 6], [1, 17, 2, 16], [21, 3, 22, 2], [15, 1, 16, 22], [13, 5, 14, 4], [11, 9, 12, 8], [19, 13, 20, 12], [17, 10, 18, 11], [9, 18, 10, 19], [5, 15, 6, 14]]"
11a_100_72,"[[5, 15, 6, 14], [7, 21, 8, 20], [3, 7, 4, 6], [1, 17, 2, 16], [21, 3, 22, 2], [15, 1, 16, 22], [13, 5, 14, 4], [11, 9, 12, 8], [19, 13, 20, 12], [17, 10, 18, 11], [9, 18, 10, 19]]"
11a_100_73,"[[9, 18, 10, 19], [5, 15, 6, 14], [7, 21, 8, 20], [3, 7, 4, 6], [1, 17, 2, 16], [21, 3, 22, 2], [15, 1, 16, 22], [13, 5, 14, 4], [11, 9, 12, 8], [19, 13, 20, 12], [17, 10, 18, 11]]"
11a_100_74,"[[17, 10, 18, 11], [9, 18, 10, 19], [5, 15, 6, 14], [7, 21, 8, 20], [3, 7, 4, 6], [1, 17, 2, 16], [21, 3, 22, 2], [15, 1, 16, 22], [13, 5, 14, 4], [11, 9, 12, 8], [19, 13, 20, 12]]"
11a_100_75,"[[19, 13, 20, 12], [17, 10, 18, 11], [9, 18, 10, 19], [5, 15, 6, 14], [7, 21, 8, 20], [3, 7, 4, 6], [1, 17, 2, 16], [21, 3, 22, 2], [15, 1, 16, 22], [13, 5, 14, 4], [11, 9, 12, 8]]"
11a_100_76,"[[11, 9, 12, 8], [19, 13, 20, 12], [17, 10, 18, 11], [9, 18, 10, 19], [5, 15, 6, 14], [7, 21, 8, 20], [3, 7, 4, 6], [1, 17, 2, 16], [21, 3, 22, 2], [15, 1, 16, 22], [13, 5, 14, 4]]"
11a_100_77,"[[14, 6, 15, 5], [12, 10, 13, 9], [20, 14, 21, 13], [18, 11, 19, 12], [10, 19, 11, 20], [6, 16, 7, 15], [8, 22, 9, 21], [4, 8, 5, 7], [2, 18, 3, 17], [22, 4, 1, 3], [16, 2, 17, 1]]"
11a_100_78,"[[16, 2, 17, 1], [14, 6, 15, 5], [12, 10, 13, 9], [20, 14, 21, 13], [18, 11, 19, 12], [10, 19, 11, 20], [6, 16, 7, 15], [8, 22, 9, 21], [4, 8, 5, 7], [2, 18, 3, 17], [22, 4, 1, 3]]"
11a_100_79,"[[22, 4, 1, 3], [16, 2, 17, 1], [14, 6, 15, 5], [12, 10, 13, 9], [20, 14, 21, 13], [18, 11, 19, 12], [10, 19, 11, 20], [6, 16, 7, 15], [8, 22, 9, 21], [4, 8, 5, 7], [2, 18, 3, 17]]"
11a_100_80,"[[2, 18, 3, 17], [22, 4, 1, 3], [16, 2, 17, 1], [14, 6, 15, 5], [12, 10, 13, 9], [20, 14, 21, 13], [18, 11, 19, 12], [10, 19, 11, 20], [6, 16, 7, 15], [8, 22, 9, 21], [4, 8, 5, 7]]"
11a_100_81,"[[4, 8, 5, 7], [2, 18, 3, 17], [22, 4, 1, 3], [16, 2, 17, 1], [14, 6, 15, 5], [12, 10, 13, 9], [20, 14, 21, 13], [18, 11, 19, 12], [10, 19, 11, 20], [6, 16, 7, 15], [8, 22, 9, 21]]"
11a_100_82,"[[8, 22, 9, 21], [4, 8, 5, 7], [2, 18, 3, 17], [22, 4, 1, 3], [16, 2, 17, 1], [14, 6, 15, 5], [12, 10, 13, 9], [20, 14, 21, 13], [18, 11, 19, 12], [10, 19, 11, 20], [6, 16, 7, 15]]"
11a_100_83,"[[6, 16, 7, 15], [8, 22, 9, 21], [4, 8, 5, 7], [2, 18, 3, 17], [22, 4, 1, 3], [16, 2, 17, 1], [14, 6, 15, 5], [12, 10, 13, 9], [20, 14, 21, 13], [18, 11, 19, 12], [10, 19, 11, 20]]"
11a_100_84,"[[10, 19, 11, 20], [6, 16, 7, 15], [8, 22, 9, 21], [4, 8, 5, 7], [2, 18, 3, 17], [22, 4, 1, 3], [16, 2, 17, 1], [14, 6, 15, 5], [12, 10, 13, 9], [20, 14, 21, 13], [18, 11, 19, 12]]"
11a_100_85,"[[18, 11, 19, 12], [10, 19, 11, 20], [6, 16, 7, 15], [8, 22, 9, 21], [4, 8, 5, 7], [2, 18, 3, 17], [22, 4, 1, 3], [16, 2, 17, 1], [14, 6, 15, 5], [12, 10, 13, 9], [20, 14, 21, 13]]"
11a_100_86,"[[20, 14, 21, 13], [18, 11, 19, 12], [10, 19, 11, 20], [6, 16, 7, 15], [8, 22, 9, 21], [4, 8, 5, 7], [2, 18, 3, 17], [22, 4, 1, 3], [16, 2, 17, 1], [14, 6, 15, 5], [12, 10, 13, 9]]"
11a_100_87,"[[12, 10, 13, 9], [20, 14, 21, 13], [18, 11, 19, 12], [10, 19, 11, 20], [6, 16, 7, 15], [8, 22, 9, 21], [4, 8, 5, 7], [2, 18, 3, 17], [22, 4, 1, 3], [16, 2, 17, 1], [14, 6, 15, 5]]"
11a_100_88,"[[15, 7, 16, 6], [13, 11, 14, 10], [21, 15, 22, 14], [19, 12, 20, 13], [11, 20, 12, 21], [7, 17, 8, 16], [9, 1, 10, 22], [5, 9, 6, 8], [3, 19, 4, 18], [1, 5, 2, 4], [17, 3, 18, 2]]"
11a_100_89,"[[17, 3, 18, 2], [15, 7, 16, 6], [13, 11, 14, 10], [21, 15, 22, 14], [19, 12, 20, 13], [11, 20, 12, 21], [7, 17, 8, 16], [9, 1, 10, 22], [5, 9, 6, 8], [3, 19, 4, 18], [1, 5, 2, 4]]"
11a_100_90,"[[1, 5, 2, 4], [17, 3, 18, 2], [15, 7, 16, 6], [13, 11, 14, 10], [21, 15, 22, 14], [19, 12, 20, 13], [11, 20, 12, 21], [7, 17, 8, 16], [9, 1, 10, 22], [5, 9, 6, 8], [3, 19, 4, 18]]"
11a_100_91,"[[3, 19, 4, 18], [1, 5, 2, 4], [17, 3, 18, 2], [15, 7, 16, 6], [13, 11, 14, 10], [21, 15, 22, 14], [19, 12, 20, 13], [11, 20, 12, 21], [7, 17, 8, 16], [9, 1, 10, 22], [5, 9, 6, 8]]"
11a_100_92,"[[5, 9, 6, 8], [3, 19, 4, 18], [1, 5, 2, 4], [17, 3, 18, 2], [15, 7, 16, 6], [13, 11, 14, 10], [21, 15, 22, 14], [19, 12, 20, 13], [11, 20, 12, 21], [7, 17, 8, 16], [9, 1, 10, 22]]"
11a_100_93,"[[9, 1, 10, 22], [5, 9, 6, 8], [3, 19, 4, 18], [1, 5, 2, 4], [17, 3, 18, 2], [15, 7, 16, 6], [13, 11, 14, 10], [21, 15, 22, 14], [19, 12, 20, 13], [11, 20, 12, 21], [7, 17, 8, 16]]"
11a_100_94,"[[7, 17, 8, 16], [9, 1, 10, 22], [5, 9, 6, 8], [3, 19, 4, 18], [1, 5, 2, 4], [17, 3, 18, 2], [15, 7, 16, 6], [13, 11, 14, 10], [21, 15, 22, 14], [19, 12, 20, 13], [11, 20, 12, 21]]"
11a_100_95,"[[11, 20, 12, 21], [7, 17, 8, 16], [9, 1, 10, 22], [5, 9, 6, 8], [3, 19, 4, 18], [1, 5, 2, 4], [17, 3, 18, 2], [15, 7, 16, 6], [13, 11, 14, 10], [21, 15, 22, 14], [19, 12, 20, 13]]"
11a_100_96,"[[19, 12, 20, 13], [11, 20, 12, 21], [7, 17, 8, 16], [9, 1, 10, 22], [5, 9, 6, 8], [3, 19, 4, 18], [1, 5, 2, 4], [17, 3, 18, 2], [15, 7, 16, 6], [13, 11, 14, 10], [21, 15, 22, 14]]"
11a_100_97,"[[21, 15, 22, 14], [19, 12, 20, 13], [11, 20, 12, 21], [7, 17, 8, 16], [9, 1, 10, 22], [5, 9, 6, 8], [3, 19, 4, 18], [1, 5, 2, 4], [17, 3, 18, 2], [15, 7, 16, 6], [13, 11, 14, 10]]"
11a_100_98,"[[13, 11, 14, 10], [21, 15, 22, 14], [19, 12, 20, 13], [11, 20, 12, 21], [7, 17, 8, 16], [9, 1, 10, 22], [5, 9, 6, 8], [3, 19, 4, 18], [1, 5, 2, 4], [17, 3, 18, 2], [15, 7, 16, 6]]"
11a_100_99,"[[16, 8, 17, 7], [14, 12, 15, 11], [22, 16, 1, 15], [20, 13, 21, 14], [12, 21, 13, 22], [8, 18, 9, 17], [10, 2, 11, 1], [6, 10, 7, 9], [4, 20, 5, 19], [2, 6, 3, 5], [18, 4, 19, 3]]"
11a_100_100,"[[18, 4, 19, 3], [16, 8, 17, 7], [14, 12, 15, 11], [22, 16, 1, 15], [20, 13, 21, 14], [12, 21, 13, 22], [8, 18, 9, 17], [10, 2, 11, 1], [6, 10, 7, 9], [4, 20, 5, 19], [2, 6, 3, 5]]"
11a_100_101,"[[2, 6, 3, 5], [18, 4, 19, 3], [16, 8, 17, 7], [14, 12, 15, 11], [22, 16, 1, 15], [20, 13, 21, 14], [12, 21, 13, 22], [8, 18, 9, 17], [10, 2, 11, 1], [6, 10, 7, 9], [4, 20, 5, 19]]"
11a_100_102,"[[4, 20, 5, 19], [2, 6, 3, 5], [18, 4, 19, 3], [16, 8, 17, 7], [14, 12, 15, 11], [22, 16, 1, 15], [20, 13, 21, 14], [12, 21, 13, 22], [8, 18, 9, 17], [10, 2, 11, 1], [6, 10, 7, 9]]"
11a_100_103,"[[6, 10, 7, 9], [4, 20, 5, 19], [2, 6, 3, 5], [18, 4, 19, 3], [16, 8, 17, 7], [14, 12, 15, 11], [22, 16, 1, 15], [20, 13, 21, 14], [12, 21, 13, 22], [8, 18, 9, 17], [10, 2, 11, 1]]"
11a_100_104,"[[10, 2, 11, 1], [6, 10, 7, 9], [4, 20, 5, 19], [2, 6, 3, 5], [18, 4, 19, 3], [16, 8, 17, 7], [14, 12, 15, 11], [22, 16, 1, 15], [20, 13, 21, 14], [12, 21, 13, 22], [8, 18, 9, 17]]"
11a_100_105,"[[8, 18, 9, 17], [10, 2, 11, 1], [6, 10, 7, 9], [4, 20, 5, 19], [2, 6, 3, 5], [18, 4, 19, 3], [16, 8, 17, 7], [14, 12, 15, 11], [22, 16, 1, 15], [20, 13, 21, 14], [12, 21, 13, 22]]"
11a_100_106,"[[12, 21, 13, 22], [8, 18, 9, 17], [10, 2, 11, 1], [6, 10, 7, 9], [4, 20, 5, 19], [2, 6, 3, 5], [18, 4, 19, 3], [16, 8, 17, 7], [14, 12, 15, 11], [22, 16, 1, 15], [20, 13, 21, 14]]"
11a_100_107,"[[20, 13, 21, 14], [12, 21, 13, 22], [8, 18, 9, 17], [10, 2, 11, 1], [6, 10, 7, 9], [4, 20, 5, 19], [2, 6, 3, 5], [18, 4, 19, 3], [16, 8, 17, 7], [14, 12, 15, 11], [22, 16, 1, 15]]"
11a_100_108,"[[22, 16, 1, 15], [20, 13, 21, 14], [12, 21, 13, 22], [8, 18, 9, 17], [10, 2, 11, 1], [6, 10, 7, 9], [4, 20, 5, 19], [2, 6, 3, 5], [18, 4, 19, 3], [16, 8, 17, 7], [14, 12, 15, 11]]"
11a_100_109,"[[14, 12, 15, 11], [22, 16, 1, 15], [20, 13, 21, 14], [12, 21, 13, 22], [8, 18, 9, 17], [10, 2, 11, 1], [6, 10, 7, 9], [4, 20, 5, 19], [2, 6, 3, 5], [18, 4, 19, 3], [16, 8, 17, 7]]"
11a_100_110,"[[17, 9, 18, 8], [15, 13, 16, 12], [1, 17, 2, 16], [21, 14, 22, 15], [13, 22, 14, 1], [9, 19, 10, 18], [11, 3, 12, 2], [7, 11, 8, 10], [5, 21, 6, 20], [3, 7, 4, 6], [19, 5, 20, 4]]"
11a_100_111,"[[19, 5, 20, 4], [17, 9, 18, 8], [15, 13, 16, 12], [1, 17, 2, 16], [21, 14, 22, 15], [13, 22, 14, 1], [9, 19, 10, 18], [11, 3, 12, 2], [7, 11, 8, 10], [5, 21, 6, 20], [3, 7, 4, 6]]"
11a_100_112,"[[3, 7, 4, 6], [19, 5, 20, 4], [17, 9, 18, 8], [15, 13, 16, 12], [1, 17, 2, 16], [21, 14, 22, 15], [13, 22, 14, 1], [9, 19, 10, 18], [11, 3, 12, 2], [7, 11, 8, 10], [5, 21, 6, 20]]"
11a_100_113,"[[5, 21, 6, 20], [3, 7, 4, 6], [19, 5, 20, 4], [17, 9, 18, 8], [15, 13, 16, 12], [1, 17, 2, 16], [21, 14, 22, 15], [13, 22, 14, 1], [9, 19, 10, 18], [11, 3, 12, 2], [7, 11, 8, 10]]"
11a_100_114,"[[7, 11, 8, 10], [5, 21, 6, 20], [3, 7, 4, 6], [19, 5, 20, 4], [17, 9, 18, 8], [15, 13, 16, 12], [1, 17, 2, 16], [21, 14, 22, 15], [13, 22, 14, 1], [9, 19, 10, 18], [11, 3, 12, 2]]"
11a_100_115,"[[11, 3, 12, 2], [7, 11, 8, 10], [5, 21, 6, 20], [3, 7, 4, 6], [19, 5, 20, 4], [17, 9, 18, 8], [15, 13, 16, 12], [1, 17, 2, 16], [21, 14, 22, 15], [13, 22, 14, 1], [9, 19, 10, 18]]"
11a_100_116,"[[9, 19, 10, 18], [11, 3, 12, 2], [7, 11, 8, 10], [5, 21, 6, 20], [3, 7, 4, 6], [19, 5, 20, 4], [17, 9, 18, 8], [15, 13, 16, 12], [1, 17, 2, 16], [21, 14, 22, 15], [13, 22, 14, 1]]"
11a_100_117,"[[13, 22, 14, 1], [9, 19, 10, 18], [11, 3, 12, 2], [7, 11, 8, 10], [5, 21, 6, 20], [3, 7, 4, 6], [19, 5, 20, 4], [17, 9, 18, 8], [15, 13, 16, 12], [1, 17, 2, 16], [21, 14, 22, 15]]"
11a_100_118,"[[21, 14, 22, 15], [13, 22, 14, 1], [9, 19, 10, 18], [11, 3, 12, 2], [7, 11, 8, 10], [5, 21, 6, 20], [3, 7, 4, 6], [19, 5, 20, 4], [17, 9, 18, 8], [15, 13, 16, 12], [1, 17, 2, 16]]"
11a_100_119,"[[1, 17, 2, 16], [21, 14, 22, 15], [13, 22, 14, 1], [9, 19, 10, 18], [11, 3, 12, 2], [7, 11, 8, 10], [5, 21, 6, 20], [3, 7, 4, 6], [19, 5, 20, 4], [17, 9, 18, 8], [15, 13, 16, 12]]"
11a_100_120,"[[15, 13, 16, 12], [1, 17, 2, 16], [21, 14, 22, 15], [13, 22, 14, 1], [9, 19, 10, 18], [11, 3, 12, 2], [7, 11, 8, 10], [5, 21, 6, 20], [3, 7, 4, 6], [19, 5, 20, 4], [17, 9, 18, 8]]"
11a_100_121,"[[18, 10, 19, 9], [16, 14, 17, 13], [2, 18, 3, 17], [22, 15, 1, 16], [14, 1, 15, 2], [10, 20, 11, 19], [12, 4, 13, 3], [8, 12, 9, 11], [6, 22, 7, 21], [4, 8, 5, 7], [20, 6, 21, 5]]"
11a_100_122,"[[20, 6, 21, 5], [18, 10, 19, 9], [16, 14, 17, 13], [2, 18, 3, 17], [22, 15, 1, 16], [14, 1, 15, 2], [10, 20, 11, 19], [12, 4, 13, 3], [8, 12, 9, 11], [6, 22, 7, 21], [4, 8, 5, 7]]"
11a_100_123,"[[4, 8, 5, 7], [20, 6, 21, 5], [18, 10, 19, 9], [16, 14, 17, 13], [2, 18, 3, 17], [22, 15, 1, 16], [14, 1, 15, 2], [10, 20, 11, 19], [12, 4, 13, 3], [8, 12, 9, 11], [6, 22, 7, 21]]"
11a_100_124,"[[6, 22, 7, 21], [4, 8, 5, 7], [20, 6, 21, 5], [18, 10, 19, 9], [16, 14, 17, 13], [2, 18, 3, 17], [22, 15, 1, 16], [14, 1, 15, 2], [10, 20, 11, 19], [12, 4, 13, 3], [8, 12, 9, 11]]"
11a_100_125,"[[8, 12, 9, 11], [6, 22, 7, 21], [4, 8, 5, 7], [20, 6, 21, 5], [18, 10, 19, 9], [16, 14, 17, 13], [2, 18, 3, 17], [22, 15, 1, 16], [14, 1, 15, 2], [10, 20, 11, 19], [12, 4, 13, 3]]"
11a_100_126,"[[12, 4, 13, 3], [8, 12, 9, 11], [6, 22, 7, 21], [4, 8, 5, 7], [20, 6, 21, 5], [18, 10, 19, 9], [16, 14, 17, 13], [2, 18, 3, 17], [22, 15, 1, 16], [14, 1, 15, 2], [10, 20, 11, 19]]"
11a_100_127,"[[10, 20, 11, 19], [12, 4, 13, 3], [8, 12, 9, 11], [6, 22, 7, 21], [4, 8, 5, 7], [20, 6, 21, 5], [18, 10, 19, 9], [16, 14, 17, 13], [2, 18, 3, 17], [22, 15, 1, 16], [14, 1, 15, 2]]"
11a_100_128,"[[14, 1, 15, 2], [10, 20, 11, 19], [12, 4, 13, 3], [8, 12, 9, 11], [6, 22, 7, 21], [4, 8, 5, 7], [20, 6, 21, 5], [18, 10, 19, 9], [16, 14, 17, 13], [2, 18, 3, 17], [22, 15, 1, 16]]"
11a_100_129,"[[22, 15, 1, 16], [14, 1, 15, 2], [10, 20, 11, 19], [12, 4, 13, 3], [8, 12, 9, 11], [6, 22, 7, 21], [4, 8, 5, 7], [20, 6, 21, 5], [18, 10, 19, 9], [16, 14, 17, 13], [2, 18, 3, 17]]"
11a_100_130,"[[2, 18, 3, 17], [22, 15, 1, 16], [14, 1, 15, 2], [10, 20, 11, 19], [12, 4, 13, 3], [8, 12, 9, 11], [6, 22, 7, 21], [4, 8, 5, 7], [20, 6, 21, 5], [18, 10, 19, 9], [16, 14, 17, 13]]"
11a_100_131,"[[16, 14, 17, 13], [2, 18, 3, 17], [22, 15, 1, 16], [14, 1, 15, 2], [10, 20, 11, 19], [12, 4, 13, 3], [8, 12, 9, 11], [6, 22, 7, 21], [4, 8, 5, 7], [20, 6, 21, 5], [18, 10, 19, 9]]"
11a_100_132,"[[19, 11, 20, 10], [17, 15, 18, 14], [3, 19, 4, 18], [1, 16, 2, 17], [15, 2, 16, 3], [11, 21, 12, 20], [13, 5, 14, 4], [9, 13, 10, 12], [7, 1, 8, 22], [5, 9, 6, 8], [21, 7, 22, 6]]"
11a_100_133,"[[21, 7, 22, 6], [19, 11, 20, 10], [17, 15, 18, 14], [3, 19, 4, 18], [1, 16, 2, 17], [15, 2, 16, 3], [11, 21, 12, 20], [13, 5, 14, 4], [9, 13, 10, 12], [7, 1, 8, 22], [5, 9, 6, 8]]"
11a_100_134,"[[5, 9, 6, 8], [21, 7, 22, 6], [19, 11, 20, 10], [17, 15, 18, 14], [3, 19, 4, 18], [1, 16, 2, 17], [15, 2, 16, 3], [11, 21, 12, 20], [13, 5, 14, 4], [9, 13, 10, 12], [7, 1, 8, 22]]"
11a_100_135,"[[7, 1, 8, 22], [5, 9, 6, 8], [21, 7, 22, 6], [19, 11, 20, 10], [17, 15, 18, 14], [3, 19, 4, 18], [1, 16, 2, 17], [15, 2, 16, 3], [11, 21, 12, 20], [13, 5, 14, 4], [9, 13, 10, 12]]"
11a_100_136,"[[9, 13, 10, 12], [7, 1, 8, 22], [5, 9, 6, 8], [21, 7, 22, 6], [19, 11, 20, 10], [17, 15, 18, 14], [3, 19, 4, 18], [1, 16, 2, 17], [15, 2, 16, 3], [11, 21, 12, 20], [13, 5, 14, 4]]"
11a_100_137,"[[13, 5, 14, 4], [9, 13, 10, 12], [7, 1, 8, 22], [5, 9, 6, 8], [21, 7, 22, 6], [19, 11, 20, 10], [17, 15, 18, 14], [3, 19, 4, 18], [1, 16, 2, 17], [15, 2, 16, 3], [11, 21, 12, 20]]"
11a_100_138,"[[11, 21, 12, 20], [13, 5, 14, 4], [9, 13, 10, 12], [7, 1, 8, 22], [5, 9, 6, 8], [21, 7, 22, 6], [19, 11, 20, 10], [17, 15, 18, 14], [3, 19, 4, 18], [1, 16, 2, 17], [15, 2, 16, 3]]"
11a_100_139,"[[15, 2, 16, 3], [11, 21, 12, 20], [13, 5, 14, 4], [9, 13, 10, 12], [7, 1, 8, 22], [5, 9, 6, 8], [21, 7, 22, 6], [19, 11, 20, 10], [17, 15, 18, 14], [3, 19, 4, 18], [1, 16, 2, 17]]"
11a_100_140,"[[1, 16, 2, 17], [15, 2, 16, 3], [11, 21, 12, 20], [13, 5, 14, 4], [9, 13, 10, 12], [7, 1, 8, 22], [5, 9, 6, 8], [21, 7, 22, 6], [19, 11, 20, 10], [17, 15, 18, 14], [3, 19, 4, 18]]"
11a_100_141,"[[3, 19, 4, 18], [1, 16, 2, 17], [15, 2, 16, 3], [11, 21, 12, 20], [13, 5, 14, 4], [9, 13, 10, 12], [7, 1, 8, 22], [5, 9, 6, 8], [21, 7, 22, 6], [19, 11, 20, 10], [17, 15, 18, 14]]"
11a_100_142,"[[17, 15, 18, 14], [3, 19, 4, 18], [1, 16, 2, 17], [15, 2, 16, 3], [11, 21, 12, 20], [13, 5, 14, 4], [9, 13, 10, 12], [7, 1, 8, 22], [5, 9, 6, 8], [21, 7, 22, 6], [19, 11, 20, 10]]"
11a_100_143,"[[20, 12, 21, 11], [18, 16, 19, 15], [4, 20, 5, 19], [2, 17, 3, 18], [16, 3, 17, 4], [12, 22, 13, 21], [14, 6, 15, 5], [10, 14, 11, 13], [8, 2, 9, 1], [6, 10, 7, 9], [22, 8, 1, 7]]"
11a_100_144,"[[22, 8, 1, 7], [20, 12, 21, 11], [18, 16, 19, 15], [4, 20, 5, 19], [2, 17, 3, 18], [16, 3, 17, 4], [12, 22, 13, 21], [14, 6, 15, 5], [10, 14, 11, 13], [8, 2, 9, 1], [6, 10, 7, 9]]"
11a_100_145,"[[6, 10, 7, 9], [22, 8, 1, 7], [20, 12, 21, 11], [18, 16, 19, 15], [4, 20, 5, 19], [2, 17, 3, 18], [16, 3, 17, 4], [12, 22, 13, 21], [14, 6, 15, 5], [10, 14, 11, 13], [8, 2, 9, 1]]"
11a_100_146,"[[8, 2, 9, 1], [6, 10, 7, 9], [22, 8, 1, 7], [20, 12, 21, 11], [18, 16, 19, 15], [4, 20, 5, 19], [2, 17, 3, 18], [16, 3, 17, 4], [12, 22, 13, 21], [14, 6, 15, 5], [10, 14, 11, 13]]"
11a_100_147,"[[10, 14, 11, 13], [8, 2, 9, 1], [6, 10, 7, 9], [22, 8, 1, 7], [20, 12, 21, 11], [18, 16, 19, 15], [4, 20, 5, 19], [2, 17, 3, 18], [16, 3, 17, 4], [12, 22, 13, 21], [14, 6, 15, 5]]"
11a_100_148,"[[14, 6, 15, 5], [10, 14, 11, 13], [8, 2, 9, 1], [6, 10, 7, 9], [22, 8, 1, 7], [20, 12, 21, 11], [18, 16, 19, 15], [4, 20, 5, 19], [2, 17, 3, 18], [16, 3, 17, 4], [12, 22, 13, 21]]"
11a_100_149,"[[12, 22, 13, 21], [14, 6, 15, 5], [10, 14, 11, 13], [8, 2, 9, 1], [6, 10, 7, 9], [22, 8, 1, 7], [20, 12, 21, 11], [18, 16, 19, 15], [4, 20, 5, 19], [2, 17, 3, 18], [16, 3, 17, 4]]"
11a_100_150,"[[16, 3, 17, 4], [12, 22, 13, 21], [14, 6, 15, 5], [10, 14, 11, 13], [8, 2, 9, 1], [6, 10, 7, 9], [22, 8, 1, 7], [20, 12, 21, 11], [18, 16, 19, 15], [4, 20, 5, 19], [2, 17, 3, 18]]"
11a_100_151,"[[2, 17, 3, 18], [16, 3, 17, 4], [12, 22, 13, 21], [14, 6, 15, 5], [10, 14, 11, 13], [8, 2, 9, 1], [6, 10, 7, 9], [22, 8, 1, 7], [20, 12, 21, 11], [18, 16, 19, 15], [4, 20, 5, 19]]"
11a_100_152,"[[4, 20, 5, 19], [2, 17, 3, 18], [16, 3, 17, 4], [12, 22, 13, 21], [14, 6, 15, 5], [10, 14, 11, 13], [8, 2, 9, 1], [6, 10, 7, 9], [22, 8, 1, 7], [20, 12, 21, 11], [18, 16, 19, 15]]"
11a_100_153,"[[18, 16, 19, 15], [4, 20, 5, 19], [2, 17, 3, 18], [16, 3, 17, 4], [12, 22, 13, 21], [14, 6, 15, 5], [10, 14, 11, 13], [8, 2, 9, 1], [6, 10, 7, 9], [22, 8, 1, 7], [20, 12, 21, 11]]"
11a_100_154,"[[21, 13, 22, 12], [19, 17, 20, 16], [5, 21, 6, 20], [3, 18, 4, 19], [17, 4, 18, 5], [13, 1, 14, 22], [15, 7, 16, 6], [11, 15, 12, 14], [9, 3, 10, 2], [7, 11, 8, 10], [1, 9, 2, 8]]"
11a_100_155,"[[1, 9, 2, 8], [21, 13, 22, 12], [19, 17, 20, 16], [5, 21, 6, 20], [3, 18, 4, 19], [17, 4, 18, 5], [13, 1, 14, 22], [15, 7, 16, 6], [11, 15, 12, 14], [9, 3, 10, 2], [7, 11, 8, 10]]"
11a_100_156,"[[7, 11, 8, 10], [1, 9, 2, 8], [21, 13, 22, 12], [19, 17, 20, 16], [5, 21, 6, 20], [3, 18, 4, 19], [17, 4, 18, 5], [13, 1, 14, 22], [15, 7, 16, 6], [11, 15, 12, 14], [9, 3, 10, 2]]"
11a_100_157,"[[9, 3, 10, 2], [7, 11, 8, 10], [1, 9, 2, 8], [21, 13, 22, 12], [19, 17, 20, 16], [5, 21, 6, 20], [3, 18, 4, 19], [17, 4, 18, 5], [13, 1, 14, 22], [15, 7, 16, 6], [11, 15, 12, 14]]"
11a_100_158,"[[11, 15, 12, 14], [9, 3, 10, 2], [7, 11, 8, 10], [1, 9, 2, 8], [21, 13, 22, 12], [19, 17, 20, 16], [5, 21, 6, 20], [3, 18, 4, 19], [17, 4, 18, 5], [13, 1, 14, 22], [15, 7, 16, 6]]"
11a_100_159,"[[15, 7, 16, 6], [11, 15, 12, 14], [9, 3, 10, 2], [7, 11, 8, 10], [1, 9, 2, 8], [21, 13, 22, 12], [19, 17, 20, 16], [5, 21, 6, 20], [3, 18, 4, 19], [17, 4, 18, 5], [13, 1, 14, 22]]"
11a_100_160,"[[13, 1, 14, 22], [15, 7, 16, 6], [11, 15, 12, 14], [9, 3, 10, 2], [7, 11, 8, 10], [1, 9, 2, 8], [21, 13, 22, 12], [19, 17, 20, 16], [5, 21, 6, 20], [3, 18, 4, 19], [17, 4, 18, 5]]"
11a_100_161,"[[17, 4, 18, 5], [13, 1, 14, 22], [15, 7, 16, 6], [11, 15, 12, 14], [9, 3, 10, 2], [7, 11, 8, 10], [1, 9, 2, 8], [21, 13, 22, 12], [19, 17, 20, 16], [5, 21, 6, 20], [3, 18, 4, 19]]"
11a_100_162,"[[3, 18, 4, 19], [17, 4, 18, 5], [13, 1, 14, 22], [15, 7, 16, 6], [11, 15, 12, 14], [9, 3, 10, 2], [7, 11, 8, 10], [1, 9, 2, 8], [21, 13, 22, 12], [19, 17, 20, 16], [5, 21, 6, 20]]"
11a_100_163,"[[5, 21, 6, 20], [3, 18, 4, 19], [17, 4, 18, 5], [13, 1, 14, 22], [15, 7, 16, 6], [11, 15, 12, 14], [9, 3, 10, 2], [7, 11, 8, 10], [1, 9, 2, 8], [21, 13, 22, 12], [19, 17, 20, 16]]"
11a_100_164,"[[19, 17, 20, 16], [5, 21, 6, 20], [3, 18, 4, 19], [17, 4, 18, 5], [13, 1, 14, 22], [15, 7, 16, 6], [11, 15, 12, 14], [9, 3, 10, 2], [7, 11, 8, 10], [1, 9, 2, 8], [21, 13, 22, 12]]"
11a_100_165,"[[22, 14, 1, 13], [20, 18, 21, 17], [6, 22, 7, 21], [4, 19, 5, 20], [18, 5, 19, 6], [14, 2, 15, 1], [16, 8, 17, 7], [12, 16, 13, 15], [10, 4, 11, 3], [8, 12, 9, 11], [2, 10, 3, 9]]"
11a_100_166,"[[2, 10, 3, 9], [22, 14, 1, 13], [20, 18, 21, 17], [6, 22, 7, 21], [4, 19, 5, 20], [18, 5, 19, 6], [14, 2, 15, 1], [16, 8, 17, 7], [12, 16, 13, 15], [10, 4, 11, 3], [8, 12, 9, 11]]"
11a_100_167,"[[8, 12, 9, 11], [2, 10, 3, 9], [22, 14, 1, 13], [20, 18, 21, 17], [6, 22, 7, 21], [4, 19, 5, 20], [18, 5, 19, 6], [14, 2, 15, 1], [16, 8, 17, 7], [12, 16, 13, 15], [10, 4, 11, 3]]"
11a_100_168,"[[10, 4, 11, 3], [8, 12, 9, 11], [2, 10, 3, 9], [22, 14, 1, 13], [20, 18, 21, 17], [6, 22, 7, 21], [4, 19, 5, 20], [18, 5, 19, 6], [14, 2, 15, 1], [16, 8, 17, 7], [12, 16, 13, 15]]"
11a_100_169,"[[12, 16, 13, 15], [10, 4, 11, 3], [8, 12, 9, 11], [2, 10, 3, 9], [22, 14, 1, 13], [20, 18, 21, 17], [6, 22, 7, 21], [4, 19, 5, 20], [18, 5, 19, 6], [14, 2, 15, 1], [16, 8, 17, 7]]"
11a_100_170,"[[16, 8, 17, 7], [12, 16, 13, 15], [10, 4, 11, 3], [8, 12, 9, 11], [2, 10, 3, 9], [22, 14, 1, 13], [20, 18, 21, 17], [6, 22, 7, 21], [4, 19, 5, 20], [18, 5, 19, 6], [14, 2, 15, 1]]"
11a_100_171,"[[14, 2, 15, 1], [16, 8, 17, 7], [12, 16, 13, 15], [10, 4, 11, 3], [8, 12, 9, 11], [2, 10, 3, 9], [22, 14, 1, 13], [20, 18, 21, 17], [6, 22, 7, 21], [4, 19, 5, 20], [18, 5, 19, 6]]"
11a_100_172,"[[18, 5, 19, 6], [14, 2, 15, 1], [16, 8, 17, 7], [12, 16, 13, 15], [10, 4, 11, 3], [8, 12, 9, 11], [2, 10, 3, 9], [22, 14, 1, 13], [20, 18, 21, 17], [6, 22, 7, 21], [4, 19, 5, 20]]"
11a_100_173,"[[4, 19, 5, 20], [18, 5, 19, 6], [14, 2, 15, 1], [16, 8, 17, 7], [12, 16, 13, 15], [10, 4, 11, 3], [8, 12, 9, 11], [2, 10, 3, 9], [22, 14, 1, 13], [20, 18, 21, 17], [6, 22, 7, 21]]"
11a_100_174,"[[6, 22, 7, 21], [4, 19, 5, 20], [18, 5, 19, 6], [14, 2, 15, 1], [16, 8, 17, 7], [12, 16, 13, 15], [10, 4, 11, 3], [8, 12, 9, 11], [2, 10, 3, 9], [22, 14, 1, 13], [20, 18, 21, 17]]"
11a_100_175,"[[20, 18, 21, 17], [6, 22, 7, 21], [4, 19, 5, 20], [18, 5, 19, 6], [14, 2, 15, 1], [16, 8, 17, 7], [12, 16, 13, 15], [10, 4, 11, 3], [8, 12, 9, 11], [2, 10, 3, 9], [22, 14, 1, 13]]"
11a_100_176,"[[1, 15, 2, 14], [21, 19, 22, 18], [7, 1, 8, 22], [5, 20, 6, 21], [19, 6, 20, 7], [15, 3, 16, 2], [17, 9, 18, 8], [13, 17, 14, 16], [11, 5, 12, 4], [9, 13, 10, 12], [3, 11, 4, 10]]"
11a_100_177,"[[3, 11, 4, 10], [1, 15, 2, 14], [21, 19, 22, 18], [7, 1, 8, 22], [5, 20, 6, 21], [19, 6, 20, 7], [15, 3, 16, 2], [17, 9, 18, 8], [13, 17, 14, 16], [11, 5, 12, 4], [9, 13, 10, 12]]"
11a_100_178,"[[9, 13, 10, 12], [3, 11, 4, 10], [1, 15, 2, 14], [21, 19, 22, 18], [7, 1, 8, 22], [5, 20, 6, 21], [19, 6, 20, 7], [15, 3, 16, 2], [17, 9, 18, 8], [13, 17, 14, 16], [11, 5, 12, 4]]"
11a_100_179,"[[11, 5, 12, 4], [9, 13, 10, 12], [3, 11, 4, 10], [1, 15, 2, 14], [21, 19, 22, 18], [7, 1, 8, 22], [5, 20, 6, 21], [19, 6, 20, 7], [15, 3, 16, 2], [17, 9, 18, 8], [13, 17, 14, 16]]"
11a_100_180,"[[13, 17, 14, 16], [11, 5, 12, 4], [9, 13, 10, 12], [3, 11, 4, 10], [1, 15, 2, 14], [21, 19, 22, 18], [7, 1, 8, 22], [5, 20, 6, 21], [19, 6, 20, 7], [15, 3, 16, 2], [17, 9, 18, 8]]"
11a_100_181,"[[17, 9, 18, 8], [13, 17, 14, 16], [11, 5, 12, 4], [9, 13, 10, 12], [3, 11, 4, 10], [1, 15, 2, 14], [21, 19, 22, 18], [7, 1, 8, 22], [5, 20, 6, 21], [19, 6, 20, 7], [15, 3, 16, 2]]"
11a_100_182,"[[15, 3, 16, 2], [17, 9, 18, 8], [13, 17, 14, 16], [11, 5, 12, 4], [9, 13, 10, 12], [3, 11, 4, 10], [1, 15, 2, 14], [21, 19, 22, 18], [7, 1, 8, 22], [5, 20, 6, 21], [19, 6, 20, 7]]"
11a_100_183,"[[19, 6, 20, 7], [15, 3, 16, 2], [17, 9, 18, 8], [13, 17, 14, 16], [11, 5, 12, 4], [9, 13, 10, 12], [3, 11, 4, 10], [1, 15, 2, 14], [21, 19, 22, 18], [7, 1, 8, 22], [5, 20, 6, 21]]"
11a_100_184,"[[5, 20, 6, 21], [19, 6, 20, 7], [15, 3, 16, 2], [17, 9, 18, 8], [13, 17, 14, 16], [11, 5, 12, 4], [9, 13, 10, 12], [3, 11, 4, 10], [1, 15, 2, 14], [21, 19, 22, 18], [7, 1, 8, 22]]"
11a_100_185,"[[7, 1, 8, 22], [5, 20, 6, 21], [19, 6, 20, 7], [15, 3, 16, 2], [17, 9, 18, 8], [13, 17, 14, 16], [11, 5, 12, 4], [9, 13, 10, 12], [3, 11, 4, 10], [1, 15, 2, 14], [21, 19, 22, 18]]"
11a_100_186,"[[21, 19, 22, 18], [7, 1, 8, 22], [5, 20, 6, 21], [19, 6, 20, 7], [15, 3, 16, 2], [17, 9, 18, 8], [13, 17, 14, 16], [11, 5, 12, 4], [9, 13, 10, 12], [3, 11, 4, 10], [1, 15, 2, 14]]"
11a_100_187,"[[2, 16, 3, 15], [22, 20, 1, 19], [8, 2, 9, 1], [6, 21, 7, 22], [20, 7, 21, 8], [16, 4, 17, 3], [18, 10, 19, 9], [14, 18, 15, 17], [12, 6, 13, 5], [10, 14, 11, 13], [4, 12, 5, 11]]"
11a_100_188,"[[4, 12, 5, 11], [2, 16, 3, 15], [22, 20, 1, 19], [8, 2, 9, 1], [6, 21, 7, 22], [20, 7, 21, 8], [16, 4, 17, 3], [18, 10, 19, 9], [14, 18, 15, 17], [12, 6, 13, 5], [10, 14, 11, 13]]"
11a_100_189,"[[10, 14, 11, 13], [4, 12, 5, 11], [2, 16, 3, 15], [22, 20, 1, 19], [8, 2, 9, 1], [6, 21, 7, 22], [20, 7, 21, 8], [16, 4, 17, 3], [18, 10, 19, 9], [14, 18, 15, 17], [12, 6, 13, 5]]"
11a_100_190,"[[12, 6, 13, 5], [10, 14, 11, 13], [4, 12, 5, 11], [2, 16, 3, 15], [22, 20, 1, 19], [8, 2, 9, 1], [6, 21, 7, 22], [20, 7, 21, 8], [16, 4, 17, 3], [18, 10, 19, 9], [14, 18, 15, 17]]"
11a_100_191,"[[14, 18, 15, 17], [12, 6, 13, 5], [10, 14, 11, 13], [4, 12, 5, 11], [2, 16, 3, 15], [22, 20, 1, 19], [8, 2, 9, 1], [6, 21, 7, 22], [20, 7, 21, 8], [16, 4, 17, 3], [18, 10, 19, 9]]"
11a_100_192,"[[18, 10, 19, 9], [14, 18, 15, 17], [12, 6, 13, 5], [10, 14, 11, 13], [4, 12, 5, 11], [2, 16, 3, 15], [22, 20, 1, 19], [8, 2, 9, 1], [6, 21, 7, 22], [20, 7, 21, 8], [16, 4, 17, 3]]"
11a_100_193,"[[16, 4, 17, 3], [18, 10, 19, 9], [14, 18, 15, 17], [12, 6, 13, 5], [10, 14, 11, 13], [4, 12, 5, 11], [2, 16, 3, 15], [22, 20, 1, 19], [8, 2, 9, 1], [6, 21, 7, 22], [20, 7, 21, 8]]"
11a_100_194,"[[20, 7, 21, 8], [16, 4, 17, 3], [18, 10, 19, 9], [14, 18, 15, 17], [12, 6, 13, 5], [10, 14, 11, 13], [4, 12, 5, 11], [2, 16, 3, 15], [22, 20, 1, 19], [8, 2, 9, 1], [6, 21, 7, 22]]"
11a_100_195,"[[6, 21, 7, 22], [20, 7, 21, 8], [16, 4, 17, 3], [18, 10, 19, 9], [14, 18, 15, 17], [12, 6, 13, 5], [10, 14, 11, 13], [4, 12, 5, 11], [2, 16, 3, 15], [22, 20, 1, 19], [8, 2, 9, 1]]"
11a_100_196,"[[8, 2, 9, 1], [6, 21, 7, 22], [20, 7, 21, 8], [16, 4, 17, 3], [18, 10, 19, 9], [14, 18, 15, 17], [12, 6, 13, 5], [10, 14, 11, 13], [4, 12, 5, 11], [2, 16, 3, 15], [22, 20, 1, 19]]"
11a_100_197,"[[22, 20, 1, 19], [8, 2, 9, 1], [6, 21, 7, 22], [20, 7, 21, 8], [16, 4, 17, 3], [18, 10, 19, 9], [14, 18, 15, 17], [12, 6, 13, 5], [10, 14, 11, 13], [4, 12, 5, 11], [2, 16, 3, 15]]"
11a_100_198,"[[3, 17, 4, 16], [1, 21, 2, 20], [9, 3, 10, 2], [7, 22, 8, 1], [21, 8, 22, 9], [17, 5, 18, 4], [19, 11, 20, 10], [15, 19, 16, 18], [13, 7, 14, 6], [11, 15, 12, 14], [5, 13, 6, 12]]"
11a_100_199,"[[5, 13, 6, 12], [3, 17, 4, 16], [1, 21, 2, 20], [9, 3, 10, 2], [7, 22, 8, 1], [21, 8, 22, 9], [17, 5, 18, 4], [19, 11, 20, 10], [15, 19, 16, 18], [13, 7, 14, 6], [11, 15, 12, 14]]"
11a_100_200,"[[11, 15, 12, 14], [5, 13, 6, 12], [3, 17, 4, 16], [1, 21, 2, 20], [9, 3, 10, 2], [7, 22, 8, 1], [21, 8, 22, 9], [17, 5, 18, 4], [19, 11, 20, 10], [15, 19, 16, 18], [13, 7, 14, 6]]"
11a_100_201,"[[13, 7, 14, 6], [11, 15, 12, 14], [5, 13, 6, 12], [3, 17, 4, 16], [1, 21, 2, 20], [9, 3, 10, 2], [7, 22, 8, 1], [21, 8, 22, 9], [17, 5, 18, 4], [19, 11, 20, 10], [15, 19, 16, 18]]"
11a_100_202,"[[15, 19, 16, 18], [13, 7, 14, 6], [11, 15, 12, 14], [5, 13, 6, 12], [3, 17, 4, 16], [1, 21, 2, 20], [9, 3, 10, 2], [7, 22, 8, 1], [21, 8, 22, 9], [17, 5, 18, 4], [19, 11, 20, 10]]"
11a_100_203,"[[19, 11, 20, 10], [15, 19, 16, 18], [13, 7, 14, 6], [11, 15, 12, 14], [5, 13, 6, 12], [3, 17, 4, 16], [1, 21, 2, 20], [9, 3, 10, 2], [7, 22, 8, 1], [21, 8, 22, 9], [17, 5, 18, 4]]"
