name,pd_notation
11a_181_0,"[[11, 22, 12, 1], [5, 3, 6, 2], [15, 7, 16, 6], [13, 4, 14, 5], [3, 14, 4, 15], [19, 11, 20, 10], [7, 19, 8, 18], [17, 9, 18, 8], [9, 17, 10, 16], [1, 21, 2, 20], [21, 12, 22, 13]]"
11a_181_1,"[[21, 12, 22, 13], [11, 22, 12, 1], [5, 3, 6, 2], [15, 7, 16, 6], [13, 4, 14, 5], [3, 14, 4, 15], [19, 11, 20, 10], [7, 19, 8, 18], [17, 9, 18, 8], [9, 17, 10, 16], [1, 21, 2, 20]]"
11a_181_2,"[[1, 21, 2, 20], [21, 12, 22, 13], [11, 22, 12, 1], [5, 3, 6, 2], [15, 7, 16, 6], [13, 4, 14, 5], [3, 14, 4, 15], [19, 11, 20, 10], [7, 19, 8, 18], [17, 9, 18, 8], [9, 17, 10, 16]]"
11a_181_3,"[[9, 17, 10, 16], [1, 21, 2, 20], [21, 12, 22, 13], [11, 22, 12, 1], [5, 3, 6, 2], [15, 7, 16, 6], [13, 4, 14, 5], [3, 14, 4, 15], [19, 11, 20, 10], [7, 19, 8, 18], [17, 9, 18, 8]]"
11a_181_4,"[[17, 9, 18, 8], [9, 17, 10, 16], [1, 21, 2, 20], [21, 12, 22, 13], [11, 22, 12, 1], [5, 3, 6, 2], [15, 7, 16, 6], [13, 4, 14, 5], [3, 14, 4, 15], [19, 11, 20, 10], [7, 19, 8, 18]]"
11a_181_5,"[[7, 19, 8, 18], [17, 9, 18, 8], [9, 17, 10, 16], [1, 21, 2, 20], [21, 12, 22, 13], [11, 22, 12, 1], [5, 3, 6, 2], [15, 7, 16, 6], [13, 4, 14, 5], [3, 14, 4, 15], [19, 11, 20, 10]]"
11a_181_6,"[[19, 11, 20, 10], [7, 19, 8, 18], [17, 9, 18, 8], [9, 17, 10, 16], [1, 21, 2, 20], [21, 12, 22, 13], [11, 22, 12, 1], [5, 3, 6, 2], [15, 7, 16, 6], [13, 4, 14, 5], [3, 14, 4, 15]]"
11a_181_7,"[[3, 14, 4, 15], [19, 11, 20, 10], [7, 19, 8, 18], [17, 9, 18, 8], [9, 17, 10, 16], [1, 21, 2, 20], [21, 12, 22, 13], [11, 22, 12, 1], [5, 3, 6, 2], [15, 7, 16, 6], [13, 4, 14, 5]]"
11a_181_8,"[[13, 4, 14, 5], [3, 14, 4, 15], [19, 11, 20, 10], [7, 19, 8, 18], [17, 9, 18, 8], [9, 17, 10, 16], [1, 21, 2, 20], [21, 12, 22, 13], [11, 22, 12, 1], [5, 3, 6, 2], [15, 7, 16, 6]]"
11a_181_9,"[[15, 7, 16, 6], [13, 4, 14, 5], [3, 14, 4, 15], [19, 11, 20, 10], [7, 19, 8, 18], [17, 9, 18, 8], [9, 17, 10, 16], [1, 21, 2, 20], [21, 12, 22, 13], [11, 22, 12, 1], [5, 3, 6, 2]]"
11a_181_10,"[[5, 3, 6, 2], [15, 7, 16, 6], [13, 4, 14, 5], [3, 14, 4, 15], [19, 11, 20, 10], [7, 19, 8, 18], [17, 9, 18, 8], [9, 17, 10, 16], [1, 21, 2, 20], [21, 12, 22, 13], [11, 22, 12, 1]]"
11a_181_11,"[[12, 1, 13, 2], [6, 4, 7, 3], [16, 8, 17, 7], [14, 5, 15, 6], [4, 15, 5, 16], [20, 12, 21, 11], [8, 20, 9, 19], [18, 10, 19, 9], [10, 18, 11, 17], [2, 22, 3, 21], [22, 13, 1, 14]]"
11a_181_12,"[[22, 13, 1, 14], [12, 1, 13, 2], [6, 4, 7, 3], [16, 8, 17, 7], [14, 5, 15, 6], [4, 15, 5, 16], [20, 12, 21, 11], [8, 20, 9, 19], [18, 10, 19, 9], [10, 18, 11, 17], [2, 22, 3, 21]]"
11a_181_13,"[[2, 22, 3, 21], [22, 13, 1, 14], [12, 1, 13, 2], [6, 4, 7, 3], [16, 8, 17, 7], [14, 5, 15, 6], [4, 15, 5, 16], [20, 12, 21, 11], [8, 20, 9, 19], [18, 10, 19, 9], [10, 18, 11, 17]]"
11a_181_14,"[[10, 18, 11, 17], [2, 22, 3, 21], [22, 13, 1, 14], [12, 1, 13, 2], [6, 4, 7, 3], [16, 8, 17, 7], [14, 5, 15, 6], [4, 15, 5, 16], [20, 12, 21, 11], [8, 20, 9, 19], [18, 10, 19, 9]]"
11a_181_15,"[[18, 10, 19, 9], [10, 18, 11, 17], [2, 22, 3, 21], [22, 13, 1, 14], [12, 1, 13, 2], [6, 4, 7, 3], [16, 8, 17, 7], [14, 5, 15, 6], [4, 15, 5, 16], [20, 12, 21, 11], [8, 20, 9, 19]]"
11a_181_16,"[[8, 20, 9, 19], [18, 10, 19, 9], [10, 18, 11, 17], [2, 22, 3, 21], [22, 13, 1, 14], [12, 1, 13, 2], [6, 4, 7, 3], [16, 8, 17, 7], [14, 5, 15, 6], [4, 15, 5, 16], [20, 12, 21, 11]]"
11a_181_17,"[[20, 12, 21, 11], [8, 20, 9, 19], [18, 10, 19, 9], [10, 18, 11, 17], [2, 22, 3, 21], [22, 13, 1, 14], [12, 1, 13, 2], [6, 4, 7, 3], [16, 8, 17, 7], [14, 5, 15, 6], [4, 15, 5, 16]]"
11a_181_18,"[[4, 15, 5, 16], [20, 12, 21, 11], [8, 20, 9, 19], [18, 10, 19, 9], [10, 18, 11, 17], [2, 22, 3, 21], [22, 13, 1, 14], [12, 1, 13, 2], [6, 4, 7, 3], [16, 8, 17, 7], [14, 5, 15, 6]]"
11a_181_19,"[[14, 5, 15, 6], [4, 15, 5, 16], [20, 12, 21, 11], [8, 20, 9, 19], [18, 10, 19, 9], [10, 18, 11, 17], [2, 22, 3, 21], [22, 13, 1, 14], [12, 1, 13, 2], [6, 4, 7, 3], [16, 8, 17, 7]]"
11a_181_20,"[[16, 8, 17, 7], [14, 5, 15, 6], [4, 15, 5, 16], [20, 12, 21, 11], [8, 20, 9, 19], [18, 10, 19, 9], [10, 18, 11, 17], [2, 22, 3, 21], [22, 13, 1, 14], [12, 1, 13, 2], [6, 4, 7, 3]]"
11a_181_21,"[[6, 4, 7, 3], [16, 8, 17, 7], [14, 5, 15, 6], [4, 15, 5, 16], [20, 12, 21, 11], [8, 20, 9, 19], [18, 10, 19, 9], [10, 18, 11, 17], [2, 22, 3, 21], [22, 13, 1, 14], [12, 1, 13, 2]]"
11a_181_22,"[[13, 2, 14, 3], [7, 5, 8, 4], [17, 9, 18, 8], [15, 6, 16, 7], [5, 16, 6, 17], [21, 13, 22, 12], [9, 21, 10, 20], [19, 11, 20, 10], [11, 19, 12, 18], [3, 1, 4, 22], [1, 14, 2, 15]]"
11a_181_23,"[[1, 14, 2, 15], [13, 2, 14, 3], [7, 5, 8, 4], [17, 9, 18, 8], [15, 6, 16, 7], [5, 16, 6, 17], [21, 13, 22, 12], [9, 21, 10, 20], [19, 11, 20, 10], [11, 19, 12, 18], [3, 1, 4, 22]]"
11a_181_24,"[[3, 1, 4, 22], [1, 14, 2, 15], [13, 2, 14, 3], [7, 5, 8, 4], [17, 9, 18, 8], [15, 6, 16, 7], [5, 16, 6, 17], [21, 13, 22, 12], [9, 21, 10, 20], [19, 11, 20, 10], [11, 19, 12, 18]]"
11a_181_25,"[[11, 19, 12, 18], [3, 1, 4, 22], [1, 14, 2, 15], [13, 2, 14, 3], [7, 5, 8, 4], [17, 9, 18, 8], [15, 6, 16, 7], [5, 16, 6, 17], [21, 13, 22, 12], [9, 21, 10, 20], [19, 11, 20, 10]]"
11a_181_26,"[[19, 11, 20, 10], [11, 19, 12, 18], [3, 1, 4, 22], [1, 14, 2, 15], [13, 2, 14, 3], [7, 5, 8, 4], [17, 9, 18, 8], [15, 6, 16, 7], [5, 16, 6, 17], [21, 13, 22, 12], [9, 21, 10, 20]]"
11a_181_27,"[[9, 21, 10, 20], [19, 11, 20, 10], [11, 19, 12, 18], [3, 1, 4, 22], [1, 14, 2, 15], [13, 2, 14, 3], [7, 5, 8, 4], [17, 9, 18, 8], [15, 6, 16, 7], [5, 16, 6, 17], [21, 13, 22, 12]]"
11a_181_28,"[[21, 13, 22, 12], [9, 21, 10, 20], [19, 11, 20, 10], [11, 19, 12, 18], [3, 1, 4, 22], [1, 14, 2, 15], [13, 2, 14, 3], [7, 5, 8, 4], [17, 9, 18, 8], [15, 6, 16, 7], [5, 16, 6, 17]]"
11a_181_29,"[[5, 16, 6, 17], [21, 13, 22, 12], [9, 21, 10, 20], [19, 11, 20, 10], [11, 19, 12, 18], [3, 1, 4, 22], [1, 14, 2, 15], [13, 2, 14, 3], [7, 5, 8, 4], [17, 9, 18, 8], [15, 6, 16, 7]]"
11a_181_30,"[[15, 6, 16, 7], [5, 16, 6, 17], [21, 13, 22, 12], [9, 21, 10, 20], [19, 11, 20, 10], [11, 19, 12, 18], [3, 1, 4, 22], [1, 14, 2, 15], [13, 2, 14, 3], [7, 5, 8, 4], [17, 9, 18, 8]]"
11a_181_31,"[[17, 9, 18, 8], [15, 6, 16, 7], [5, 16, 6, 17], [21, 13, 22, 12], [9, 21, 10, 20], [19, 11, 20, 10], [11, 19, 12, 18], [3, 1, 4, 22], [1, 14, 2, 15], [13, 2, 14, 3], [7, 5, 8, 4]]"
11a_181_32,"[[7, 5, 8, 4], [17, 9, 18, 8], [15, 6, 16, 7], [5, 16, 6, 17], [21, 13, 22, 12], [9, 21, 10, 20], [19, 11, 20, 10], [11, 19, 12, 18], [3, 1, 4, 22], [1, 14, 2, 15], [13, 2, 14, 3]]"
11a_181_33,"[[14, 3, 15, 4], [8, 6, 9, 5], [18, 10, 19, 9], [16, 7, 17, 8], [6, 17, 7, 18], [22, 14, 1, 13], [10, 22, 11, 21], [20, 12, 21, 11], [12, 20, 13, 19], [4, 2, 5, 1], [2, 15, 3, 16]]"
11a_181_34,"[[2, 15, 3, 16], [14, 3, 15, 4], [8, 6, 9, 5], [18, 10, 19, 9], [16, 7, 17, 8], [6, 17, 7, 18], [22, 14, 1, 13], [10, 22, 11, 21], [20, 12, 21, 11], [12, 20, 13, 19], [4, 2, 5, 1]]"
11a_181_35,"[[4, 2, 5, 1], [2, 15, 3, 16], [14, 3, 15, 4], [8, 6, 9, 5], [18, 10, 19, 9], [16, 7, 17, 8], [6, 17, 7, 18], [22, 14, 1, 13], [10, 22, 11, 21], [20, 12, 21, 11], [12, 20, 13, 19]]"
11a_181_36,"[[12, 20, 13, 19], [4, 2, 5, 1], [2, 15, 3, 16], [14, 3, 15, 4], [8, 6, 9, 5], [18, 10, 19, 9], [16, 7, 17, 8], [6, 17, 7, 18], [22, 14, 1, 13], [10, 22, 11, 21], [20, 12, 21, 11]]"
11a_181_37,"[[20, 12, 21, 11], [12, 20, 13, 19], [4, 2, 5, 1], [2, 15, 3, 16], [14, 3, 15, 4], [8, 6, 9, 5], [18, 10, 19, 9], [16, 7, 17, 8], [6, 17, 7, 18], [22, 14, 1, 13], [10, 22, 11, 21]]"
11a_181_38,"[[10, 22, 11, 21], [20, 12, 21, 11], [12, 20, 13, 19], [4, 2, 5, 1], [2, 15, 3, 16], [14, 3, 15, 4], [8, 6, 9, 5], [18, 10, 19, 9], [16, 7, 17, 8], [6, 17, 7, 18], [22, 14, 1, 13]]"
11a_181_39,"[[22, 14, 1, 13], [10, 22, 11, 21], [20, 12, 21, 11], [12, 20, 13, 19], [4, 2, 5, 1], [2, 15, 3, 16], [14, 3, 15, 4], [8, 6, 9, 5], [18, 10, 19, 9], [16, 7, 17, 8], [6, 17, 7, 18]]"
11a_181_40,"[[6, 17, 7, 18], [22, 14, 1, 13], [10, 22, 11, 21], [20, 12, 21, 11], [12, 20, 13, 19], [4, 2, 5, 1], [2, 15, 3, 16], [14, 3, 15, 4], [8, 6, 9, 5], [18, 10, 19, 9], [16, 7, 17, 8]]"
11a_181_41,"[[16, 7, 17, 8], [6, 17, 7, 18], [22, 14, 1, 13], [10, 22, 11, 21], [20, 12, 21, 11], [12, 20, 13, 19], [4, 2, 5, 1], [2, 15, 3, 16], [14, 3, 15, 4], [8, 6, 9, 5], [18, 10, 19, 9]]"
11a_181_42,"[[18, 10, 19, 9], [16, 7, 17, 8], [6, 17, 7, 18], [22, 14, 1, 13], [10, 22, 11, 21], [20, 12, 21, 11], [12, 20, 13, 19], [4, 2, 5, 1], [2, 15, 3, 16], [14, 3, 15, 4], [8, 6, 9, 5]]"
11a_181_43,"[[8, 6, 9, 5], [18, 10, 19, 9], [16, 7, 17, 8], [6, 17, 7, 18], [22, 14, 1, 13], [10, 22, 11, 21], [20, 12, 21, 11], [12, 20, 13, 19], [4, 2, 5, 1], [2, 15, 3, 16], [14, 3, 15, 4]]"
11a_181_44,"[[15, 4, 16, 5], [9, 7, 10, 6], [19, 11, 20, 10], [17, 8, 18, 9], [7, 18, 8, 19], [1, 15, 2, 14], [11, 1, 12, 22], [21, 13, 22, 12], [13, 21, 14, 20], [5, 3, 6, 2], [3, 16, 4, 17]]"
11a_181_45,"[[3, 16, 4, 17], [15, 4, 16, 5], [9, 7, 10, 6], [19, 11, 20, 10], [17, 8, 18, 9], [7, 18, 8, 19], [1, 15, 2, 14], [11, 1, 12, 22], [21, 13, 22, 12], [13, 21, 14, 20], [5, 3, 6, 2]]"
11a_181_46,"[[5, 3, 6, 2], [3, 16, 4, 17], [15, 4, 16, 5], [9, 7, 10, 6], [19, 11, 20, 10], [17, 8, 18, 9], [7, 18, 8, 19], [1, 15, 2, 14], [11, 1, 12, 22], [21, 13, 22, 12], [13, 21, 14, 20]]"
11a_181_47,"[[13, 21, 14, 20], [5, 3, 6, 2], [3, 16, 4, 17], [15, 4, 16, 5], [9, 7, 10, 6], [19, 11, 20, 10], [17, 8, 18, 9], [7, 18, 8, 19], [1, 15, 2, 14], [11, 1, 12, 22], [21, 13, 22, 12]]"
11a_181_48,"[[21, 13, 22, 12], [13, 21, 14, 20], [5, 3, 6, 2], [3, 16, 4, 17], [15, 4, 16, 5], [9, 7, 10, 6], [19, 11, 20, 10], [17, 8, 18, 9], [7, 18, 8, 19], [1, 15, 2, 14], [11, 1, 12, 22]]"
11a_181_49,"[[11, 1, 12, 22], [21, 13, 22, 12], [13, 21, 14, 20], [5, 3, 6, 2], [3, 16, 4, 17], [15, 4, 16, 5], [9, 7, 10, 6], [19, 11, 20, 10], [17, 8, 18, 9], [7, 18, 8, 19], [1, 15, 2, 14]]"
11a_181_50,"[[1, 15, 2, 14], [11, 1, 12, 22], [21, 13, 22, 12], [13, 21, 14, 20], [5, 3, 6, 2], [3, 16, 4, 17], [15, 4, 16, 5], [9, 7, 10, 6], [19, 11, 20, 10], [17, 8, 18, 9], [7, 18, 8, 19]]"
11a_181_51,"[[7, 18, 8, 19], [1, 15, 2, 14], [11, 1, 12, 22], [21, 13, 22, 12], [13, 21, 14, 20], [5, 3, 6, 2], [3, 16, 4, 17], [15, 4, 16, 5], [9, 7, 10, 6], [19, 11, 20, 10], [17, 8, 18, 9]]"
11a_181_52,"[[17, 8, 18, 9], [7, 18, 8, 19], [1, 15, 2, 14], [11, 1, 12, 22], [21, 13, 22, 12], [13, 21, 14, 20], [5, 3, 6, 2], [3, 16, 4, 17], [15, 4, 16, 5], [9, 7, 10, 6], [19, 11, 20, 10]]"
11a_181_53,"[[19, 11, 20, 10], [17, 8, 18, 9], [7, 18, 8, 19], [1, 15, 2, 14], [11, 1, 12, 22], [21, 13, 22, 12], [13, 21, 14, 20], [5, 3, 6, 2], [3, 16, 4, 17], [15, 4, 16, 5], [9, 7, 10, 6]]"
11a_181_54,"[[9, 7, 10, 6], [19, 11, 20, 10], [17, 8, 18, 9], [7, 18, 8, 19], [1, 15, 2, 14], [11, 1, 12, 22], [21, 13, 22, 12], [13, 21, 14, 20], [5, 3, 6, 2], [3, 16, 4, 17], [15, 4, 16, 5]]"
11a_181_55,"[[16, 5, 17, 6], [10, 8, 11, 7], [20, 12, 21, 11], [18, 9, 19, 10], [8, 19, 9, 20], [2, 16, 3, 15], [12, 2, 13, 1], [22, 14, 1, 13], [14, 22, 15, 21], [6, 4, 7, 3], [4, 17, 5, 18]]"
11a_181_56,"[[4, 17, 5, 18], [16, 5, 17, 6], [10, 8, 11, 7], [20, 12, 21, 11], [18, 9, 19, 10], [8, 19, 9, 20], [2, 16, 3, 15], [12, 2, 13, 1], [22, 14, 1, 13], [14, 22, 15, 21], [6, 4, 7, 3]]"
11a_181_57,"[[6, 4, 7, 3], [4, 17, 5, 18], [16, 5, 17, 6], [10, 8, 11, 7], [20, 12, 21, 11], [18, 9, 19, 10], [8, 19, 9, 20], [2, 16, 3, 15], [12, 2, 13, 1], [22, 14, 1, 13], [14, 22, 15, 21]]"
11a_181_58,"[[14, 22, 15, 21], [6, 4, 7, 3], [4, 17, 5, 18], [16, 5, 17, 6], [10, 8, 11, 7], [20, 12, 21, 11], [18, 9, 19, 10], [8, 19, 9, 20], [2, 16, 3, 15], [12, 2, 13, 1], [22, 14, 1, 13]]"
11a_181_59,"[[22, 14, 1, 13], [14, 22, 15, 21], [6, 4, 7, 3], [4, 17, 5, 18], [16, 5, 17, 6], [10, 8, 11, 7], [20, 12, 21, 11], [18, 9, 19, 10], [8, 19, 9, 20], [2, 16, 3, 15], [12, 2, 13, 1]]"
11a_181_60,"[[12, 2, 13, 1], [22, 14, 1, 13], [14, 22, 15, 21], [6, 4, 7, 3], [4, 17, 5, 18], [16, 5, 17, 6], [10, 8, 11, 7], [20, 12, 21, 11], [18, 9, 19, 10], [8, 19, 9, 20], [2, 16, 3, 15]]"
11a_181_61,"[[2, 16, 3, 15], [12, 2, 13, 1], [22, 14, 1, 13], [14, 22, 15, 21], [6, 4, 7, 3], [4, 17, 5, 18], [16, 5, 17, 6], [10, 8, 11, 7], [20, 12, 21, 11], [18, 9, 19, 10], [8, 19, 9, 20]]"
11a_181_62,"[[8, 19, 9, 20], [2, 16, 3, 15], [12, 2, 13, 1], [22, 14, 1, 13], [14, 22, 15, 21], [6, 4, 7, 3], [4, 17, 5, 18], [16, 5, 17, 6], [10, 8, 11, 7], [20, 12, 21, 11], [18, 9, 19, 10]]"
11a_181_63,"[[18, 9, 19, 10], [8, 19, 9, 20], [2, 16, 3, 15], [12, 2, 13, 1], [22, 14, 1, 13], [14, 22, 15, 21], [6, 4, 7, 3], [4, 17, 5, 18], [16, 5, 17, 6], [10, 8, 11, 7], [20, 12, 21, 11]]"
11a_181_64,"[[20, 12, 21, 11], [18, 9, 19, 10], [8, 19, 9, 20], [2, 16, 3, 15], [12, 2, 13, 1], [22, 14, 1, 13], [14, 22, 15, 21], [6, 4, 7, 3], [4, 17, 5, 18], [16, 5, 17, 6], [10, 8, 11, 7]]"
11a_181_65,"[[10, 8, 11, 7], [20, 12, 21, 11], [18, 9, 19, 10], [8, 19, 9, 20], [2, 16, 3, 15], [12, 2, 13, 1], [22, 14, 1, 13], [14, 22, 15, 21], [6, 4, 7, 3], [4, 17, 5, 18], [16, 5, 17, 6]]"
11a_181_66,"[[17, 6, 18, 7], [11, 9, 12, 8], [21, 13, 22, 12], [19, 10, 20, 11], [9, 20, 10, 21], [3, 17, 4, 16], [13, 3, 14, 2], [1, 15, 2, 14], [15, 1, 16, 22], [7, 5, 8, 4], [5, 18, 6, 19]]"
11a_181_67,"[[5, 18, 6, 19], [17, 6, 18, 7], [11, 9, 12, 8], [21, 13, 22, 12], [19, 10, 20, 11], [9, 20, 10, 21], [3, 17, 4, 16], [13, 3, 14, 2], [1, 15, 2, 14], [15, 1, 16, 22], [7, 5, 8, 4]]"
11a_181_68,"[[7, 5, 8, 4], [5, 18, 6, 19], [17, 6, 18, 7], [11, 9, 12, 8], [21, 13, 22, 12], [19, 10, 20, 11], [9, 20, 10, 21], [3, 17, 4, 16], [13, 3, 14, 2], [1, 15, 2, 14], [15, 1, 16, 22]]"
11a_181_69,"[[15, 1, 16, 22], [7, 5, 8, 4], [5, 18, 6, 19], [17, 6, 18, 7], [11, 9, 12, 8], [21, 13, 22, 12], [19, 10, 20, 11], [9, 20, 10, 21], [3, 17, 4, 16], [13, 3, 14, 2], [1, 15, 2, 14]]"
11a_181_70,"[[1, 15, 2, 14], [15, 1, 16, 22], [7, 5, 8, 4], [5, 18, 6, 19], [17, 6, 18, 7], [11, 9, 12, 8], [21, 13, 22, 12], [19, 10, 20, 11], [9, 20, 10, 21], [3, 17, 4, 16], [13, 3, 14, 2]]"
11a_181_71,"[[13, 3, 14, 2], [1, 15, 2, 14], [15, 1, 16, 22], [7, 5, 8, 4], [5, 18, 6, 19], [17, 6, 18, 7], [11, 9, 12, 8], [21, 13, 22, 12], [19, 10, 20, 11], [9, 20, 10, 21], [3, 17, 4, 16]]"
11a_181_72,"[[3, 17, 4, 16], [13, 3, 14, 2], [1, 15, 2, 14], [15, 1, 16, 22], [7, 5, 8, 4], [5, 18, 6, 19], [17, 6, 18, 7], [11, 9, 12, 8], [21, 13, 22, 12], [19, 10, 20, 11], [9, 20, 10, 21]]"
11a_181_73,"[[9, 20, 10, 21], [3, 17, 4, 16], [13, 3, 14, 2], [1, 15, 2, 14], [15, 1, 16, 22], [7, 5, 8, 4], [5, 18, 6, 19], [17, 6, 18, 7], [11, 9, 12, 8], [21, 13, 22, 12], [19, 10, 20, 11]]"
11a_181_74,"[[19, 10, 20, 11], [9, 20, 10, 21], [3, 17, 4, 16], [13, 3, 14, 2], [1, 15, 2, 14], [15, 1, 16, 22], [7, 5, 8, 4], [5, 18, 6, 19], [17, 6, 18, 7], [11, 9, 12, 8], [21, 13, 22, 12]]"
11a_181_75,"[[21, 13, 22, 12], [19, 10, 20, 11], [9, 20, 10, 21], [3, 17, 4, 16], [13, 3, 14, 2], [1, 15, 2, 14], [15, 1, 16, 22], [7, 5, 8, 4], [5, 18, 6, 19], [17, 6, 18, 7], [11, 9, 12, 8]]"
11a_181_76,"[[11, 9, 12, 8], [21, 13, 22, 12], [19, 10, 20, 11], [9, 20, 10, 21], [3, 17, 4, 16], [13, 3, 14, 2], [1, 15, 2, 14], [15, 1, 16, 22], [7, 5, 8, 4], [5, 18, 6, 19], [17, 6, 18, 7]]"
11a_181_77,"[[18, 7, 19, 8], [12, 10, 13, 9], [22, 14, 1, 13], [20, 11, 21, 12], [10, 21, 11, 22], [4, 18, 5, 17], [14, 4, 15, 3], [2, 16, 3, 15], [16, 2, 17, 1], [8, 6, 9, 5], [6, 19, 7, 20]]"
11a_181_78,"[[6, 19, 7, 20], [18, 7, 19, 8], [12, 10, 13, 9], [22, 14, 1, 13], [20, 11, 21, 12], [10, 21, 11, 22], [4, 18, 5, 17], [14, 4, 15, 3], [2, 16, 3, 15], [16, 2, 17, 1], [8, 6, 9, 5]]"
11a_181_79,"[[8, 6, 9, 5], [6, 19, 7, 20], [18, 7, 19, 8], [12, 10, 13, 9], [22, 14, 1, 13], [20, 11, 21, 12], [10, 21, 11, 22], [4, 18, 5, 17], [14, 4, 15, 3], [2, 16, 3, 15], [16, 2, 17, 1]]"
11a_181_80,"[[16, 2, 17, 1], [8, 6, 9, 5], [6, 19, 7, 20], [18, 7, 19, 8], [12, 10, 13, 9], [22, 14, 1, 13], [20, 11, 21, 12], [10, 21, 11, 22], [4, 18, 5, 17], [14, 4, 15, 3], [2, 16, 3, 15]]"
11a_181_81,"[[2, 16, 3, 15], [16, 2, 17, 1], [8, 6, 9, 5], [6, 19, 7, 20], [18, 7, 19, 8], [12, 10, 13, 9], [22, 14, 1, 13], [20, 11, 21, 12], [10, 21, 11, 22], [4, 18, 5, 17], [14, 4, 15, 3]]"
11a_181_82,"[[14, 4, 15, 3], [2, 16, 3, 15], [16, 2, 17, 1], [8, 6, 9, 5], [6, 19, 7, 20], [18, 7, 19, 8], [12, 10, 13, 9], [22, 14, 1, 13], [20, 11, 21, 12], [10, 21, 11, 22], [4, 18, 5, 17]]"
11a_181_83,"[[4, 18, 5, 17], [14, 4, 15, 3], [2, 16, 3, 15], [16, 2, 17, 1], [8, 6, 9, 5], [6, 19, 7, 20], [18, 7, 19, 8], [12, 10, 13, 9], [22, 14, 1, 13], [20, 11, 21, 12], [10, 21, 11, 22]]"
11a_181_84,"[[10, 21, 11, 22], [4, 18, 5, 17], [14, 4, 15, 3], [2, 16, 3, 15], [16, 2, 17, 1], [8, 6, 9, 5], [6, 19, 7, 20], [18, 7, 19, 8], [12, 10, 13, 9], [22, 14, 1, 13], [20, 11, 21, 12]]"
11a_181_85,"[[20, 11, 21, 12], [10, 21, 11, 22], [4, 18, 5, 17], [14, 4, 15, 3], [2, 16, 3, 15], [16, 2, 17, 1], [8, 6, 9, 5], [6, 19, 7, 20], [18, 7, 19, 8], [12, 10, 13, 9], [22, 14, 1, 13]]"
11a_181_86,"[[22, 14, 1, 13], [20, 11, 21, 12], [10, 21, 11, 22], [4, 18, 5, 17], [14, 4, 15, 3], [2, 16, 3, 15], [16, 2, 17, 1], [8, 6, 9, 5], [6, 19, 7, 20], [18, 7, 19, 8], [12, 10, 13, 9]]"
11a_181_87,"[[12, 10, 13, 9], [22, 14, 1, 13], [20, 11, 21, 12], [10, 21, 11, 22], [4, 18, 5, 17], [14, 4, 15, 3], [2, 16, 3, 15], [16, 2, 17, 1], [8, 6, 9, 5], [6, 19, 7, 20], [18, 7, 19, 8]]"
11a_181_88,"[[19, 8, 20, 9], [13, 11, 14, 10], [1, 15, 2, 14], [21, 12, 22, 13], [11, 22, 12, 1], [5, 19, 6, 18], [15, 5, 16, 4], [3, 17, 4, 16], [17, 3, 18, 2], [9, 7, 10, 6], [7, 20, 8, 21]]"
11a_181_89,"[[7, 20, 8, 21], [19, 8, 20, 9], [13, 11, 14, 10], [1, 15, 2, 14], [21, 12, 22, 13], [11, 22, 12, 1], [5, 19, 6, 18], [15, 5, 16, 4], [3, 17, 4, 16], [17, 3, 18, 2], [9, 7, 10, 6]]"
11a_181_90,"[[9, 7, 10, 6], [7, 20, 8, 21], [19, 8, 20, 9], [13, 11, 14, 10], [1, 15, 2, 14], [21, 12, 22, 13], [11, 22, 12, 1], [5, 19, 6, 18], [15, 5, 16, 4], [3, 17, 4, 16], [17, 3, 18, 2]]"
11a_181_91,"[[17, 3, 18, 2], [9, 7, 10, 6], [7, 20, 8, 21], [19, 8, 20, 9], [13, 11, 14, 10], [1, 15, 2, 14], [21, 12, 22, 13], [11, 22, 12, 1], [5, 19, 6, 18], [15, 5, 16, 4], [3, 17, 4, 16]]"
11a_181_92,"[[3, 17, 4, 16], [17, 3, 18, 2], [9, 7, 10, 6], [7, 20, 8, 21], [19, 8, 20, 9], [13, 11, 14, 10], [1, 15, 2, 14], [21, 12, 22, 13], [11, 22, 12, 1], [5, 19, 6, 18], [15, 5, 16, 4]]"
11a_181_93,"[[15, 5, 16, 4], [3, 17, 4, 16], [17, 3, 18, 2], [9, 7, 10, 6], [7, 20, 8, 21], [19, 8, 20, 9], [13, 11, 14, 10], [1, 15, 2, 14], [21, 12, 22, 13], [11, 22, 12, 1], [5, 19, 6, 18]]"
11a_181_94,"[[5, 19, 6, 18], [15, 5, 16, 4], [3, 17, 4, 16], [17, 3, 18, 2], [9, 7, 10, 6], [7, 20, 8, 21], [19, 8, 20, 9], [13, 11, 14, 10], [1, 15, 2, 14], [21, 12, 22, 13], [11, 22, 12, 1]]"
11a_181_95,"[[11, 22, 12, 1], [5, 19, 6, 18], [15, 5, 16, 4], [3, 17, 4, 16], [17, 3, 18, 2], [9, 7, 10, 6], [7, 20, 8, 21], [19, 8, 20, 9], [13, 11, 14, 10], [1, 15, 2, 14], [21, 12, 22, 13]]"
11a_181_96,"[[21, 12, 22, 13], [11, 22, 12, 1], [5, 19, 6, 18], [15, 5, 16, 4], [3, 17, 4, 16], [17, 3, 18, 2], [9, 7, 10, 6], [7, 20, 8, 21], [19, 8, 20, 9], [13, 11, 14, 10], [1, 15, 2, 14]]"
11a_181_97,"[[1, 15, 2, 14], [21, 12, 22, 13], [11, 22, 12, 1], [5, 19, 6, 18], [15, 5, 16, 4], [3, 17, 4, 16], [17, 3, 18, 2], [9, 7, 10, 6], [7, 20, 8, 21], [19, 8, 20, 9], [13, 11, 14, 10]]"
11a_181_98,"[[13, 11, 14, 10], [1, 15, 2, 14], [21, 12, 22, 13], [11, 22, 12, 1], [5, 19, 6, 18], [15, 5, 16, 4], [3, 17, 4, 16], [17, 3, 18, 2], [9, 7, 10, 6], [7, 20, 8, 21], [19, 8, 20, 9]]"
11a_181_99,"[[20, 9, 21, 10], [14, 12, 15, 11], [2, 16, 3, 15], [22, 13, 1, 14], [12, 1, 13, 2], [6, 20, 7, 19], [16, 6, 17, 5], [4, 18, 5, 17], [18, 4, 19, 3], [10, 8, 11, 7], [8, 21, 9, 22]]"
11a_181_100,"[[8, 21, 9, 22], [20, 9, 21, 10], [14, 12, 15, 11], [2, 16, 3, 15], [22, 13, 1, 14], [12, 1, 13, 2], [6, 20, 7, 19], [16, 6, 17, 5], [4, 18, 5, 17], [18, 4, 19, 3], [10, 8, 11, 7]]"
11a_181_101,"[[10, 8, 11, 7], [8, 21, 9, 22], [20, 9, 21, 10], [14, 12, 15, 11], [2, 16, 3, 15], [22, 13, 1, 14], [12, 1, 13, 2], [6, 20, 7, 19], [16, 6, 17, 5], [4, 18, 5, 17], [18, 4, 19, 3]]"
11a_181_102,"[[18, 4, 19, 3], [10, 8, 11, 7], [8, 21, 9, 22], [20, 9, 21, 10], [14, 12, 15, 11], [2, 16, 3, 15], [22, 13, 1, 14], [12, 1, 13, 2], [6, 20, 7, 19], [16, 6, 17, 5], [4, 18, 5, 17]]"
11a_181_103,"[[4, 18, 5, 17], [18, 4, 19, 3], [10, 8, 11, 7], [8, 21, 9, 22], [20, 9, 21, 10], [14, 12, 15, 11], [2, 16, 3, 15], [22, 13, 1, 14], [12, 1, 13, 2], [6, 20, 7, 19], [16, 6, 17, 5]]"
11a_181_104,"[[16, 6, 17, 5], [4, 18, 5, 17], [18, 4, 19, 3], [10, 8, 11, 7], [8, 21, 9, 22], [20, 9, 21, 10], [14, 12, 15, 11], [2, 16, 3, 15], [22, 13, 1, 14], [12, 1, 13, 2], [6, 20, 7, 19]]"
11a_181_105,"[[6, 20, 7, 19], [16, 6, 17, 5], [4, 18, 5, 17], [18, 4, 19, 3], [10, 8, 11, 7], [8, 21, 9, 22], [20, 9, 21, 10], [14, 12, 15, 11], [2, 16, 3, 15], [22, 13, 1, 14], [12, 1, 13, 2]]"
11a_181_106,"[[12, 1, 13, 2], [6, 20, 7, 19], [16, 6, 17, 5], [4, 18, 5, 17], [18, 4, 19, 3], [10, 8, 11, 7], [8, 21, 9, 22], [20, 9, 21, 10], [14, 12, 15, 11], [2, 16, 3, 15], [22, 13, 1, 14]]"
11a_181_107,"[[22, 13, 1, 14], [12, 1, 13, 2], [6, 20, 7, 19], [16, 6, 17, 5], [4, 18, 5, 17], [18, 4, 19, 3], [10, 8, 11, 7], [8, 21, 9, 22], [20, 9, 21, 10], [14, 12, 15, 11], [2, 16, 3, 15]]"
11a_181_108,"[[2, 16, 3, 15], [22, 13, 1, 14], [12, 1, 13, 2], [6, 20, 7, 19], [16, 6, 17, 5], [4, 18, 5, 17], [18, 4, 19, 3], [10, 8, 11, 7], [8, 21, 9, 22], [20, 9, 21, 10], [14, 12, 15, 11]]"
11a_181_109,"[[14, 12, 15, 11], [2, 16, 3, 15], [22, 13, 1, 14], [12, 1, 13, 2], [6, 20, 7, 19], [16, 6, 17, 5], [4, 18, 5, 17], [18, 4, 19, 3], [10, 8, 11, 7], [8, 21, 9, 22], [20, 9, 21, 10]]"
11a_181_110,"[[21, 10, 22, 11], [15, 13, 16, 12], [3, 17, 4, 16], [1, 14, 2, 15], [13, 2, 14, 3], [7, 21, 8, 20], [17, 7, 18, 6], [5, 19, 6, 18], [19, 5, 20, 4], [11, 9, 12, 8], [9, 22, 10, 1]]"
11a_181_111,"[[9, 22, 10, 1], [21, 10, 22, 11], [15, 13, 16, 12], [3, 17, 4, 16], [1, 14, 2, 15], [13, 2, 14, 3], [7, 21, 8, 20], [17, 7, 18, 6], [5, 19, 6, 18], [19, 5, 20, 4], [11, 9, 12, 8]]"
11a_181_112,"[[11, 9, 12, 8], [9, 22, 10, 1], [21, 10, 22, 11], [15, 13, 16, 12], [3, 17, 4, 16], [1, 14, 2, 15], [13, 2, 14, 3], [7, 21, 8, 20], [17, 7, 18, 6], [5, 19, 6, 18], [19, 5, 20, 4]]"
11a_181_113,"[[19, 5, 20, 4], [11, 9, 12, 8], [9, 22, 10, 1], [21, 10, 22, 11], [15, 13, 16, 12], [3, 17, 4, 16], [1, 14, 2, 15], [13, 2, 14, 3], [7, 21, 8, 20], [17, 7, 18, 6], [5, 19, 6, 18]]"
11a_181_114,"[[5, 19, 6, 18], [19, 5, 20, 4], [11, 9, 12, 8], [9, 22, 10, 1], [21, 10, 22, 11], [15, 13, 16, 12], [3, 17, 4, 16], [1, 14, 2, 15], [13, 2, 14, 3], [7, 21, 8, 20], [17, 7, 18, 6]]"
11a_181_115,"[[17, 7, 18, 6], [5, 19, 6, 18], [19, 5, 20, 4], [11, 9, 12, 8], [9, 22, 10, 1], [21, 10, 22, 11], [15, 13, 16, 12], [3, 17, 4, 16], [1, 14, 2, 15], [13, 2, 14, 3], [7, 21, 8, 20]]"
11a_181_116,"[[7, 21, 8, 20], [17, 7, 18, 6], [5, 19, 6, 18], [19, 5, 20, 4], [11, 9, 12, 8], [9, 22, 10, 1], [21, 10, 22, 11], [15, 13, 16, 12], [3, 17, 4, 16], [1, 14, 2, 15], [13, 2, 14, 3]]"
11a_181_117,"[[13, 2, 14, 3], [7, 21, 8, 20], [17, 7, 18, 6], [5, 19, 6, 18], [19, 5, 20, 4], [11, 9, 12, 8], [9, 22, 10, 1], [21, 10, 22, 11], [15, 13, 16, 12], [3, 17, 4, 16], [1, 14, 2, 15]]"
11a_181_118,"[[1, 14, 2, 15], [13, 2, 14, 3], [7, 21, 8, 20], [17, 7, 18, 6], [5, 19, 6, 18], [19, 5, 20, 4], [11, 9, 12, 8], [9, 22, 10, 1], [21, 10, 22, 11], [15, 13, 16, 12], [3, 17, 4, 16]]"
11a_181_119,"[[3, 17, 4, 16], [1, 14, 2, 15], [13, 2, 14, 3], [7, 21, 8, 20], [17, 7, 18, 6], [5, 19, 6, 18], [19, 5, 20, 4], [11, 9, 12, 8], [9, 22, 10, 1], [21, 10, 22, 11], [15, 13, 16, 12]]"
11a_181_120,"[[15, 13, 16, 12], [3, 17, 4, 16], [1, 14, 2, 15], [13, 2, 14, 3], [7, 21, 8, 20], [17, 7, 18, 6], [5, 19, 6, 18], [19, 5, 20, 4], [11, 9, 12, 8], [9, 22, 10, 1], [21, 10, 22, 11]]"
11a_181_121,"[[22, 11, 1, 12], [16, 14, 17, 13], [4, 18, 5, 17], [2, 15, 3, 16], [14, 3, 15, 4], [8, 22, 9, 21], [18, 8, 19, 7], [6, 20, 7, 19], [20, 6, 21, 5], [12, 10, 13, 9], [10, 1, 11, 2]]"
11a_181_122,"[[10, 1, 11, 2], [22, 11, 1, 12], [16, 14, 17, 13], [4, 18, 5, 17], [2, 15, 3, 16], [14, 3, 15, 4], [8, 22, 9, 21], [18, 8, 19, 7], [6, 20, 7, 19], [20, 6, 21, 5], [12, 10, 13, 9]]"
11a_181_123,"[[12, 10, 13, 9], [10, 1, 11, 2], [22, 11, 1, 12], [16, 14, 17, 13], [4, 18, 5, 17], [2, 15, 3, 16], [14, 3, 15, 4], [8, 22, 9, 21], [18, 8, 19, 7], [6, 20, 7, 19], [20, 6, 21, 5]]"
11a_181_124,"[[20, 6, 21, 5], [12, 10, 13, 9], [10, 1, 11, 2], [22, 11, 1, 12], [16, 14, 17, 13], [4, 18, 5, 17], [2, 15, 3, 16], [14, 3, 15, 4], [8, 22, 9, 21], [18, 8, 19, 7], [6, 20, 7, 19]]"
11a_181_125,"[[6, 20, 7, 19], [20, 6, 21, 5], [12, 10, 13, 9], [10, 1, 11, 2], [22, 11, 1, 12], [16, 14, 17, 13], [4, 18, 5, 17], [2, 15, 3, 16], [14, 3, 15, 4], [8, 22, 9, 21], [18, 8, 19, 7]]"
11a_181_126,"[[18, 8, 19, 7], [6, 20, 7, 19], [20, 6, 21, 5], [12, 10, 13, 9], [10, 1, 11, 2], [22, 11, 1, 12], [16, 14, 17, 13], [4, 18, 5, 17], [2, 15, 3, 16], [14, 3, 15, 4], [8, 22, 9, 21]]"
11a_181_127,"[[8, 22, 9, 21], [18, 8, 19, 7], [6, 20, 7, 19], [20, 6, 21, 5], [12, 10, 13, 9], [10, 1, 11, 2], [22, 11, 1, 12], [16, 14, 17, 13], [4, 18, 5, 17], [2, 15, 3, 16], [14, 3, 15, 4]]"
11a_181_128,"[[14, 3, 15, 4], [8, 22, 9, 21], [18, 8, 19, 7], [6, 20, 7, 19], [20, 6, 21, 5], [12, 10, 13, 9], [10, 1, 11, 2], [22, 11, 1, 12], [16, 14, 17, 13], [4, 18, 5, 17], [2, 15, 3, 16]]"
11a_181_129,"[[2, 15, 3, 16], [14, 3, 15, 4], [8, 22, 9, 21], [18, 8, 19, 7], [6, 20, 7, 19], [20, 6, 21, 5], [12, 10, 13, 9], [10, 1, 11, 2], [22, 11, 1, 12], [16, 14, 17, 13], [4, 18, 5, 17]]"
11a_181_130,"[[4, 18, 5, 17], [2, 15, 3, 16], [14, 3, 15, 4], [8, 22, 9, 21], [18, 8, 19, 7], [6, 20, 7, 19], [20, 6, 21, 5], [12, 10, 13, 9], [10, 1, 11, 2], [22, 11, 1, 12], [16, 14, 17, 13]]"
11a_181_131,"[[16, 14, 17, 13], [4, 18, 5, 17], [2, 15, 3, 16], [14, 3, 15, 4], [8, 22, 9, 21], [18, 8, 19, 7], [6, 20, 7, 19], [20, 6, 21, 5], [12, 10, 13, 9], [10, 1, 11, 2], [22, 11, 1, 12]]"
11a_181_132,"[[1, 12, 2, 13], [17, 15, 18, 14], [5, 19, 6, 18], [3, 16, 4, 17], [15, 4, 16, 5], [9, 1, 10, 22], [19, 9, 20, 8], [7, 21, 8, 20], [21, 7, 22, 6], [13, 11, 14, 10], [11, 2, 12, 3]]"
11a_181_133,"[[11, 2, 12, 3], [1, 12, 2, 13], [17, 15, 18, 14], [5, 19, 6, 18], [3, 16, 4, 17], [15, 4, 16, 5], [9, 1, 10, 22], [19, 9, 20, 8], [7, 21, 8, 20], [21, 7, 22, 6], [13, 11, 14, 10]]"
11a_181_134,"[[13, 11, 14, 10], [11, 2, 12, 3], [1, 12, 2, 13], [17, 15, 18, 14], [5, 19, 6, 18], [3, 16, 4, 17], [15, 4, 16, 5], [9, 1, 10, 22], [19, 9, 20, 8], [7, 21, 8, 20], [21, 7, 22, 6]]"
11a_181_135,"[[21, 7, 22, 6], [13, 11, 14, 10], [11, 2, 12, 3], [1, 12, 2, 13], [17, 15, 18, 14], [5, 19, 6, 18], [3, 16, 4, 17], [15, 4, 16, 5], [9, 1, 10, 22], [19, 9, 20, 8], [7, 21, 8, 20]]"
11a_181_136,"[[7, 21, 8, 20], [21, 7, 22, 6], [13, 11, 14, 10], [11, 2, 12, 3], [1, 12, 2, 13], [17, 15, 18, 14], [5, 19, 6, 18], [3, 16, 4, 17], [15, 4, 16, 5], [9, 1, 10, 22], [19, 9, 20, 8]]"
11a_181_137,"[[19, 9, 20, 8], [7, 21, 8, 20], [21, 7, 22, 6], [13, 11, 14, 10], [11, 2, 12, 3], [1, 12, 2, 13], [17, 15, 18, 14], [5, 19, 6, 18], [3, 16, 4, 17], [15, 4, 16, 5], [9, 1, 10, 22]]"
11a_181_138,"[[9, 1, 10, 22], [19, 9, 20, 8], [7, 21, 8, 20], [21, 7, 22, 6], [13, 11, 14, 10], [11, 2, 12, 3], [1, 12, 2, 13], [17, 15, 18, 14], [5, 19, 6, 18], [3, 16, 4, 17], [15, 4, 16, 5]]"
11a_181_139,"[[15, 4, 16, 5], [9, 1, 10, 22], [19, 9, 20, 8], [7, 21, 8, 20], [21, 7, 22, 6], [13, 11, 14, 10], [11, 2, 12, 3], [1, 12, 2, 13], [17, 15, 18, 14], [5, 19, 6, 18], [3, 16, 4, 17]]"
11a_181_140,"[[3, 16, 4, 17], [15, 4, 16, 5], [9, 1, 10, 22], [19, 9, 20, 8], [7, 21, 8, 20], [21, 7, 22, 6], [13, 11, 14, 10], [11, 2, 12, 3], [1, 12, 2, 13], [17, 15, 18, 14], [5, 19, 6, 18]]"
11a_181_141,"[[5, 19, 6, 18], [3, 16, 4, 17], [15, 4, 16, 5], [9, 1, 10, 22], [19, 9, 20, 8], [7, 21, 8, 20], [21, 7, 22, 6], [13, 11, 14, 10], [11, 2, 12, 3], [1, 12, 2, 13], [17, 15, 18, 14]]"
11a_181_142,"[[17, 15, 18, 14], [5, 19, 6, 18], [3, 16, 4, 17], [15, 4, 16, 5], [9, 1, 10, 22], [19, 9, 20, 8], [7, 21, 8, 20], [21, 7, 22, 6], [13, 11, 14, 10], [11, 2, 12, 3], [1, 12, 2, 13]]"
11a_181_143,"[[2, 13, 3, 14], [18, 16, 19, 15], [6, 20, 7, 19], [4, 17, 5, 18], [16, 5, 17, 6], [10, 2, 11, 1], [20, 10, 21, 9], [8, 22, 9, 21], [22, 8, 1, 7], [14, 12, 15, 11], [12, 3, 13, 4]]"
11a_181_144,"[[12, 3, 13, 4], [2, 13, 3, 14], [18, 16, 19, 15], [6, 20, 7, 19], [4, 17, 5, 18], [16, 5, 17, 6], [10, 2, 11, 1], [20, 10, 21, 9], [8, 22, 9, 21], [22, 8, 1, 7], [14, 12, 15, 11]]"
11a_181_145,"[[14, 12, 15, 11], [12, 3, 13, 4], [2, 13, 3, 14], [18, 16, 19, 15], [6, 20, 7, 19], [4, 17, 5, 18], [16, 5, 17, 6], [10, 2, 11, 1], [20, 10, 21, 9], [8, 22, 9, 21], [22, 8, 1, 7]]"
11a_181_146,"[[22, 8, 1, 7], [14, 12, 15, 11], [12, 3, 13, 4], [2, 13, 3, 14], [18, 16, 19, 15], [6, 20, 7, 19], [4, 17, 5, 18], [16, 5, 17, 6], [10, 2, 11, 1], [20, 10, 21, 9], [8, 22, 9, 21]]"
11a_181_147,"[[8, 22, 9, 21], [22, 8, 1, 7], [14, 12, 15, 11], [12, 3, 13, 4], [2, 13, 3, 14], [18, 16, 19, 15], [6, 20, 7, 19], [4, 17, 5, 18], [16, 5, 17, 6], [10, 2, 11, 1], [20, 10, 21, 9]]"
11a_181_148,"[[20, 10, 21, 9], [8, 22, 9, 21], [22, 8, 1, 7], [14, 12, 15, 11], [12, 3, 13, 4], [2, 13, 3, 14], [18, 16, 19, 15], [6, 20, 7, 19], [4, 17, 5, 18], [16, 5, 17, 6], [10, 2, 11, 1]]"
11a_181_149,"[[10, 2, 11, 1], [20, 10, 21, 9], [8, 22, 9, 21], [22, 8, 1, 7], [14, 12, 15, 11], [12, 3, 13, 4], [2, 13, 3, 14], [18, 16, 19, 15], [6, 20, 7, 19], [4, 17, 5, 18], [16, 5, 17, 6]]"
11a_181_150,"[[16, 5, 17, 6], [10, 2, 11, 1], [20, 10, 21, 9], [8, 22, 9, 21], [22, 8, 1, 7], [14, 12, 15, 11], [12, 3, 13, 4], [2, 13, 3, 14], [18, 16, 19, 15], [6, 20, 7, 19], [4, 17, 5, 18]]"
11a_181_151,"[[4, 17, 5, 18], [16, 5, 17, 6], [10, 2, 11, 1], [20, 10, 21, 9], [8, 22, 9, 21], [22, 8, 1, 7], [14, 12, 15, 11], [12, 3, 13, 4], [2, 13, 3, 14], [18, 16, 19, 15], [6, 20, 7, 19]]"
11a_181_152,"[[6, 20, 7, 19], [4, 17, 5, 18], [16, 5, 17, 6], [10, 2, 11, 1], [20, 10, 21, 9], [8, 22, 9, 21], [22, 8, 1, 7], [14, 12, 15, 11], [12, 3, 13, 4], [2, 13, 3, 14], [18, 16, 19, 15]]"
11a_181_153,"[[18, 16, 19, 15], [6, 20, 7, 19], [4, 17, 5, 18], [16, 5, 17, 6], [10, 2, 11, 1], [20, 10, 21, 9], [8, 22, 9, 21], [22, 8, 1, 7], [14, 12, 15, 11], [12, 3, 13, 4], [2, 13, 3, 14]]"
11a_181_154,"[[3, 14, 4, 15], [19, 17, 20, 16], [7, 21, 8, 20], [5, 18, 6, 19], [17, 6, 18, 7], [11, 3, 12, 2], [21, 11, 22, 10], [9, 1, 10, 22], [1, 9, 2, 8], [15, 13, 16, 12], [13, 4, 14, 5]]"
11a_181_155,"[[13, 4, 14, 5], [3, 14, 4, 15], [19, 17, 20, 16], [7, 21, 8, 20], [5, 18, 6, 19], [17, 6, 18, 7], [11, 3, 12, 2], [21, 11, 22, 10], [9, 1, 10, 22], [1, 9, 2, 8], [15, 13, 16, 12]]"
11a_181_156,"[[15, 13, 16, 12], [13, 4, 14, 5], [3, 14, 4, 15], [19, 17, 20, 16], [7, 21, 8, 20], [5, 18, 6, 19], [17, 6, 18, 7], [11, 3, 12, 2], [21, 11, 22, 10], [9, 1, 10, 22], [1, 9, 2, 8]]"
11a_181_157,"[[1, 9, 2, 8], [15, 13, 16, 12], [13, 4, 14, 5], [3, 14, 4, 15], [19, 17, 20, 16], [7, 21, 8, 20], [5, 18, 6, 19], [17, 6, 18, 7], [11, 3, 12, 2], [21, 11, 22, 10], [9, 1, 10, 22]]"
11a_181_158,"[[9, 1, 10, 22], [1, 9, 2, 8], [15, 13, 16, 12], [13, 4, 14, 5], [3, 14, 4, 15], [19, 17, 20, 16], [7, 21, 8, 20], [5, 18, 6, 19], [17, 6, 18, 7], [11, 3, 12, 2], [21, 11, 22, 10]]"
11a_181_159,"[[21, 11, 22, 10], [9, 1, 10, 22], [1, 9, 2, 8], [15, 13, 16, 12], [13, 4, 14, 5], [3, 14, 4, 15], [19, 17, 20, 16], [7, 21, 8, 20], [5, 18, 6, 19], [17, 6, 18, 7], [11, 3, 12, 2]]"
11a_181_160,"[[11, 3, 12, 2], [21, 11, 22, 10], [9, 1, 10, 22], [1, 9, 2, 8], [15, 13, 16, 12], [13, 4, 14, 5], [3, 14, 4, 15], [19, 17, 20, 16], [7, 21, 8, 20], [5, 18, 6, 19], [17, 6, 18, 7]]"
11a_181_161,"[[17, 6, 18, 7], [11, 3, 12, 2], [21, 11, 22, 10], [9, 1, 10, 22], [1, 9, 2, 8], [15, 13, 16, 12], [13, 4, 14, 5], [3, 14, 4, 15], [19, 17, 20, 16], [7, 21, 8, 20], [5, 18, 6, 19]]"
11a_181_162,"[[5, 18, 6, 19], [17, 6, 18, 7], [11, 3, 12, 2], [21, 11, 22, 10], [9, 1, 10, 22], [1, 9, 2, 8], [15, 13, 16, 12], [13, 4, 14, 5], [3, 14, 4, 15], [19, 17, 20, 16], [7, 21, 8, 20]]"
11a_181_163,"[[7, 21, 8, 20], [5, 18, 6, 19], [17, 6, 18, 7], [11, 3, 12, 2], [21, 11, 22, 10], [9, 1, 10, 22], [1, 9, 2, 8], [15, 13, 16, 12], [13, 4, 14, 5], [3, 14, 4, 15], [19, 17, 20, 16]]"
11a_181_164,"[[19, 17, 20, 16], [7, 21, 8, 20], [5, 18, 6, 19], [17, 6, 18, 7], [11, 3, 12, 2], [21, 11, 22, 10], [9, 1, 10, 22], [1, 9, 2, 8], [15, 13, 16, 12], [13, 4, 14, 5], [3, 14, 4, 15]]"
11a_181_165,"[[4, 15, 5, 16], [20, 18, 21, 17], [8, 22, 9, 21], [6, 19, 7, 20], [18, 7, 19, 8], [12, 4, 13, 3], [22, 12, 1, 11], [10, 2, 11, 1], [2, 10, 3, 9], [16, 14, 17, 13], [14, 5, 15, 6]]"
11a_181_166,"[[14, 5, 15, 6], [4, 15, 5, 16], [20, 18, 21, 17], [8, 22, 9, 21], [6, 19, 7, 20], [18, 7, 19, 8], [12, 4, 13, 3], [22, 12, 1, 11], [10, 2, 11, 1], [2, 10, 3, 9], [16, 14, 17, 13]]"
11a_181_167,"[[16, 14, 17, 13], [14, 5, 15, 6], [4, 15, 5, 16], [20, 18, 21, 17], [8, 22, 9, 21], [6, 19, 7, 20], [18, 7, 19, 8], [12, 4, 13, 3], [22, 12, 1, 11], [10, 2, 11, 1], [2, 10, 3, 9]]"
11a_181_168,"[[2, 10, 3, 9], [16, 14, 17, 13], [14, 5, 15, 6], [4, 15, 5, 16], [20, 18, 21, 17], [8, 22, 9, 21], [6, 19, 7, 20], [18, 7, 19, 8], [12, 4, 13, 3], [22, 12, 1, 11], [10, 2, 11, 1]]"
11a_181_169,"[[10, 2, 11, 1], [2, 10, 3, 9], [16, 14, 17, 13], [14, 5, 15, 6], [4, 15, 5, 16], [20, 18, 21, 17], [8, 22, 9, 21], [6, 19, 7, 20], [18, 7, 19, 8], [12, 4, 13, 3], [22, 12, 1, 11]]"
11a_181_170,"[[22, 12, 1, 11], [10, 2, 11, 1], [2, 10, 3, 9], [16, 14, 17, 13], [14, 5, 15, 6], [4, 15, 5, 16], [20, 18, 21, 17], [8, 22, 9, 21], [6, 19, 7, 20], [18, 7, 19, 8], [12, 4, 13, 3]]"
11a_181_171,"[[12, 4, 13, 3], [22, 12, 1, 11], [10, 2, 11, 1], [2, 10, 3, 9], [16, 14, 17, 13], [14, 5, 15, 6], [4, 15, 5, 16], [20, 18, 21, 17], [8, 22, 9, 21], [6, 19, 7, 20], [18, 7, 19, 8]]"
11a_181_172,"[[18, 7, 19, 8], [12, 4, 13, 3], [22, 12, 1, 11], [10, 2, 11, 1], [2, 10, 3, 9], [16, 14, 17, 13], [14, 5, 15, 6], [4, 15, 5, 16], [20, 18, 21, 17], [8, 22, 9, 21], [6, 19, 7, 20]]"
11a_181_173,"[[6, 19, 7, 20], [18, 7, 19, 8], [12, 4, 13, 3], [22, 12, 1, 11], [10, 2, 11, 1], [2, 10, 3, 9], [16, 14, 17, 13], [14, 5, 15, 6], [4, 15, 5, 16], [20, 18, 21, 17], [8, 22, 9, 21]]"
11a_181_174,"[[8, 22, 9, 21], [6, 19, 7, 20], [18, 7, 19, 8], [12, 4, 13, 3], [22, 12, 1, 11], [10, 2, 11, 1], [2, 10, 3, 9], [16, 14, 17, 13], [14, 5, 15, 6], [4, 15, 5, 16], [20, 18, 21, 17]]"
11a_181_175,"[[20, 18, 21, 17], [8, 22, 9, 21], [6, 19, 7, 20], [18, 7, 19, 8], [12, 4, 13, 3], [22, 12, 1, 11], [10, 2, 11, 1], [2, 10, 3, 9], [16, 14, 17, 13], [14, 5, 15, 6], [4, 15, 5, 16]]"
11a_181_176,"[[5, 16, 6, 17], [21, 19, 22, 18], [9, 1, 10, 22], [7, 20, 8, 21], [19, 8, 20, 9], [13, 5, 14, 4], [1, 13, 2, 12], [11, 3, 12, 2], [3, 11, 4, 10], [17, 15, 18, 14], [15, 6, 16, 7]]"
11a_181_177,"[[15, 6, 16, 7], [5, 16, 6, 17], [21, 19, 22, 18], [9, 1, 10, 22], [7, 20, 8, 21], [19, 8, 20, 9], [13, 5, 14, 4], [1, 13, 2, 12], [11, 3, 12, 2], [3, 11, 4, 10], [17, 15, 18, 14]]"
11a_181_178,"[[17, 15, 18, 14], [15, 6, 16, 7], [5, 16, 6, 17], [21, 19, 22, 18], [9, 1, 10, 22], [7, 20, 8, 21], [19, 8, 20, 9], [13, 5, 14, 4], [1, 13, 2, 12], [11, 3, 12, 2], [3, 11, 4, 10]]"
11a_181_179,"[[3, 11, 4, 10], [17, 15, 18, 14], [15, 6, 16, 7], [5, 16, 6, 17], [21, 19, 22, 18], [9, 1, 10, 22], [7, 20, 8, 21], [19, 8, 20, 9], [13, 5, 14, 4], [1, 13, 2, 12], [11, 3, 12, 2]]"
11a_181_180,"[[11, 3, 12, 2], [3, 11, 4, 10], [17, 15, 18, 14], [15, 6, 16, 7], [5, 16, 6, 17], [21, 19, 22, 18], [9, 1, 10, 22], [7, 20, 8, 21], [19, 8, 20, 9], [13, 5, 14, 4], [1, 13, 2, 12]]"
11a_181_181,"[[1, 13, 2, 12], [11, 3, 12, 2], [3, 11, 4, 10], [17, 15, 18, 14], [15, 6, 16, 7], [5, 16, 6, 17], [21, 19, 22, 18], [9, 1, 10, 22], [7, 20, 8, 21], [19, 8, 20, 9], [13, 5, 14, 4]]"
11a_181_182,"[[13, 5, 14, 4], [1, 13, 2, 12], [11, 3, 12, 2], [3, 11, 4, 10], [17, 15, 18, 14], [15, 6, 16, 7], [5, 16, 6, 17], [21, 19, 22, 18], [9, 1, 10, 22], [7, 20, 8, 21], [19, 8, 20, 9]]"
11a_181_183,"[[19, 8, 20, 9], [13, 5, 14, 4], [1, 13, 2, 12], [11, 3, 12, 2], [3, 11, 4, 10], [17, 15, 18, 14], [15, 6, 16, 7], [5, 16, 6, 17], [21, 19, 22, 18], [9, 1, 10, 22], [7, 20, 8, 21]]"
11a_181_184,"[[7, 20, 8, 21], [19, 8, 20, 9], [13, 5, 14, 4], [1, 13, 2, 12], [11, 3, 12, 2], [3, 11, 4, 10], [17, 15, 18, 14], [15, 6, 16, 7], [5, 16, 6, 17], [21, 19, 22, 18], [9, 1, 10, 22]]"
11a_181_185,"[[9, 1, 10, 22], [7, 20, 8, 21], [19, 8, 20, 9], [13, 5, 14, 4], [1, 13, 2, 12], [11, 3, 12, 2], [3, 11, 4, 10], [17, 15, 18, 14], [15, 6, 16, 7], [5, 16, 6, 17], [21, 19, 22, 18]]"
11a_181_186,"[[21, 19, 22, 18], [9, 1, 10, 22], [7, 20, 8, 21], [19, 8, 20, 9], [13, 5, 14, 4], [1, 13, 2, 12], [11, 3, 12, 2], [3, 11, 4, 10], [17, 15, 18, 14], [15, 6, 16, 7], [5, 16, 6, 17]]"
11a_181_187,"[[6, 17, 7, 18], [22, 20, 1, 19], [10, 2, 11, 1], [8, 21, 9, 22], [20, 9, 21, 10], [14, 6, 15, 5], [2, 14, 3, 13], [12, 4, 13, 3], [4, 12, 5, 11], [18, 16, 19, 15], [16, 7, 17, 8]]"
11a_181_188,"[[16, 7, 17, 8], [6, 17, 7, 18], [22, 20, 1, 19], [10, 2, 11, 1], [8, 21, 9, 22], [20, 9, 21, 10], [14, 6, 15, 5], [2, 14, 3, 13], [12, 4, 13, 3], [4, 12, 5, 11], [18, 16, 19, 15]]"
11a_181_189,"[[18, 16, 19, 15], [16, 7, 17, 8], [6, 17, 7, 18], [22, 20, 1, 19], [10, 2, 11, 1], [8, 21, 9, 22], [20, 9, 21, 10], [14, 6, 15, 5], [2, 14, 3, 13], [12, 4, 13, 3], [4, 12, 5, 11]]"
11a_181_190,"[[4, 12, 5, 11], [18, 16, 19, 15], [16, 7, 17, 8], [6, 17, 7, 18], [22, 20, 1, 19], [10, 2, 11, 1], [8, 21, 9, 22], [20, 9, 21, 10], [14, 6, 15, 5], [2, 14, 3, 13], [12, 4, 13, 3]]"
11a_181_191,"[[12, 4, 13, 3], [4, 12, 5, 11], [18, 16, 19, 15], [16, 7, 17, 8], [6, 17, 7, 18], [22, 20, 1, 19], [10, 2, 11, 1], [8, 21, 9, 22], [20, 9, 21, 10], [14, 6, 15, 5], [2, 14, 3, 13]]"
11a_181_192,"[[2, 14, 3, 13], [12, 4, 13, 3], [4, 12, 5, 11], [18, 16, 19, 15], [16, 7, 17, 8], [6, 17, 7, 18], [22, 20, 1, 19], [10, 2, 11, 1], [8, 21, 9, 22], [20, 9, 21, 10], [14, 6, 15, 5]]"
11a_181_193,"[[14, 6, 15, 5], [2, 14, 3, 13], [12, 4, 13, 3], [4, 12, 5, 11], [18, 16, 19, 15], [16, 7, 17, 8], [6, 17, 7, 18], [22, 20, 1, 19], [10, 2, 11, 1], [8, 21, 9, 22], [20, 9, 21, 10]]"
11a_181_194,"[[20, 9, 21, 10], [14, 6, 15, 5], [2, 14, 3, 13], [12, 4, 13, 3], [4, 12, 5, 11], [18, 16, 19, 15], [16, 7, 17, 8], [6, 17, 7, 18], [22, 20, 1, 19], [10, 2, 11, 1], [8, 21, 9, 22]]"
11a_181_195,"[[8, 21, 9, 22], [20, 9, 21, 10], [14, 6, 15, 5], [2, 14, 3, 13], [12, 4, 13, 3], [4, 12, 5, 11], [18, 16, 19, 15], [16, 7, 17, 8], [6, 17, 7, 18], [22, 20, 1, 19], [10, 2, 11, 1]]"
11a_181_196,"[[10, 2, 11, 1], [8, 21, 9, 22], [20, 9, 21, 10], [14, 6, 15, 5], [2, 14, 3, 13], [12, 4, 13, 3], [4, 12, 5, 11], [18, 16, 19, 15], [16, 7, 17, 8], [6, 17, 7, 18], [22, 20, 1, 19]]"
11a_181_197,"[[22, 20, 1, 19], [10, 2, 11, 1], [8, 21, 9, 22], [20, 9, 21, 10], [14, 6, 15, 5], [2, 14, 3, 13], [12, 4, 13, 3], [4, 12, 5, 11], [18, 16, 19, 15], [16, 7, 17, 8], [6, 17, 7, 18]]"
11a_181_198,"[[7, 18, 8, 19], [1, 21, 2, 20], [11, 3, 12, 2], [9, 22, 10, 1], [21, 10, 22, 11], [15, 7, 16, 6], [3, 15, 4, 14], [13, 5, 14, 4], [5, 13, 6, 12], [19, 17, 20, 16], [17, 8, 18, 9]]"
11a_181_199,"[[17, 8, 18, 9], [7, 18, 8, 19], [1, 21, 2, 20], [11, 3, 12, 2], [9, 22, 10, 1], [21, 10, 22, 11], [15, 7, 16, 6], [3, 15, 4, 14], [13, 5, 14, 4], [5, 13, 6, 12], [19, 17, 20, 16]]"
11a_181_200,"[[19, 17, 20, 16], [17, 8, 18, 9], [7, 18, 8, 19], [1, 21, 2, 20], [11, 3, 12, 2], [9, 22, 10, 1], [21, 10, 22, 11], [15, 7, 16, 6], [3, 15, 4, 14], [13, 5, 14, 4], [5, 13, 6, 12]]"
11a_181_201,"[[5, 13, 6, 12], [19, 17, 20, 16], [17, 8, 18, 9], [7, 18, 8, 19], [1, 21, 2, 20], [11, 3, 12, 2], [9, 22, 10, 1], [21, 10, 22, 11], [15, 7, 16, 6], [3, 15, 4, 14], [13, 5, 14, 4]]"
11a_181_202,"[[13, 5, 14, 4], [5, 13, 6, 12], [19, 17, 20, 16], [17, 8, 18, 9], [7, 18, 8, 19], [1, 21, 2, 20], [11, 3, 12, 2], [9, 22, 10, 1], [21, 10, 22, 11], [15, 7, 16, 6], [3, 15, 4, 14]]"
11a_181_203,"[[3, 15, 4, 14], [13, 5, 14, 4], [5, 13, 6, 12], [19, 17, 20, 16], [17, 8, 18, 9], [7, 18, 8, 19], [1, 21, 2, 20], [11, 3, 12, 2], [9, 22, 10, 1], [21, 10, 22, 11], [15, 7, 16, 6]]"
