name,pd_notation
11a_126_0,"[[3, 11, 4, 10], [5, 3, 6, 2], [11, 5, 12, 4], [17, 12, 18, 13], [9, 16, 10, 17], [7, 21, 8, 20], [15, 6, 16, 7], [21, 9, 22, 8], [19, 1, 20, 22], [1, 14, 2, 15], [13, 18, 14, 19]]"
11a_126_1,"[[13, 18, 14, 19], [3, 11, 4, 10], [5, 3, 6, 2], [11, 5, 12, 4], [17, 12, 18, 13], [9, 16, 10, 17], [7, 21, 8, 20], [15, 6, 16, 7], [21, 9, 22, 8], [19, 1, 20, 22], [1, 14, 2, 15]]"
11a_126_2,"[[1, 14, 2, 15], [13, 18, 14, 19], [3, 11, 4, 10], [5, 3, 6, 2], [11, 5, 12, 4], [17, 12, 18, 13], [9, 16, 10, 17], [7, 21, 8, 20], [15, 6, 16, 7], [21, 9, 22, 8], [19, 1, 20, 22]]"
11a_126_3,"[[19, 1, 20, 22], [1, 14, 2, 15], [13, 18, 14, 19], [3, 11, 4, 10], [5, 3, 6, 2], [11, 5, 12, 4], [17, 12, 18, 13], [9, 16, 10, 17], [7, 21, 8, 20], [15, 6, 16, 7], [21, 9, 22, 8]]"
11a_126_4,"[[21, 9, 22, 8], [19, 1, 20, 22], [1, 14, 2, 15], [13, 18, 14, 19], [3, 11, 4, 10], [5, 3, 6, 2], [11, 5, 12, 4], [17, 12, 18, 13], [9, 16, 10, 17], [7, 21, 8, 20], [15, 6, 16, 7]]"
11a_126_5,"[[15, 6, 16, 7], [21, 9, 22, 8], [19, 1, 20, 22], [1, 14, 2, 15], [13, 18, 14, 19], [3, 11, 4, 10], [5, 3, 6, 2], [11, 5, 12, 4], [17, 12, 18, 13], [9, 16, 10, 17], [7, 21, 8, 20]]"
11a_126_6,"[[7, 21, 8, 20], [15, 6, 16, 7], [21, 9, 22, 8], [19, 1, 20, 22], [1, 14, 2, 15], [13, 18, 14, 19], [3, 11, 4, 10], [5, 3, 6, 2], [11, 5, 12, 4], [17, 12, 18, 13], [9, 16, 10, 17]]"
11a_126_7,"[[9, 16, 10, 17], [7, 21, 8, 20], [15, 6, 16, 7], [21, 9, 22, 8], [19, 1, 20, 22], [1, 14, 2, 15], [13, 18, 14, 19], [3, 11, 4, 10], [5, 3, 6, 2], [11, 5, 12, 4], [17, 12, 18, 13]]"
11a_126_8,"[[17, 12, 18, 13], [9, 16, 10, 17], [7, 21, 8, 20], [15, 6, 16, 7], [21, 9, 22, 8], [19, 1, 20, 22], [1, 14, 2, 15], [13, 18, 14, 19], [3, 11, 4, 10], [5, 3, 6, 2], [11, 5, 12, 4]]"
11a_126_9,"[[11, 5, 12, 4], [17, 12, 18, 13], [9, 16, 10, 17], [7, 21, 8, 20], [15, 6, 16, 7], [21, 9, 22, 8], [19, 1, 20, 22], [1, 14, 2, 15], [13, 18, 14, 19], [3, 11, 4, 10], [5, 3, 6, 2]]"
11a_126_10,"[[5, 3, 6, 2], [11, 5, 12, 4], [17, 12, 18, 13], [9, 16, 10, 17], [7, 21, 8, 20], [15, 6, 16, 7], [21, 9, 22, 8], [19, 1, 20, 22], [1, 14, 2, 15], [13, 18, 14, 19], [3, 11, 4, 10]]"
11a_126_11,"[[4, 12, 5, 11], [6, 4, 7, 3], [12, 6, 13, 5], [18, 13, 19, 14], [10, 17, 11, 18], [8, 22, 9, 21], [16, 7, 17, 8], [22, 10, 1, 9], [20, 2, 21, 1], [2, 15, 3, 16], [14, 19, 15, 20]]"
11a_126_12,"[[14, 19, 15, 20], [4, 12, 5, 11], [6, 4, 7, 3], [12, 6, 13, 5], [18, 13, 19, 14], [10, 17, 11, 18], [8, 22, 9, 21], [16, 7, 17, 8], [22, 10, 1, 9], [20, 2, 21, 1], [2, 15, 3, 16]]"
11a_126_13,"[[2, 15, 3, 16], [14, 19, 15, 20], [4, 12, 5, 11], [6, 4, 7, 3], [12, 6, 13, 5], [18, 13, 19, 14], [10, 17, 11, 18], [8, 22, 9, 21], [16, 7, 17, 8], [22, 10, 1, 9], [20, 2, 21, 1]]"
11a_126_14,"[[20, 2, 21, 1], [2, 15, 3, 16], [14, 19, 15, 20], [4, 12, 5, 11], [6, 4, 7, 3], [12, 6, 13, 5], [18, 13, 19, 14], [10, 17, 11, 18], [8, 22, 9, 21], [16, 7, 17, 8], [22, 10, 1, 9]]"
11a_126_15,"[[22, 10, 1, 9], [20, 2, 21, 1], [2, 15, 3, 16], [14, 19, 15, 20], [4, 12, 5, 11], [6, 4, 7, 3], [12, 6, 13, 5], [18, 13, 19, 14], [10, 17, 11, 18], [8, 22, 9, 21], [16, 7, 17, 8]]"
11a_126_16,"[[16, 7, 17, 8], [22, 10, 1, 9], [20, 2, 21, 1], [2, 15, 3, 16], [14, 19, 15, 20], [4, 12, 5, 11], [6, 4, 7, 3], [12, 6, 13, 5], [18, 13, 19, 14], [10, 17, 11, 18], [8, 22, 9, 21]]"
11a_126_17,"[[8, 22, 9, 21], [16, 7, 17, 8], [22, 10, 1, 9], [20, 2, 21, 1], [2, 15, 3, 16], [14, 19, 15, 20], [4, 12, 5, 11], [6, 4, 7, 3], [12, 6, 13, 5], [18, 13, 19, 14], [10, 17, 11, 18]]"
11a_126_18,"[[10, 17, 11, 18], [8, 22, 9, 21], [16, 7, 17, 8], [22, 10, 1, 9], [20, 2, 21, 1], [2, 15, 3, 16], [14, 19, 15, 20], [4, 12, 5, 11], [6, 4, 7, 3], [12, 6, 13, 5], [18, 13, 19, 14]]"
11a_126_19,"[[18, 13, 19, 14], [10, 17, 11, 18], [8, 22, 9, 21], [16, 7, 17, 8], [22, 10, 1, 9], [20, 2, 21, 1], [2, 15, 3, 16], [14, 19, 15, 20], [4, 12, 5, 11], [6, 4, 7, 3], [12, 6, 13, 5]]"
11a_126_20,"[[12, 6, 13, 5], [18, 13, 19, 14], [10, 17, 11, 18], [8, 22, 9, 21], [16, 7, 17, 8], [22, 10, 1, 9], [20, 2, 21, 1], [2, 15, 3, 16], [14, 19, 15, 20], [4, 12, 5, 11], [6, 4, 7, 3]]"
11a_126_21,"[[6, 4, 7, 3], [12, 6, 13, 5], [18, 13, 19, 14], [10, 17, 11, 18], [8, 22, 9, 21], [16, 7, 17, 8], [22, 10, 1, 9], [20, 2, 21, 1], [2, 15, 3, 16], [14, 19, 15, 20], [4, 12, 5, 11]]"
11a_126_22,"[[5, 13, 6, 12], [7, 5, 8, 4], [13, 7, 14, 6], [19, 14, 20, 15], [11, 18, 12, 19], [9, 1, 10, 22], [17, 8, 18, 9], [1, 11, 2, 10], [21, 3, 22, 2], [3, 16, 4, 17], [15, 20, 16, 21]]"
11a_126_23,"[[15, 20, 16, 21], [5, 13, 6, 12], [7, 5, 8, 4], [13, 7, 14, 6], [19, 14, 20, 15], [11, 18, 12, 19], [9, 1, 10, 22], [17, 8, 18, 9], [1, 11, 2, 10], [21, 3, 22, 2], [3, 16, 4, 17]]"
11a_126_24,"[[3, 16, 4, 17], [15, 20, 16, 21], [5, 13, 6, 12], [7, 5, 8, 4], [13, 7, 14, 6], [19, 14, 20, 15], [11, 18, 12, 19], [9, 1, 10, 22], [17, 8, 18, 9], [1, 11, 2, 10], [21, 3, 22, 2]]"
11a_126_25,"[[21, 3, 22, 2], [3, 16, 4, 17], [15, 20, 16, 21], [5, 13, 6, 12], [7, 5, 8, 4], [13, 7, 14, 6], [19, 14, 20, 15], [11, 18, 12, 19], [9, 1, 10, 22], [17, 8, 18, 9], [1, 11, 2, 10]]"
11a_126_26,"[[1, 11, 2, 10], [21, 3, 22, 2], [3, 16, 4, 17], [15, 20, 16, 21], [5, 13, 6, 12], [7, 5, 8, 4], [13, 7, 14, 6], [19, 14, 20, 15], [11, 18, 12, 19], [9, 1, 10, 22], [17, 8, 18, 9]]"
11a_126_27,"[[17, 8, 18, 9], [1, 11, 2, 10], [21, 3, 22, 2], [3, 16, 4, 17], [15, 20, 16, 21], [5, 13, 6, 12], [7, 5, 8, 4], [13, 7, 14, 6], [19, 14, 20, 15], [11, 18, 12, 19], [9, 1, 10, 22]]"
11a_126_28,"[[9, 1, 10, 22], [17, 8, 18, 9], [1, 11, 2, 10], [21, 3, 22, 2], [3, 16, 4, 17], [15, 20, 16, 21], [5, 13, 6, 12], [7, 5, 8, 4], [13, 7, 14, 6], [19, 14, 20, 15], [11, 18, 12, 19]]"
11a_126_29,"[[11, 18, 12, 19], [9, 1, 10, 22], [17, 8, 18, 9], [1, 11, 2, 10], [21, 3, 22, 2], [3, 16, 4, 17], [15, 20, 16, 21], [5, 13, 6, 12], [7, 5, 8, 4], [13, 7, 14, 6], [19, 14, 20, 15]]"
11a_126_30,"[[19, 14, 20, 15], [11, 18, 12, 19], [9, 1, 10, 22], [17, 8, 18, 9], [1, 11, 2, 10], [21, 3, 22, 2], [3, 16, 4, 17], [15, 20, 16, 21], [5, 13, 6, 12], [7, 5, 8, 4], [13, 7, 14, 6]]"
11a_126_31,"[[13, 7, 14, 6], [19, 14, 20, 15], [11, 18, 12, 19], [9, 1, 10, 22], [17, 8, 18, 9], [1, 11, 2, 10], [21, 3, 22, 2], [3, 16, 4, 17], [15, 20, 16, 21], [5, 13, 6, 12], [7, 5, 8, 4]]"
11a_126_32,"[[7, 5, 8, 4], [13, 7, 14, 6], [19, 14, 20, 15], [11, 18, 12, 19], [9, 1, 10, 22], [17, 8, 18, 9], [1, 11, 2, 10], [21, 3, 22, 2], [3, 16, 4, 17], [15, 20, 16, 21], [5, 13, 6, 12]]"
11a_126_33,"[[6, 14, 7, 13], [8, 6, 9, 5], [14, 8, 15, 7], [20, 15, 21, 16], [12, 19, 13, 20], [10, 2, 11, 1], [18, 9, 19, 10], [2, 12, 3, 11], [22, 4, 1, 3], [4, 17, 5, 18], [16, 21, 17, 22]]"
11a_126_34,"[[16, 21, 17, 22], [6, 14, 7, 13], [8, 6, 9, 5], [14, 8, 15, 7], [20, 15, 21, 16], [12, 19, 13, 20], [10, 2, 11, 1], [18, 9, 19, 10], [2, 12, 3, 11], [22, 4, 1, 3], [4, 17, 5, 18]]"
11a_126_35,"[[4, 17, 5, 18], [16, 21, 17, 22], [6, 14, 7, 13], [8, 6, 9, 5], [14, 8, 15, 7], [20, 15, 21, 16], [12, 19, 13, 20], [10, 2, 11, 1], [18, 9, 19, 10], [2, 12, 3, 11], [22, 4, 1, 3]]"
11a_126_36,"[[22, 4, 1, 3], [4, 17, 5, 18], [16, 21, 17, 22], [6, 14, 7, 13], [8, 6, 9, 5], [14, 8, 15, 7], [20, 15, 21, 16], [12, 19, 13, 20], [10, 2, 11, 1], [18, 9, 19, 10], [2, 12, 3, 11]]"
11a_126_37,"[[2, 12, 3, 11], [22, 4, 1, 3], [4, 17, 5, 18], [16, 21, 17, 22], [6, 14, 7, 13], [8, 6, 9, 5], [14, 8, 15, 7], [20, 15, 21, 16], [12, 19, 13, 20], [10, 2, 11, 1], [18, 9, 19, 10]]"
11a_126_38,"[[18, 9, 19, 10], [2, 12, 3, 11], [22, 4, 1, 3], [4, 17, 5, 18], [16, 21, 17, 22], [6, 14, 7, 13], [8, 6, 9, 5], [14, 8, 15, 7], [20, 15, 21, 16], [12, 19, 13, 20], [10, 2, 11, 1]]"
11a_126_39,"[[10, 2, 11, 1], [18, 9, 19, 10], [2, 12, 3, 11], [22, 4, 1, 3], [4, 17, 5, 18], [16, 21, 17, 22], [6, 14, 7, 13], [8, 6, 9, 5], [14, 8, 15, 7], [20, 15, 21, 16], [12, 19, 13, 20]]"
11a_126_40,"[[12, 19, 13, 20], [10, 2, 11, 1], [18, 9, 19, 10], [2, 12, 3, 11], [22, 4, 1, 3], [4, 17, 5, 18], [16, 21, 17, 22], [6, 14, 7, 13], [8, 6, 9, 5], [14, 8, 15, 7], [20, 15, 21, 16]]"
11a_126_41,"[[20, 15, 21, 16], [12, 19, 13, 20], [10, 2, 11, 1], [18, 9, 19, 10], [2, 12, 3, 11], [22, 4, 1, 3], [4, 17, 5, 18], [16, 21, 17, 22], [6, 14, 7, 13], [8, 6, 9, 5], [14, 8, 15, 7]]"
11a_126_42,"[[14, 8, 15, 7], [20, 15, 21, 16], [12, 19, 13, 20], [10, 2, 11, 1], [18, 9, 19, 10], [2, 12, 3, 11], [22, 4, 1, 3], [4, 17, 5, 18], [16, 21, 17, 22], [6, 14, 7, 13], [8, 6, 9, 5]]"
11a_126_43,"[[8, 6, 9, 5], [14, 8, 15, 7], [20, 15, 21, 16], [12, 19, 13, 20], [10, 2, 11, 1], [18, 9, 19, 10], [2, 12, 3, 11], [22, 4, 1, 3], [4, 17, 5, 18], [16, 21, 17, 22], [6, 14, 7, 13]]"
11a_126_44,"[[7, 15, 8, 14], [9, 7, 10, 6], [15, 9, 16, 8], [21, 16, 22, 17], [13, 20, 14, 21], [11, 3, 12, 2], [19, 10, 20, 11], [3, 13, 4, 12], [1, 5, 2, 4], [5, 18, 6, 19], [17, 22, 18, 1]]"
11a_126_45,"[[17, 22, 18, 1], [7, 15, 8, 14], [9, 7, 10, 6], [15, 9, 16, 8], [21, 16, 22, 17], [13, 20, 14, 21], [11, 3, 12, 2], [19, 10, 20, 11], [3, 13, 4, 12], [1, 5, 2, 4], [5, 18, 6, 19]]"
11a_126_46,"[[5, 18, 6, 19], [17, 22, 18, 1], [7, 15, 8, 14], [9, 7, 10, 6], [15, 9, 16, 8], [21, 16, 22, 17], [13, 20, 14, 21], [11, 3, 12, 2], [19, 10, 20, 11], [3, 13, 4, 12], [1, 5, 2, 4]]"
11a_126_47,"[[1, 5, 2, 4], [5, 18, 6, 19], [17, 22, 18, 1], [7, 15, 8, 14], [9, 7, 10, 6], [15, 9, 16, 8], [21, 16, 22, 17], [13, 20, 14, 21], [11, 3, 12, 2], [19, 10, 20, 11], [3, 13, 4, 12]]"
11a_126_48,"[[3, 13, 4, 12], [1, 5, 2, 4], [5, 18, 6, 19], [17, 22, 18, 1], [7, 15, 8, 14], [9, 7, 10, 6], [15, 9, 16, 8], [21, 16, 22, 17], [13, 20, 14, 21], [11, 3, 12, 2], [19, 10, 20, 11]]"
11a_126_49,"[[19, 10, 20, 11], [3, 13, 4, 12], [1, 5, 2, 4], [5, 18, 6, 19], [17, 22, 18, 1], [7, 15, 8, 14], [9, 7, 10, 6], [15, 9, 16, 8], [21, 16, 22, 17], [13, 20, 14, 21], [11, 3, 12, 2]]"
11a_126_50,"[[11, 3, 12, 2], [19, 10, 20, 11], [3, 13, 4, 12], [1, 5, 2, 4], [5, 18, 6, 19], [17, 22, 18, 1], [7, 15, 8, 14], [9, 7, 10, 6], [15, 9, 16, 8], [21, 16, 22, 17], [13, 20, 14, 21]]"
11a_126_51,"[[13, 20, 14, 21], [11, 3, 12, 2], [19, 10, 20, 11], [3, 13, 4, 12], [1, 5, 2, 4], [5, 18, 6, 19], [17, 22, 18, 1], [7, 15, 8, 14], [9, 7, 10, 6], [15, 9, 16, 8], [21, 16, 22, 17]]"
11a_126_52,"[[21, 16, 22, 17], [13, 20, 14, 21], [11, 3, 12, 2], [19, 10, 20, 11], [3, 13, 4, 12], [1, 5, 2, 4], [5, 18, 6, 19], [17, 22, 18, 1], [7, 15, 8, 14], [9, 7, 10, 6], [15, 9, 16, 8]]"
11a_126_53,"[[15, 9, 16, 8], [21, 16, 22, 17], [13, 20, 14, 21], [11, 3, 12, 2], [19, 10, 20, 11], [3, 13, 4, 12], [1, 5, 2, 4], [5, 18, 6, 19], [17, 22, 18, 1], [7, 15, 8, 14], [9, 7, 10, 6]]"
11a_126_54,"[[9, 7, 10, 6], [15, 9, 16, 8], [21, 16, 22, 17], [13, 20, 14, 21], [11, 3, 12, 2], [19, 10, 20, 11], [3, 13, 4, 12], [1, 5, 2, 4], [5, 18, 6, 19], [17, 22, 18, 1], [7, 15, 8, 14]]"
11a_126_55,"[[8, 16, 9, 15], [10, 8, 11, 7], [16, 10, 17, 9], [22, 17, 1, 18], [14, 21, 15, 22], [12, 4, 13, 3], [20, 11, 21, 12], [4, 14, 5, 13], [2, 6, 3, 5], [6, 19, 7, 20], [18, 1, 19, 2]]"
11a_126_56,"[[18, 1, 19, 2], [8, 16, 9, 15], [10, 8, 11, 7], [16, 10, 17, 9], [22, 17, 1, 18], [14, 21, 15, 22], [12, 4, 13, 3], [20, 11, 21, 12], [4, 14, 5, 13], [2, 6, 3, 5], [6, 19, 7, 20]]"
11a_126_57,"[[6, 19, 7, 20], [18, 1, 19, 2], [8, 16, 9, 15], [10, 8, 11, 7], [16, 10, 17, 9], [22, 17, 1, 18], [14, 21, 15, 22], [12, 4, 13, 3], [20, 11, 21, 12], [4, 14, 5, 13], [2, 6, 3, 5]]"
11a_126_58,"[[2, 6, 3, 5], [6, 19, 7, 20], [18, 1, 19, 2], [8, 16, 9, 15], [10, 8, 11, 7], [16, 10, 17, 9], [22, 17, 1, 18], [14, 21, 15, 22], [12, 4, 13, 3], [20, 11, 21, 12], [4, 14, 5, 13]]"
11a_126_59,"[[4, 14, 5, 13], [2, 6, 3, 5], [6, 19, 7, 20], [18, 1, 19, 2], [8, 16, 9, 15], [10, 8, 11, 7], [16, 10, 17, 9], [22, 17, 1, 18], [14, 21, 15, 22], [12, 4, 13, 3], [20, 11, 21, 12]]"
11a_126_60,"[[20, 11, 21, 12], [4, 14, 5, 13], [2, 6, 3, 5], [6, 19, 7, 20], [18, 1, 19, 2], [8, 16, 9, 15], [10, 8, 11, 7], [16, 10, 17, 9], [22, 17, 1, 18], [14, 21, 15, 22], [12, 4, 13, 3]]"
11a_126_61,"[[12, 4, 13, 3], [20, 11, 21, 12], [4, 14, 5, 13], [2, 6, 3, 5], [6, 19, 7, 20], [18, 1, 19, 2], [8, 16, 9, 15], [10, 8, 11, 7], [16, 10, 17, 9], [22, 17, 1, 18], [14, 21, 15, 22]]"
11a_126_62,"[[14, 21, 15, 22], [12, 4, 13, 3], [20, 11, 21, 12], [4, 14, 5, 13], [2, 6, 3, 5], [6, 19, 7, 20], [18, 1, 19, 2], [8, 16, 9, 15], [10, 8, 11, 7], [16, 10, 17, 9], [22, 17, 1, 18]]"
11a_126_63,"[[22, 17, 1, 18], [14, 21, 15, 22], [12, 4, 13, 3], [20, 11, 21, 12], [4, 14, 5, 13], [2, 6, 3, 5], [6, 19, 7, 20], [18, 1, 19, 2], [8, 16, 9, 15], [10, 8, 11, 7], [16, 10, 17, 9]]"
11a_126_64,"[[16, 10, 17, 9], [22, 17, 1, 18], [14, 21, 15, 22], [12, 4, 13, 3], [20, 11, 21, 12], [4, 14, 5, 13], [2, 6, 3, 5], [6, 19, 7, 20], [18, 1, 19, 2], [8, 16, 9, 15], [10, 8, 11, 7]]"
11a_126_65,"[[10, 8, 11, 7], [16, 10, 17, 9], [22, 17, 1, 18], [14, 21, 15, 22], [12, 4, 13, 3], [20, 11, 21, 12], [4, 14, 5, 13], [2, 6, 3, 5], [6, 19, 7, 20], [18, 1, 19, 2], [8, 16, 9, 15]]"
11a_126_66,"[[9, 17, 10, 16], [11, 9, 12, 8], [17, 11, 18, 10], [1, 18, 2, 19], [15, 22, 16, 1], [13, 5, 14, 4], [21, 12, 22, 13], [5, 15, 6, 14], [3, 7, 4, 6], [7, 20, 8, 21], [19, 2, 20, 3]]"
11a_126_67,"[[19, 2, 20, 3], [9, 17, 10, 16], [11, 9, 12, 8], [17, 11, 18, 10], [1, 18, 2, 19], [15, 22, 16, 1], [13, 5, 14, 4], [21, 12, 22, 13], [5, 15, 6, 14], [3, 7, 4, 6], [7, 20, 8, 21]]"
11a_126_68,"[[7, 20, 8, 21], [19, 2, 20, 3], [9, 17, 10, 16], [11, 9, 12, 8], [17, 11, 18, 10], [1, 18, 2, 19], [15, 22, 16, 1], [13, 5, 14, 4], [21, 12, 22, 13], [5, 15, 6, 14], [3, 7, 4, 6]]"
11a_126_69,"[[3, 7, 4, 6], [7, 20, 8, 21], [19, 2, 20, 3], [9, 17, 10, 16], [11, 9, 12, 8], [17, 11, 18, 10], [1, 18, 2, 19], [15, 22, 16, 1], [13, 5, 14, 4], [21, 12, 22, 13], [5, 15, 6, 14]]"
11a_126_70,"[[5, 15, 6, 14], [3, 7, 4, 6], [7, 20, 8, 21], [19, 2, 20, 3], [9, 17, 10, 16], [11, 9, 12, 8], [17, 11, 18, 10], [1, 18, 2, 19], [15, 22, 16, 1], [13, 5, 14, 4], [21, 12, 22, 13]]"
11a_126_71,"[[21, 12, 22, 13], [5, 15, 6, 14], [3, 7, 4, 6], [7, 20, 8, 21], [19, 2, 20, 3], [9, 17, 10, 16], [11, 9, 12, 8], [17, 11, 18, 10], [1, 18, 2, 19], [15, 22, 16, 1], [13, 5, 14, 4]]"
11a_126_72,"[[13, 5, 14, 4], [21, 12, 22, 13], [5, 15, 6, 14], [3, 7, 4, 6], [7, 20, 8, 21], [19, 2, 20, 3], [9, 17, 10, 16], [11, 9, 12, 8], [17, 11, 18, 10], [1, 18, 2, 19], [15, 22, 16, 1]]"
11a_126_73,"[[15, 22, 16, 1], [13, 5, 14, 4], [21, 12, 22, 13], [5, 15, 6, 14], [3, 7, 4, 6], [7, 20, 8, 21], [19, 2, 20, 3], [9, 17, 10, 16], [11, 9, 12, 8], [17, 11, 18, 10], [1, 18, 2, 19]]"
11a_126_74,"[[1, 18, 2, 19], [15, 22, 16, 1], [13, 5, 14, 4], [21, 12, 22, 13], [5, 15, 6, 14], [3, 7, 4, 6], [7, 20, 8, 21], [19, 2, 20, 3], [9, 17, 10, 16], [11, 9, 12, 8], [17, 11, 18, 10]]"
11a_126_75,"[[17, 11, 18, 10], [1, 18, 2, 19], [15, 22, 16, 1], [13, 5, 14, 4], [21, 12, 22, 13], [5, 15, 6, 14], [3, 7, 4, 6], [7, 20, 8, 21], [19, 2, 20, 3], [9, 17, 10, 16], [11, 9, 12, 8]]"
11a_126_76,"[[11, 9, 12, 8], [17, 11, 18, 10], [1, 18, 2, 19], [15, 22, 16, 1], [13, 5, 14, 4], [21, 12, 22, 13], [5, 15, 6, 14], [3, 7, 4, 6], [7, 20, 8, 21], [19, 2, 20, 3], [9, 17, 10, 16]]"
11a_126_77,"[[10, 18, 11, 17], [12, 10, 13, 9], [18, 12, 19, 11], [2, 19, 3, 20], [16, 1, 17, 2], [14, 6, 15, 5], [22, 13, 1, 14], [6, 16, 7, 15], [4, 8, 5, 7], [8, 21, 9, 22], [20, 3, 21, 4]]"
11a_126_78,"[[20, 3, 21, 4], [10, 18, 11, 17], [12, 10, 13, 9], [18, 12, 19, 11], [2, 19, 3, 20], [16, 1, 17, 2], [14, 6, 15, 5], [22, 13, 1, 14], [6, 16, 7, 15], [4, 8, 5, 7], [8, 21, 9, 22]]"
11a_126_79,"[[8, 21, 9, 22], [20, 3, 21, 4], [10, 18, 11, 17], [12, 10, 13, 9], [18, 12, 19, 11], [2, 19, 3, 20], [16, 1, 17, 2], [14, 6, 15, 5], [22, 13, 1, 14], [6, 16, 7, 15], [4, 8, 5, 7]]"
11a_126_80,"[[4, 8, 5, 7], [8, 21, 9, 22], [20, 3, 21, 4], [10, 18, 11, 17], [12, 10, 13, 9], [18, 12, 19, 11], [2, 19, 3, 20], [16, 1, 17, 2], [14, 6, 15, 5], [22, 13, 1, 14], [6, 16, 7, 15]]"
11a_126_81,"[[6, 16, 7, 15], [4, 8, 5, 7], [8, 21, 9, 22], [20, 3, 21, 4], [10, 18, 11, 17], [12, 10, 13, 9], [18, 12, 19, 11], [2, 19, 3, 20], [16, 1, 17, 2], [14, 6, 15, 5], [22, 13, 1, 14]]"
11a_126_82,"[[22, 13, 1, 14], [6, 16, 7, 15], [4, 8, 5, 7], [8, 21, 9, 22], [20, 3, 21, 4], [10, 18, 11, 17], [12, 10, 13, 9], [18, 12, 19, 11], [2, 19, 3, 20], [16, 1, 17, 2], [14, 6, 15, 5]]"
11a_126_83,"[[14, 6, 15, 5], [22, 13, 1, 14], [6, 16, 7, 15], [4, 8, 5, 7], [8, 21, 9, 22], [20, 3, 21, 4], [10, 18, 11, 17], [12, 10, 13, 9], [18, 12, 19, 11], [2, 19, 3, 20], [16, 1, 17, 2]]"
11a_126_84,"[[16, 1, 17, 2], [14, 6, 15, 5], [22, 13, 1, 14], [6, 16, 7, 15], [4, 8, 5, 7], [8, 21, 9, 22], [20, 3, 21, 4], [10, 18, 11, 17], [12, 10, 13, 9], [18, 12, 19, 11], [2, 19, 3, 20]]"
11a_126_85,"[[2, 19, 3, 20], [16, 1, 17, 2], [14, 6, 15, 5], [22, 13, 1, 14], [6, 16, 7, 15], [4, 8, 5, 7], [8, 21, 9, 22], [20, 3, 21, 4], [10, 18, 11, 17], [12, 10, 13, 9], [18, 12, 19, 11]]"
11a_126_86,"[[18, 12, 19, 11], [2, 19, 3, 20], [16, 1, 17, 2], [14, 6, 15, 5], [22, 13, 1, 14], [6, 16, 7, 15], [4, 8, 5, 7], [8, 21, 9, 22], [20, 3, 21, 4], [10, 18, 11, 17], [12, 10, 13, 9]]"
11a_126_87,"[[12, 10, 13, 9], [18, 12, 19, 11], [2, 19, 3, 20], [16, 1, 17, 2], [14, 6, 15, 5], [22, 13, 1, 14], [6, 16, 7, 15], [4, 8, 5, 7], [8, 21, 9, 22], [20, 3, 21, 4], [10, 18, 11, 17]]"
11a_126_88,"[[11, 19, 12, 18], [13, 11, 14, 10], [19, 13, 20, 12], [3, 20, 4, 21], [17, 2, 18, 3], [15, 7, 16, 6], [1, 14, 2, 15], [7, 17, 8, 16], [5, 9, 6, 8], [9, 22, 10, 1], [21, 4, 22, 5]]"
11a_126_89,"[[21, 4, 22, 5], [11, 19, 12, 18], [13, 11, 14, 10], [19, 13, 20, 12], [3, 20, 4, 21], [17, 2, 18, 3], [15, 7, 16, 6], [1, 14, 2, 15], [7, 17, 8, 16], [5, 9, 6, 8], [9, 22, 10, 1]]"
11a_126_90,"[[9, 22, 10, 1], [21, 4, 22, 5], [11, 19, 12, 18], [13, 11, 14, 10], [19, 13, 20, 12], [3, 20, 4, 21], [17, 2, 18, 3], [15, 7, 16, 6], [1, 14, 2, 15], [7, 17, 8, 16], [5, 9, 6, 8]]"
11a_126_91,"[[5, 9, 6, 8], [9, 22, 10, 1], [21, 4, 22, 5], [11, 19, 12, 18], [13, 11, 14, 10], [19, 13, 20, 12], [3, 20, 4, 21], [17, 2, 18, 3], [15, 7, 16, 6], [1, 14, 2, 15], [7, 17, 8, 16]]"
11a_126_92,"[[7, 17, 8, 16], [5, 9, 6, 8], [9, 22, 10, 1], [21, 4, 22, 5], [11, 19, 12, 18], [13, 11, 14, 10], [19, 13, 20, 12], [3, 20, 4, 21], [17, 2, 18, 3], [15, 7, 16, 6], [1, 14, 2, 15]]"
11a_126_93,"[[1, 14, 2, 15], [7, 17, 8, 16], [5, 9, 6, 8], [9, 22, 10, 1], [21, 4, 22, 5], [11, 19, 12, 18], [13, 11, 14, 10], [19, 13, 20, 12], [3, 20, 4, 21], [17, 2, 18, 3], [15, 7, 16, 6]]"
11a_126_94,"[[15, 7, 16, 6], [1, 14, 2, 15], [7, 17, 8, 16], [5, 9, 6, 8], [9, 22, 10, 1], [21, 4, 22, 5], [11, 19, 12, 18], [13, 11, 14, 10], [19, 13, 20, 12], [3, 20, 4, 21], [17, 2, 18, 3]]"
11a_126_95,"[[17, 2, 18, 3], [15, 7, 16, 6], [1, 14, 2, 15], [7, 17, 8, 16], [5, 9, 6, 8], [9, 22, 10, 1], [21, 4, 22, 5], [11, 19, 12, 18], [13, 11, 14, 10], [19, 13, 20, 12], [3, 20, 4, 21]]"
11a_126_96,"[[3, 20, 4, 21], [17, 2, 18, 3], [15, 7, 16, 6], [1, 14, 2, 15], [7, 17, 8, 16], [5, 9, 6, 8], [9, 22, 10, 1], [21, 4, 22, 5], [11, 19, 12, 18], [13, 11, 14, 10], [19, 13, 20, 12]]"
11a_126_97,"[[19, 13, 20, 12], [3, 20, 4, 21], [17, 2, 18, 3], [15, 7, 16, 6], [1, 14, 2, 15], [7, 17, 8, 16], [5, 9, 6, 8], [9, 22, 10, 1], [21, 4, 22, 5], [11, 19, 12, 18], [13, 11, 14, 10]]"
11a_126_98,"[[13, 11, 14, 10], [19, 13, 20, 12], [3, 20, 4, 21], [17, 2, 18, 3], [15, 7, 16, 6], [1, 14, 2, 15], [7, 17, 8, 16], [5, 9, 6, 8], [9, 22, 10, 1], [21, 4, 22, 5], [11, 19, 12, 18]]"
11a_126_99,"[[12, 20, 13, 19], [14, 12, 15, 11], [20, 14, 21, 13], [4, 21, 5, 22], [18, 3, 19, 4], [16, 8, 17, 7], [2, 15, 3, 16], [8, 18, 9, 17], [6, 10, 7, 9], [10, 1, 11, 2], [22, 5, 1, 6]]"
11a_126_100,"[[22, 5, 1, 6], [12, 20, 13, 19], [14, 12, 15, 11], [20, 14, 21, 13], [4, 21, 5, 22], [18, 3, 19, 4], [16, 8, 17, 7], [2, 15, 3, 16], [8, 18, 9, 17], [6, 10, 7, 9], [10, 1, 11, 2]]"
11a_126_101,"[[10, 1, 11, 2], [22, 5, 1, 6], [12, 20, 13, 19], [14, 12, 15, 11], [20, 14, 21, 13], [4, 21, 5, 22], [18, 3, 19, 4], [16, 8, 17, 7], [2, 15, 3, 16], [8, 18, 9, 17], [6, 10, 7, 9]]"
11a_126_102,"[[6, 10, 7, 9], [10, 1, 11, 2], [22, 5, 1, 6], [12, 20, 13, 19], [14, 12, 15, 11], [20, 14, 21, 13], [4, 21, 5, 22], [18, 3, 19, 4], [16, 8, 17, 7], [2, 15, 3, 16], [8, 18, 9, 17]]"
11a_126_103,"[[8, 18, 9, 17], [6, 10, 7, 9], [10, 1, 11, 2], [22, 5, 1, 6], [12, 20, 13, 19], [14, 12, 15, 11], [20, 14, 21, 13], [4, 21, 5, 22], [18, 3, 19, 4], [16, 8, 17, 7], [2, 15, 3, 16]]"
11a_126_104,"[[2, 15, 3, 16], [8, 18, 9, 17], [6, 10, 7, 9], [10, 1, 11, 2], [22, 5, 1, 6], [12, 20, 13, 19], [14, 12, 15, 11], [20, 14, 21, 13], [4, 21, 5, 22], [18, 3, 19, 4], [16, 8, 17, 7]]"
11a_126_105,"[[16, 8, 17, 7], [2, 15, 3, 16], [8, 18, 9, 17], [6, 10, 7, 9], [10, 1, 11, 2], [22, 5, 1, 6], [12, 20, 13, 19], [14, 12, 15, 11], [20, 14, 21, 13], [4, 21, 5, 22], [18, 3, 19, 4]]"
11a_126_106,"[[18, 3, 19, 4], [16, 8, 17, 7], [2, 15, 3, 16], [8, 18, 9, 17], [6, 10, 7, 9], [10, 1, 11, 2], [22, 5, 1, 6], [12, 20, 13, 19], [14, 12, 15, 11], [20, 14, 21, 13], [4, 21, 5, 22]]"
11a_126_107,"[[4, 21, 5, 22], [18, 3, 19, 4], [16, 8, 17, 7], [2, 15, 3, 16], [8, 18, 9, 17], [6, 10, 7, 9], [10, 1, 11, 2], [22, 5, 1, 6], [12, 20, 13, 19], [14, 12, 15, 11], [20, 14, 21, 13]]"
11a_126_108,"[[20, 14, 21, 13], [4, 21, 5, 22], [18, 3, 19, 4], [16, 8, 17, 7], [2, 15, 3, 16], [8, 18, 9, 17], [6, 10, 7, 9], [10, 1, 11, 2], [22, 5, 1, 6], [12, 20, 13, 19], [14, 12, 15, 11]]"
11a_126_109,"[[14, 12, 15, 11], [20, 14, 21, 13], [4, 21, 5, 22], [18, 3, 19, 4], [16, 8, 17, 7], [2, 15, 3, 16], [8, 18, 9, 17], [6, 10, 7, 9], [10, 1, 11, 2], [22, 5, 1, 6], [12, 20, 13, 19]]"
11a_126_110,"[[13, 21, 14, 20], [15, 13, 16, 12], [21, 15, 22, 14], [5, 22, 6, 1], [19, 4, 20, 5], [17, 9, 18, 8], [3, 16, 4, 17], [9, 19, 10, 18], [7, 11, 8, 10], [11, 2, 12, 3], [1, 6, 2, 7]]"
11a_126_111,"[[1, 6, 2, 7], [13, 21, 14, 20], [15, 13, 16, 12], [21, 15, 22, 14], [5, 22, 6, 1], [19, 4, 20, 5], [17, 9, 18, 8], [3, 16, 4, 17], [9, 19, 10, 18], [7, 11, 8, 10], [11, 2, 12, 3]]"
11a_126_112,"[[11, 2, 12, 3], [1, 6, 2, 7], [13, 21, 14, 20], [15, 13, 16, 12], [21, 15, 22, 14], [5, 22, 6, 1], [19, 4, 20, 5], [17, 9, 18, 8], [3, 16, 4, 17], [9, 19, 10, 18], [7, 11, 8, 10]]"
11a_126_113,"[[7, 11, 8, 10], [11, 2, 12, 3], [1, 6, 2, 7], [13, 21, 14, 20], [15, 13, 16, 12], [21, 15, 22, 14], [5, 22, 6, 1], [19, 4, 20, 5], [17, 9, 18, 8], [3, 16, 4, 17], [9, 19, 10, 18]]"
11a_126_114,"[[9, 19, 10, 18], [7, 11, 8, 10], [11, 2, 12, 3], [1, 6, 2, 7], [13, 21, 14, 20], [15, 13, 16, 12], [21, 15, 22, 14], [5, 22, 6, 1], [19, 4, 20, 5], [17, 9, 18, 8], [3, 16, 4, 17]]"
11a_126_115,"[[3, 16, 4, 17], [9, 19, 10, 18], [7, 11, 8, 10], [11, 2, 12, 3], [1, 6, 2, 7], [13, 21, 14, 20], [15, 13, 16, 12], [21, 15, 22, 14], [5, 22, 6, 1], [19, 4, 20, 5], [17, 9, 18, 8]]"
11a_126_116,"[[17, 9, 18, 8], [3, 16, 4, 17], [9, 19, 10, 18], [7, 11, 8, 10], [11, 2, 12, 3], [1, 6, 2, 7], [13, 21, 14, 20], [15, 13, 16, 12], [21, 15, 22, 14], [5, 22, 6, 1], [19, 4, 20, 5]]"
11a_126_117,"[[19, 4, 20, 5], [17, 9, 18, 8], [3, 16, 4, 17], [9, 19, 10, 18], [7, 11, 8, 10], [11, 2, 12, 3], [1, 6, 2, 7], [13, 21, 14, 20], [15, 13, 16, 12], [21, 15, 22, 14], [5, 22, 6, 1]]"
11a_126_118,"[[5, 22, 6, 1], [19, 4, 20, 5], [17, 9, 18, 8], [3, 16, 4, 17], [9, 19, 10, 18], [7, 11, 8, 10], [11, 2, 12, 3], [1, 6, 2, 7], [13, 21, 14, 20], [15, 13, 16, 12], [21, 15, 22, 14]]"
11a_126_119,"[[21, 15, 22, 14], [5, 22, 6, 1], [19, 4, 20, 5], [17, 9, 18, 8], [3, 16, 4, 17], [9, 19, 10, 18], [7, 11, 8, 10], [11, 2, 12, 3], [1, 6, 2, 7], [13, 21, 14, 20], [15, 13, 16, 12]]"
11a_126_120,"[[15, 13, 16, 12], [21, 15, 22, 14], [5, 22, 6, 1], [19, 4, 20, 5], [17, 9, 18, 8], [3, 16, 4, 17], [9, 19, 10, 18], [7, 11, 8, 10], [11, 2, 12, 3], [1, 6, 2, 7], [13, 21, 14, 20]]"
11a_126_121,"[[14, 22, 15, 21], [16, 14, 17, 13], [22, 16, 1, 15], [6, 1, 7, 2], [20, 5, 21, 6], [18, 10, 19, 9], [4, 17, 5, 18], [10, 20, 11, 19], [8, 12, 9, 11], [12, 3, 13, 4], [2, 7, 3, 8]]"
11a_126_122,"[[2, 7, 3, 8], [14, 22, 15, 21], [16, 14, 17, 13], [22, 16, 1, 15], [6, 1, 7, 2], [20, 5, 21, 6], [18, 10, 19, 9], [4, 17, 5, 18], [10, 20, 11, 19], [8, 12, 9, 11], [12, 3, 13, 4]]"
11a_126_123,"[[12, 3, 13, 4], [2, 7, 3, 8], [14, 22, 15, 21], [16, 14, 17, 13], [22, 16, 1, 15], [6, 1, 7, 2], [20, 5, 21, 6], [18, 10, 19, 9], [4, 17, 5, 18], [10, 20, 11, 19], [8, 12, 9, 11]]"
11a_126_124,"[[8, 12, 9, 11], [12, 3, 13, 4], [2, 7, 3, 8], [14, 22, 15, 21], [16, 14, 17, 13], [22, 16, 1, 15], [6, 1, 7, 2], [20, 5, 21, 6], [18, 10, 19, 9], [4, 17, 5, 18], [10, 20, 11, 19]]"
11a_126_125,"[[10, 20, 11, 19], [8, 12, 9, 11], [12, 3, 13, 4], [2, 7, 3, 8], [14, 22, 15, 21], [16, 14, 17, 13], [22, 16, 1, 15], [6, 1, 7, 2], [20, 5, 21, 6], [18, 10, 19, 9], [4, 17, 5, 18]]"
11a_126_126,"[[4, 17, 5, 18], [10, 20, 11, 19], [8, 12, 9, 11], [12, 3, 13, 4], [2, 7, 3, 8], [14, 22, 15, 21], [16, 14, 17, 13], [22, 16, 1, 15], [6, 1, 7, 2], [20, 5, 21, 6], [18, 10, 19, 9]]"
11a_126_127,"[[18, 10, 19, 9], [4, 17, 5, 18], [10, 20, 11, 19], [8, 12, 9, 11], [12, 3, 13, 4], [2, 7, 3, 8], [14, 22, 15, 21], [16, 14, 17, 13], [22, 16, 1, 15], [6, 1, 7, 2], [20, 5, 21, 6]]"
11a_126_128,"[[20, 5, 21, 6], [18, 10, 19, 9], [4, 17, 5, 18], [10, 20, 11, 19], [8, 12, 9, 11], [12, 3, 13, 4], [2, 7, 3, 8], [14, 22, 15, 21], [16, 14, 17, 13], [22, 16, 1, 15], [6, 1, 7, 2]]"
11a_126_129,"[[6, 1, 7, 2], [20, 5, 21, 6], [18, 10, 19, 9], [4, 17, 5, 18], [10, 20, 11, 19], [8, 12, 9, 11], [12, 3, 13, 4], [2, 7, 3, 8], [14, 22, 15, 21], [16, 14, 17, 13], [22, 16, 1, 15]]"
11a_126_130,"[[22, 16, 1, 15], [6, 1, 7, 2], [20, 5, 21, 6], [18, 10, 19, 9], [4, 17, 5, 18], [10, 20, 11, 19], [8, 12, 9, 11], [12, 3, 13, 4], [2, 7, 3, 8], [14, 22, 15, 21], [16, 14, 17, 13]]"
11a_126_131,"[[16, 14, 17, 13], [22, 16, 1, 15], [6, 1, 7, 2], [20, 5, 21, 6], [18, 10, 19, 9], [4, 17, 5, 18], [10, 20, 11, 19], [8, 12, 9, 11], [12, 3, 13, 4], [2, 7, 3, 8], [14, 22, 15, 21]]"
11a_126_132,"[[15, 1, 16, 22], [17, 15, 18, 14], [1, 17, 2, 16], [7, 2, 8, 3], [21, 6, 22, 7], [19, 11, 20, 10], [5, 18, 6, 19], [11, 21, 12, 20], [9, 13, 10, 12], [13, 4, 14, 5], [3, 8, 4, 9]]"
11a_126_133,"[[3, 8, 4, 9], [15, 1, 16, 22], [17, 15, 18, 14], [1, 17, 2, 16], [7, 2, 8, 3], [21, 6, 22, 7], [19, 11, 20, 10], [5, 18, 6, 19], [11, 21, 12, 20], [9, 13, 10, 12], [13, 4, 14, 5]]"
11a_126_134,"[[13, 4, 14, 5], [3, 8, 4, 9], [15, 1, 16, 22], [17, 15, 18, 14], [1, 17, 2, 16], [7, 2, 8, 3], [21, 6, 22, 7], [19, 11, 20, 10], [5, 18, 6, 19], [11, 21, 12, 20], [9, 13, 10, 12]]"
11a_126_135,"[[9, 13, 10, 12], [13, 4, 14, 5], [3, 8, 4, 9], [15, 1, 16, 22], [17, 15, 18, 14], [1, 17, 2, 16], [7, 2, 8, 3], [21, 6, 22, 7], [19, 11, 20, 10], [5, 18, 6, 19], [11, 21, 12, 20]]"
11a_126_136,"[[11, 21, 12, 20], [9, 13, 10, 12], [13, 4, 14, 5], [3, 8, 4, 9], [15, 1, 16, 22], [17, 15, 18, 14], [1, 17, 2, 16], [7, 2, 8, 3], [21, 6, 22, 7], [19, 11, 20, 10], [5, 18, 6, 19]]"
11a_126_137,"[[5, 18, 6, 19], [11, 21, 12, 20], [9, 13, 10, 12], [13, 4, 14, 5], [3, 8, 4, 9], [15, 1, 16, 22], [17, 15, 18, 14], [1, 17, 2, 16], [7, 2, 8, 3], [21, 6, 22, 7], [19, 11, 20, 10]]"
11a_126_138,"[[19, 11, 20, 10], [5, 18, 6, 19], [11, 21, 12, 20], [9, 13, 10, 12], [13, 4, 14, 5], [3, 8, 4, 9], [15, 1, 16, 22], [17, 15, 18, 14], [1, 17, 2, 16], [7, 2, 8, 3], [21, 6, 22, 7]]"
11a_126_139,"[[21, 6, 22, 7], [19, 11, 20, 10], [5, 18, 6, 19], [11, 21, 12, 20], [9, 13, 10, 12], [13, 4, 14, 5], [3, 8, 4, 9], [15, 1, 16, 22], [17, 15, 18, 14], [1, 17, 2, 16], [7, 2, 8, 3]]"
11a_126_140,"[[7, 2, 8, 3], [21, 6, 22, 7], [19, 11, 20, 10], [5, 18, 6, 19], [11, 21, 12, 20], [9, 13, 10, 12], [13, 4, 14, 5], [3, 8, 4, 9], [15, 1, 16, 22], [17, 15, 18, 14], [1, 17, 2, 16]]"
11a_126_141,"[[1, 17, 2, 16], [7, 2, 8, 3], [21, 6, 22, 7], [19, 11, 20, 10], [5, 18, 6, 19], [11, 21, 12, 20], [9, 13, 10, 12], [13, 4, 14, 5], [3, 8, 4, 9], [15, 1, 16, 22], [17, 15, 18, 14]]"
11a_126_142,"[[17, 15, 18, 14], [1, 17, 2, 16], [7, 2, 8, 3], [21, 6, 22, 7], [19, 11, 20, 10], [5, 18, 6, 19], [11, 21, 12, 20], [9, 13, 10, 12], [13, 4, 14, 5], [3, 8, 4, 9], [15, 1, 16, 22]]"
11a_126_143,"[[16, 2, 17, 1], [18, 16, 19, 15], [2, 18, 3, 17], [8, 3, 9, 4], [22, 7, 1, 8], [20, 12, 21, 11], [6, 19, 7, 20], [12, 22, 13, 21], [10, 14, 11, 13], [14, 5, 15, 6], [4, 9, 5, 10]]"
11a_126_144,"[[4, 9, 5, 10], [16, 2, 17, 1], [18, 16, 19, 15], [2, 18, 3, 17], [8, 3, 9, 4], [22, 7, 1, 8], [20, 12, 21, 11], [6, 19, 7, 20], [12, 22, 13, 21], [10, 14, 11, 13], [14, 5, 15, 6]]"
11a_126_145,"[[14, 5, 15, 6], [4, 9, 5, 10], [16, 2, 17, 1], [18, 16, 19, 15], [2, 18, 3, 17], [8, 3, 9, 4], [22, 7, 1, 8], [20, 12, 21, 11], [6, 19, 7, 20], [12, 22, 13, 21], [10, 14, 11, 13]]"
11a_126_146,"[[10, 14, 11, 13], [14, 5, 15, 6], [4, 9, 5, 10], [16, 2, 17, 1], [18, 16, 19, 15], [2, 18, 3, 17], [8, 3, 9, 4], [22, 7, 1, 8], [20, 12, 21, 11], [6, 19, 7, 20], [12, 22, 13, 21]]"
11a_126_147,"[[12, 22, 13, 21], [10, 14, 11, 13], [14, 5, 15, 6], [4, 9, 5, 10], [16, 2, 17, 1], [18, 16, 19, 15], [2, 18, 3, 17], [8, 3, 9, 4], [22, 7, 1, 8], [20, 12, 21, 11], [6, 19, 7, 20]]"
11a_126_148,"[[6, 19, 7, 20], [12, 22, 13, 21], [10, 14, 11, 13], [14, 5, 15, 6], [4, 9, 5, 10], [16, 2, 17, 1], [18, 16, 19, 15], [2, 18, 3, 17], [8, 3, 9, 4], [22, 7, 1, 8], [20, 12, 21, 11]]"
11a_126_149,"[[20, 12, 21, 11], [6, 19, 7, 20], [12, 22, 13, 21], [10, 14, 11, 13], [14, 5, 15, 6], [4, 9, 5, 10], [16, 2, 17, 1], [18, 16, 19, 15], [2, 18, 3, 17], [8, 3, 9, 4], [22, 7, 1, 8]]"
11a_126_150,"[[22, 7, 1, 8], [20, 12, 21, 11], [6, 19, 7, 20], [12, 22, 13, 21], [10, 14, 11, 13], [14, 5, 15, 6], [4, 9, 5, 10], [16, 2, 17, 1], [18, 16, 19, 15], [2, 18, 3, 17], [8, 3, 9, 4]]"
11a_126_151,"[[8, 3, 9, 4], [22, 7, 1, 8], [20, 12, 21, 11], [6, 19, 7, 20], [12, 22, 13, 21], [10, 14, 11, 13], [14, 5, 15, 6], [4, 9, 5, 10], [16, 2, 17, 1], [18, 16, 19, 15], [2, 18, 3, 17]]"
11a_126_152,"[[2, 18, 3, 17], [8, 3, 9, 4], [22, 7, 1, 8], [20, 12, 21, 11], [6, 19, 7, 20], [12, 22, 13, 21], [10, 14, 11, 13], [14, 5, 15, 6], [4, 9, 5, 10], [16, 2, 17, 1], [18, 16, 19, 15]]"
11a_126_153,"[[18, 16, 19, 15], [2, 18, 3, 17], [8, 3, 9, 4], [22, 7, 1, 8], [20, 12, 21, 11], [6, 19, 7, 20], [12, 22, 13, 21], [10, 14, 11, 13], [14, 5, 15, 6], [4, 9, 5, 10], [16, 2, 17, 1]]"
11a_126_154,"[[17, 3, 18, 2], [19, 17, 20, 16], [3, 19, 4, 18], [9, 4, 10, 5], [1, 8, 2, 9], [21, 13, 22, 12], [7, 20, 8, 21], [13, 1, 14, 22], [11, 15, 12, 14], [15, 6, 16, 7], [5, 10, 6, 11]]"
11a_126_155,"[[5, 10, 6, 11], [17, 3, 18, 2], [19, 17, 20, 16], [3, 19, 4, 18], [9, 4, 10, 5], [1, 8, 2, 9], [21, 13, 22, 12], [7, 20, 8, 21], [13, 1, 14, 22], [11, 15, 12, 14], [15, 6, 16, 7]]"
11a_126_156,"[[15, 6, 16, 7], [5, 10, 6, 11], [17, 3, 18, 2], [19, 17, 20, 16], [3, 19, 4, 18], [9, 4, 10, 5], [1, 8, 2, 9], [21, 13, 22, 12], [7, 20, 8, 21], [13, 1, 14, 22], [11, 15, 12, 14]]"
11a_126_157,"[[11, 15, 12, 14], [15, 6, 16, 7], [5, 10, 6, 11], [17, 3, 18, 2], [19, 17, 20, 16], [3, 19, 4, 18], [9, 4, 10, 5], [1, 8, 2, 9], [21, 13, 22, 12], [7, 20, 8, 21], [13, 1, 14, 22]]"
11a_126_158,"[[13, 1, 14, 22], [11, 15, 12, 14], [15, 6, 16, 7], [5, 10, 6, 11], [17, 3, 18, 2], [19, 17, 20, 16], [3, 19, 4, 18], [9, 4, 10, 5], [1, 8, 2, 9], [21, 13, 22, 12], [7, 20, 8, 21]]"
11a_126_159,"[[7, 20, 8, 21], [13, 1, 14, 22], [11, 15, 12, 14], [15, 6, 16, 7], [5, 10, 6, 11], [17, 3, 18, 2], [19, 17, 20, 16], [3, 19, 4, 18], [9, 4, 10, 5], [1, 8, 2, 9], [21, 13, 22, 12]]"
11a_126_160,"[[21, 13, 22, 12], [7, 20, 8, 21], [13, 1, 14, 22], [11, 15, 12, 14], [15, 6, 16, 7], [5, 10, 6, 11], [17, 3, 18, 2], [19, 17, 20, 16], [3, 19, 4, 18], [9, 4, 10, 5], [1, 8, 2, 9]]"
11a_126_161,"[[1, 8, 2, 9], [21, 13, 22, 12], [7, 20, 8, 21], [13, 1, 14, 22], [11, 15, 12, 14], [15, 6, 16, 7], [5, 10, 6, 11], [17, 3, 18, 2], [19, 17, 20, 16], [3, 19, 4, 18], [9, 4, 10, 5]]"
11a_126_162,"[[9, 4, 10, 5], [1, 8, 2, 9], [21, 13, 22, 12], [7, 20, 8, 21], [13, 1, 14, 22], [11, 15, 12, 14], [15, 6, 16, 7], [5, 10, 6, 11], [17, 3, 18, 2], [19, 17, 20, 16], [3, 19, 4, 18]]"
11a_126_163,"[[3, 19, 4, 18], [9, 4, 10, 5], [1, 8, 2, 9], [21, 13, 22, 12], [7, 20, 8, 21], [13, 1, 14, 22], [11, 15, 12, 14], [15, 6, 16, 7], [5, 10, 6, 11], [17, 3, 18, 2], [19, 17, 20, 16]]"
11a_126_164,"[[19, 17, 20, 16], [3, 19, 4, 18], [9, 4, 10, 5], [1, 8, 2, 9], [21, 13, 22, 12], [7, 20, 8, 21], [13, 1, 14, 22], [11, 15, 12, 14], [15, 6, 16, 7], [5, 10, 6, 11], [17, 3, 18, 2]]"
11a_126_165,"[[18, 4, 19, 3], [20, 18, 21, 17], [4, 20, 5, 19], [10, 5, 11, 6], [2, 9, 3, 10], [22, 14, 1, 13], [8, 21, 9, 22], [14, 2, 15, 1], [12, 16, 13, 15], [16, 7, 17, 8], [6, 11, 7, 12]]"
11a_126_166,"[[6, 11, 7, 12], [18, 4, 19, 3], [20, 18, 21, 17], [4, 20, 5, 19], [10, 5, 11, 6], [2, 9, 3, 10], [22, 14, 1, 13], [8, 21, 9, 22], [14, 2, 15, 1], [12, 16, 13, 15], [16, 7, 17, 8]]"
11a_126_167,"[[16, 7, 17, 8], [6, 11, 7, 12], [18, 4, 19, 3], [20, 18, 21, 17], [4, 20, 5, 19], [10, 5, 11, 6], [2, 9, 3, 10], [22, 14, 1, 13], [8, 21, 9, 22], [14, 2, 15, 1], [12, 16, 13, 15]]"
11a_126_168,"[[12, 16, 13, 15], [16, 7, 17, 8], [6, 11, 7, 12], [18, 4, 19, 3], [20, 18, 21, 17], [4, 20, 5, 19], [10, 5, 11, 6], [2, 9, 3, 10], [22, 14, 1, 13], [8, 21, 9, 22], [14, 2, 15, 1]]"
11a_126_169,"[[14, 2, 15, 1], [12, 16, 13, 15], [16, 7, 17, 8], [6, 11, 7, 12], [18, 4, 19, 3], [20, 18, 21, 17], [4, 20, 5, 19], [10, 5, 11, 6], [2, 9, 3, 10], [22, 14, 1, 13], [8, 21, 9, 22]]"
11a_126_170,"[[8, 21, 9, 22], [14, 2, 15, 1], [12, 16, 13, 15], [16, 7, 17, 8], [6, 11, 7, 12], [18, 4, 19, 3], [20, 18, 21, 17], [4, 20, 5, 19], [10, 5, 11, 6], [2, 9, 3, 10], [22, 14, 1, 13]]"
11a_126_171,"[[22, 14, 1, 13], [8, 21, 9, 22], [14, 2, 15, 1], [12, 16, 13, 15], [16, 7, 17, 8], [6, 11, 7, 12], [18, 4, 19, 3], [20, 18, 21, 17], [4, 20, 5, 19], [10, 5, 11, 6], [2, 9, 3, 10]]"
11a_126_172,"[[2, 9, 3, 10], [22, 14, 1, 13], [8, 21, 9, 22], [14, 2, 15, 1], [12, 16, 13, 15], [16, 7, 17, 8], [6, 11, 7, 12], [18, 4, 19, 3], [20, 18, 21, 17], [4, 20, 5, 19], [10, 5, 11, 6]]"
11a_126_173,"[[10, 5, 11, 6], [2, 9, 3, 10], [22, 14, 1, 13], [8, 21, 9, 22], [14, 2, 15, 1], [12, 16, 13, 15], [16, 7, 17, 8], [6, 11, 7, 12], [18, 4, 19, 3], [20, 18, 21, 17], [4, 20, 5, 19]]"
11a_126_174,"[[4, 20, 5, 19], [10, 5, 11, 6], [2, 9, 3, 10], [22, 14, 1, 13], [8, 21, 9, 22], [14, 2, 15, 1], [12, 16, 13, 15], [16, 7, 17, 8], [6, 11, 7, 12], [18, 4, 19, 3], [20, 18, 21, 17]]"
11a_126_175,"[[20, 18, 21, 17], [4, 20, 5, 19], [10, 5, 11, 6], [2, 9, 3, 10], [22, 14, 1, 13], [8, 21, 9, 22], [14, 2, 15, 1], [12, 16, 13, 15], [16, 7, 17, 8], [6, 11, 7, 12], [18, 4, 19, 3]]"
11a_126_176,"[[19, 5, 20, 4], [21, 19, 22, 18], [5, 21, 6, 20], [11, 6, 12, 7], [3, 10, 4, 11], [1, 15, 2, 14], [9, 22, 10, 1], [15, 3, 16, 2], [13, 17, 14, 16], [17, 8, 18, 9], [7, 12, 8, 13]]"
11a_126_177,"[[7, 12, 8, 13], [19, 5, 20, 4], [21, 19, 22, 18], [5, 21, 6, 20], [11, 6, 12, 7], [3, 10, 4, 11], [1, 15, 2, 14], [9, 22, 10, 1], [15, 3, 16, 2], [13, 17, 14, 16], [17, 8, 18, 9]]"
11a_126_178,"[[17, 8, 18, 9], [7, 12, 8, 13], [19, 5, 20, 4], [21, 19, 22, 18], [5, 21, 6, 20], [11, 6, 12, 7], [3, 10, 4, 11], [1, 15, 2, 14], [9, 22, 10, 1], [15, 3, 16, 2], [13, 17, 14, 16]]"
11a_126_179,"[[13, 17, 14, 16], [17, 8, 18, 9], [7, 12, 8, 13], [19, 5, 20, 4], [21, 19, 22, 18], [5, 21, 6, 20], [11, 6, 12, 7], [3, 10, 4, 11], [1, 15, 2, 14], [9, 22, 10, 1], [15, 3, 16, 2]]"
11a_126_180,"[[15, 3, 16, 2], [13, 17, 14, 16], [17, 8, 18, 9], [7, 12, 8, 13], [19, 5, 20, 4], [21, 19, 22, 18], [5, 21, 6, 20], [11, 6, 12, 7], [3, 10, 4, 11], [1, 15, 2, 14], [9, 22, 10, 1]]"
11a_126_181,"[[9, 22, 10, 1], [15, 3, 16, 2], [13, 17, 14, 16], [17, 8, 18, 9], [7, 12, 8, 13], [19, 5, 20, 4], [21, 19, 22, 18], [5, 21, 6, 20], [11, 6, 12, 7], [3, 10, 4, 11], [1, 15, 2, 14]]"
11a_126_182,"[[1, 15, 2, 14], [9, 22, 10, 1], [15, 3, 16, 2], [13, 17, 14, 16], [17, 8, 18, 9], [7, 12, 8, 13], [19, 5, 20, 4], [21, 19, 22, 18], [5, 21, 6, 20], [11, 6, 12, 7], [3, 10, 4, 11]]"
11a_126_183,"[[3, 10, 4, 11], [1, 15, 2, 14], [9, 22, 10, 1], [15, 3, 16, 2], [13, 17, 14, 16], [17, 8, 18, 9], [7, 12, 8, 13], [19, 5, 20, 4], [21, 19, 22, 18], [5, 21, 6, 20], [11, 6, 12, 7]]"
11a_126_184,"[[11, 6, 12, 7], [3, 10, 4, 11], [1, 15, 2, 14], [9, 22, 10, 1], [15, 3, 16, 2], [13, 17, 14, 16], [17, 8, 18, 9], [7, 12, 8, 13], [19, 5, 20, 4], [21, 19, 22, 18], [5, 21, 6, 20]]"
11a_126_185,"[[5, 21, 6, 20], [11, 6, 12, 7], [3, 10, 4, 11], [1, 15, 2, 14], [9, 22, 10, 1], [15, 3, 16, 2], [13, 17, 14, 16], [17, 8, 18, 9], [7, 12, 8, 13], [19, 5, 20, 4], [21, 19, 22, 18]]"
11a_126_186,"[[21, 19, 22, 18], [5, 21, 6, 20], [11, 6, 12, 7], [3, 10, 4, 11], [1, 15, 2, 14], [9, 22, 10, 1], [15, 3, 16, 2], [13, 17, 14, 16], [17, 8, 18, 9], [7, 12, 8, 13], [19, 5, 20, 4]]"
11a_126_187,"[[20, 6, 21, 5], [22, 20, 1, 19], [6, 22, 7, 21], [12, 7, 13, 8], [4, 11, 5, 12], [2, 16, 3, 15], [10, 1, 11, 2], [16, 4, 17, 3], [14, 18, 15, 17], [18, 9, 19, 10], [8, 13, 9, 14]]"
11a_126_188,"[[8, 13, 9, 14], [20, 6, 21, 5], [22, 20, 1, 19], [6, 22, 7, 21], [12, 7, 13, 8], [4, 11, 5, 12], [2, 16, 3, 15], [10, 1, 11, 2], [16, 4, 17, 3], [14, 18, 15, 17], [18, 9, 19, 10]]"
11a_126_189,"[[18, 9, 19, 10], [8, 13, 9, 14], [20, 6, 21, 5], [22, 20, 1, 19], [6, 22, 7, 21], [12, 7, 13, 8], [4, 11, 5, 12], [2, 16, 3, 15], [10, 1, 11, 2], [16, 4, 17, 3], [14, 18, 15, 17]]"
11a_126_190,"[[14, 18, 15, 17], [18, 9, 19, 10], [8, 13, 9, 14], [20, 6, 21, 5], [22, 20, 1, 19], [6, 22, 7, 21], [12, 7, 13, 8], [4, 11, 5, 12], [2, 16, 3, 15], [10, 1, 11, 2], [16, 4, 17, 3]]"
11a_126_191,"[[16, 4, 17, 3], [14, 18, 15, 17], [18, 9, 19, 10], [8, 13, 9, 14], [20, 6, 21, 5], [22, 20, 1, 19], [6, 22, 7, 21], [12, 7, 13, 8], [4, 11, 5, 12], [2, 16, 3, 15], [10, 1, 11, 2]]"
11a_126_192,"[[10, 1, 11, 2], [16, 4, 17, 3], [14, 18, 15, 17], [18, 9, 19, 10], [8, 13, 9, 14], [20, 6, 21, 5], [22, 20, 1, 19], [6, 22, 7, 21], [12, 7, 13, 8], [4, 11, 5, 12], [2, 16, 3, 15]]"
11a_126_193,"[[2, 16, 3, 15], [10, 1, 11, 2], [16, 4, 17, 3], [14, 18, 15, 17], [18, 9, 19, 10], [8, 13, 9, 14], [20, 6, 21, 5], [22, 20, 1, 19], [6, 22, 7, 21], [12, 7, 13, 8], [4, 11, 5, 12]]"
11a_126_194,"[[4, 11, 5, 12], [2, 16, 3, 15], [10, 1, 11, 2], [16, 4, 17, 3], [14, 18, 15, 17], [18, 9, 19, 10], [8, 13, 9, 14], [20, 6, 21, 5], [22, 20, 1, 19], [6, 22, 7, 21], [12, 7, 13, 8]]"
11a_126_195,"[[12, 7, 13, 8], [4, 11, 5, 12], [2, 16, 3, 15], [10, 1, 11, 2], [16, 4, 17, 3], [14, 18, 15, 17], [18, 9, 19, 10], [8, 13, 9, 14], [20, 6, 21, 5], [22, 20, 1, 19], [6, 22, 7, 21]]"
11a_126_196,"[[6, 22, 7, 21], [12, 7, 13, 8], [4, 11, 5, 12], [2, 16, 3, 15], [10, 1, 11, 2], [16, 4, 17, 3], [14, 18, 15, 17], [18, 9, 19, 10], [8, 13, 9, 14], [20, 6, 21, 5], [22, 20, 1, 19]]"
11a_126_197,"[[22, 20, 1, 19], [6, 22, 7, 21], [12, 7, 13, 8], [4, 11, 5, 12], [2, 16, 3, 15], [10, 1, 11, 2], [16, 4, 17, 3], [14, 18, 15, 17], [18, 9, 19, 10], [8, 13, 9, 14], [20, 6, 21, 5]]"
11a_126_198,"[[21, 7, 22, 6], [1, 21, 2, 20], [7, 1, 8, 22], [13, 8, 14, 9], [5, 12, 6, 13], [3, 17, 4, 16], [11, 2, 12, 3], [17, 5, 18, 4], [15, 19, 16, 18], [19, 10, 20, 11], [9, 14, 10, 15]]"
11a_126_199,"[[9, 14, 10, 15], [21, 7, 22, 6], [1, 21, 2, 20], [7, 1, 8, 22], [13, 8, 14, 9], [5, 12, 6, 13], [3, 17, 4, 16], [11, 2, 12, 3], [17, 5, 18, 4], [15, 19, 16, 18], [19, 10, 20, 11]]"
11a_126_200,"[[19, 10, 20, 11], [9, 14, 10, 15], [21, 7, 22, 6], [1, 21, 2, 20], [7, 1, 8, 22], [13, 8, 14, 9], [5, 12, 6, 13], [3, 17, 4, 16], [11, 2, 12, 3], [17, 5, 18, 4], [15, 19, 16, 18]]"
11a_126_201,"[[15, 19, 16, 18], [19, 10, 20, 11], [9, 14, 10, 15], [21, 7, 22, 6], [1, 21, 2, 20], [7, 1, 8, 22], [13, 8, 14, 9], [5, 12, 6, 13], [3, 17, 4, 16], [11, 2, 12, 3], [17, 5, 18, 4]]"
11a_126_202,"[[17, 5, 18, 4], [15, 19, 16, 18], [19, 10, 20, 11], [9, 14, 10, 15], [21, 7, 22, 6], [1, 21, 2, 20], [7, 1, 8, 22], [13, 8, 14, 9], [5, 12, 6, 13], [3, 17, 4, 16], [11, 2, 12, 3]]"
11a_126_203,"[[11, 2, 12, 3], [17, 5, 18, 4], [15, 19, 16, 18], [19, 10, 20, 11], [9, 14, 10, 15], [21, 7, 22, 6], [1, 21, 2, 20], [7, 1, 8, 22], [13, 8, 14, 9], [5, 12, 6, 13], [3, 17, 4, 16]]"
