name,pd_notation
11a_44_0,"[[3, 9, 4, 8], [5, 3, 6, 2], [9, 5, 10, 4], [17, 12, 18, 13], [15, 6, 16, 7], [7, 16, 8, 17], [1, 21, 2, 20], [21, 11, 22, 10], [11, 1, 12, 22], [19, 14, 20, 15], [13, 18, 14, 19]]"
11a_44_1,"[[13, 18, 14, 19], [3, 9, 4, 8], [5, 3, 6, 2], [9, 5, 10, 4], [17, 12, 18, 13], [15, 6, 16, 7], [7, 16, 8, 17], [1, 21, 2, 20], [21, 11, 22, 10], [11, 1, 12, 22], [19, 14, 20, 15]]"
11a_44_2,"[[19, 14, 20, 15], [13, 18, 14, 19], [3, 9, 4, 8], [5, 3, 6, 2], [9, 5, 10, 4], [17, 12, 18, 13], [15, 6, 16, 7], [7, 16, 8, 17], [1, 21, 2, 20], [21, 11, 22, 10], [11, 1, 12, 22]]"
11a_44_3,"[[11, 1, 12, 22], [19, 14, 20, 15], [13, 18, 14, 19], [3, 9, 4, 8], [5, 3, 6, 2], [9, 5, 10, 4], [17, 12, 18, 13], [15, 6, 16, 7], [7, 16, 8, 17], [1, 21, 2, 20], [21, 11, 22, 10]]"
11a_44_4,"[[21, 11, 22, 10], [11, 1, 12, 22], [19, 14, 20, 15], [13, 18, 14, 19], [3, 9, 4, 8], [5, 3, 6, 2], [9, 5, 10, 4], [17, 12, 18, 13], [15, 6, 16, 7], [7, 16, 8, 17], [1, 21, 2, 20]]"
11a_44_5,"[[1, 21, 2, 20], [21, 11, 22, 10], [11, 1, 12, 22], [19, 14, 20, 15], [13, 18, 14, 19], [3, 9, 4, 8], [5, 3, 6, 2], [9, 5, 10, 4], [17, 12, 18, 13], [15, 6, 16, 7], [7, 16, 8, 17]]"
11a_44_6,"[[7, 16, 8, 17], [1, 21, 2, 20], [21, 11, 22, 10], [11, 1, 12, 22], [19, 14, 20, 15], [13, 18, 14, 19], [3, 9, 4, 8], [5, 3, 6, 2], [9, 5, 10, 4], [17, 12, 18, 13], [15, 6, 16, 7]]"
11a_44_7,"[[15, 6, 16, 7], [7, 16, 8, 17], [1, 21, 2, 20], [21, 11, 22, 10], [11, 1, 12, 22], [19, 14, 20, 15], [13, 18, 14, 19], [3, 9, 4, 8], [5, 3, 6, 2], [9, 5, 10, 4], [17, 12, 18, 13]]"
11a_44_8,"[[17, 12, 18, 13], [15, 6, 16, 7], [7, 16, 8, 17], [1, 21, 2, 20], [21, 11, 22, 10], [11, 1, 12, 22], [19, 14, 20, 15], [13, 18, 14, 19], [3, 9, 4, 8], [5, 3, 6, 2], [9, 5, 10, 4]]"
11a_44_9,"[[9, 5, 10, 4], [17, 12, 18, 13], [15, 6, 16, 7], [7, 16, 8, 17], [1, 21, 2, 20], [21, 11, 22, 10], [11, 1, 12, 22], [19, 14, 20, 15], [13, 18, 14, 19], [3, 9, 4, 8], [5, 3, 6, 2]]"
11a_44_10,"[[5, 3, 6, 2], [9, 5, 10, 4], [17, 12, 18, 13], [15, 6, 16, 7], [7, 16, 8, 17], [1, 21, 2, 20], [21, 11, 22, 10], [11, 1, 12, 22], [19, 14, 20, 15], [13, 18, 14, 19], [3, 9, 4, 8]]"
11a_44_11,"[[4, 10, 5, 9], [6, 4, 7, 3], [10, 6, 11, 5], [18, 13, 19, 14], [16, 7, 17, 8], [8, 17, 9, 18], [2, 22, 3, 21], [22, 12, 1, 11], [12, 2, 13, 1], [20, 15, 21, 16], [14, 19, 15, 20]]"
11a_44_12,"[[14, 19, 15, 20], [4, 10, 5, 9], [6, 4, 7, 3], [10, 6, 11, 5], [18, 13, 19, 14], [16, 7, 17, 8], [8, 17, 9, 18], [2, 22, 3, 21], [22, 12, 1, 11], [12, 2, 13, 1], [20, 15, 21, 16]]"
11a_44_13,"[[20, 15, 21, 16], [14, 19, 15, 20], [4, 10, 5, 9], [6, 4, 7, 3], [10, 6, 11, 5], [18, 13, 19, 14], [16, 7, 17, 8], [8, 17, 9, 18], [2, 22, 3, 21], [22, 12, 1, 11], [12, 2, 13, 1]]"
11a_44_14,"[[12, 2, 13, 1], [20, 15, 21, 16], [14, 19, 15, 20], [4, 10, 5, 9], [6, 4, 7, 3], [10, 6, 11, 5], [18, 13, 19, 14], [16, 7, 17, 8], [8, 17, 9, 18], [2, 22, 3, 21], [22, 12, 1, 11]]"
11a_44_15,"[[22, 12, 1, 11], [12, 2, 13, 1], [20, 15, 21, 16], [14, 19, 15, 20], [4, 10, 5, 9], [6, 4, 7, 3], [10, 6, 11, 5], [18, 13, 19, 14], [16, 7, 17, 8], [8, 17, 9, 18], [2, 22, 3, 21]]"
11a_44_16,"[[2, 22, 3, 21], [22, 12, 1, 11], [12, 2, 13, 1], [20, 15, 21, 16], [14, 19, 15, 20], [4, 10, 5, 9], [6, 4, 7, 3], [10, 6, 11, 5], [18, 13, 19, 14], [16, 7, 17, 8], [8, 17, 9, 18]]"
11a_44_17,"[[8, 17, 9, 18], [2, 22, 3, 21], [22, 12, 1, 11], [12, 2, 13, 1], [20, 15, 21, 16], [14, 19, 15, 20], [4, 10, 5, 9], [6, 4, 7, 3], [10, 6, 11, 5], [18, 13, 19, 14], [16, 7, 17, 8]]"
11a_44_18,"[[16, 7, 17, 8], [8, 17, 9, 18], [2, 22, 3, 21], [22, 12, 1, 11], [12, 2, 13, 1], [20, 15, 21, 16], [14, 19, 15, 20], [4, 10, 5, 9], [6, 4, 7, 3], [10, 6, 11, 5], [18, 13, 19, 14]]"
11a_44_19,"[[18, 13, 19, 14], [16, 7, 17, 8], [8, 17, 9, 18], [2, 22, 3, 21], [22, 12, 1, 11], [12, 2, 13, 1], [20, 15, 21, 16], [14, 19, 15, 20], [4, 10, 5, 9], [6, 4, 7, 3], [10, 6, 11, 5]]"
11a_44_20,"[[10, 6, 11, 5], [18, 13, 19, 14], [16, 7, 17, 8], [8, 17, 9, 18], [2, 22, 3, 21], [22, 12, 1, 11], [12, 2, 13, 1], [20, 15, 21, 16], [14, 19, 15, 20], [4, 10, 5, 9], [6, 4, 7, 3]]"
11a_44_21,"[[6, 4, 7, 3], [10, 6, 11, 5], [18, 13, 19, 14], [16, 7, 17, 8], [8, 17, 9, 18], [2, 22, 3, 21], [22, 12, 1, 11], [12, 2, 13, 1], [20, 15, 21, 16], [14, 19, 15, 20], [4, 10, 5, 9]]"
11a_44_22,"[[5, 11, 6, 10], [7, 5, 8, 4], [11, 7, 12, 6], [19, 14, 20, 15], [17, 8, 18, 9], [9, 18, 10, 19], [3, 1, 4, 22], [1, 13, 2, 12], [13, 3, 14, 2], [21, 16, 22, 17], [15, 20, 16, 21]]"
11a_44_23,"[[15, 20, 16, 21], [5, 11, 6, 10], [7, 5, 8, 4], [11, 7, 12, 6], [19, 14, 20, 15], [17, 8, 18, 9], [9, 18, 10, 19], [3, 1, 4, 22], [1, 13, 2, 12], [13, 3, 14, 2], [21, 16, 22, 17]]"
11a_44_24,"[[21, 16, 22, 17], [15, 20, 16, 21], [5, 11, 6, 10], [7, 5, 8, 4], [11, 7, 12, 6], [19, 14, 20, 15], [17, 8, 18, 9], [9, 18, 10, 19], [3, 1, 4, 22], [1, 13, 2, 12], [13, 3, 14, 2]]"
11a_44_25,"[[13, 3, 14, 2], [21, 16, 22, 17], [15, 20, 16, 21], [5, 11, 6, 10], [7, 5, 8, 4], [11, 7, 12, 6], [19, 14, 20, 15], [17, 8, 18, 9], [9, 18, 10, 19], [3, 1, 4, 22], [1, 13, 2, 12]]"
11a_44_26,"[[1, 13, 2, 12], [13, 3, 14, 2], [21, 16, 22, 17], [15, 20, 16, 21], [5, 11, 6, 10], [7, 5, 8, 4], [11, 7, 12, 6], [19, 14, 20, 15], [17, 8, 18, 9], [9, 18, 10, 19], [3, 1, 4, 22]]"
11a_44_27,"[[3, 1, 4, 22], [1, 13, 2, 12], [13, 3, 14, 2], [21, 16, 22, 17], [15, 20, 16, 21], [5, 11, 6, 10], [7, 5, 8, 4], [11, 7, 12, 6], [19, 14, 20, 15], [17, 8, 18, 9], [9, 18, 10, 19]]"
11a_44_28,"[[9, 18, 10, 19], [3, 1, 4, 22], [1, 13, 2, 12], [13, 3, 14, 2], [21, 16, 22, 17], [15, 20, 16, 21], [5, 11, 6, 10], [7, 5, 8, 4], [11, 7, 12, 6], [19, 14, 20, 15], [17, 8, 18, 9]]"
11a_44_29,"[[17, 8, 18, 9], [9, 18, 10, 19], [3, 1, 4, 22], [1, 13, 2, 12], [13, 3, 14, 2], [21, 16, 22, 17], [15, 20, 16, 21], [5, 11, 6, 10], [7, 5, 8, 4], [11, 7, 12, 6], [19, 14, 20, 15]]"
11a_44_30,"[[19, 14, 20, 15], [17, 8, 18, 9], [9, 18, 10, 19], [3, 1, 4, 22], [1, 13, 2, 12], [13, 3, 14, 2], [21, 16, 22, 17], [15, 20, 16, 21], [5, 11, 6, 10], [7, 5, 8, 4], [11, 7, 12, 6]]"
11a_44_31,"[[11, 7, 12, 6], [19, 14, 20, 15], [17, 8, 18, 9], [9, 18, 10, 19], [3, 1, 4, 22], [1, 13, 2, 12], [13, 3, 14, 2], [21, 16, 22, 17], [15, 20, 16, 21], [5, 11, 6, 10], [7, 5, 8, 4]]"
11a_44_32,"[[7, 5, 8, 4], [11, 7, 12, 6], [19, 14, 20, 15], [17, 8, 18, 9], [9, 18, 10, 19], [3, 1, 4, 22], [1, 13, 2, 12], [13, 3, 14, 2], [21, 16, 22, 17], [15, 20, 16, 21], [5, 11, 6, 10]]"
11a_44_33,"[[6, 12, 7, 11], [8, 6, 9, 5], [12, 8, 13, 7], [20, 15, 21, 16], [18, 9, 19, 10], [10, 19, 11, 20], [4, 2, 5, 1], [2, 14, 3, 13], [14, 4, 15, 3], [22, 17, 1, 18], [16, 21, 17, 22]]"
11a_44_34,"[[16, 21, 17, 22], [6, 12, 7, 11], [8, 6, 9, 5], [12, 8, 13, 7], [20, 15, 21, 16], [18, 9, 19, 10], [10, 19, 11, 20], [4, 2, 5, 1], [2, 14, 3, 13], [14, 4, 15, 3], [22, 17, 1, 18]]"
11a_44_35,"[[22, 17, 1, 18], [16, 21, 17, 22], [6, 12, 7, 11], [8, 6, 9, 5], [12, 8, 13, 7], [20, 15, 21, 16], [18, 9, 19, 10], [10, 19, 11, 20], [4, 2, 5, 1], [2, 14, 3, 13], [14, 4, 15, 3]]"
11a_44_36,"[[14, 4, 15, 3], [22, 17, 1, 18], [16, 21, 17, 22], [6, 12, 7, 11], [8, 6, 9, 5], [12, 8, 13, 7], [20, 15, 21, 16], [18, 9, 19, 10], [10, 19, 11, 20], [4, 2, 5, 1], [2, 14, 3, 13]]"
11a_44_37,"[[2, 14, 3, 13], [14, 4, 15, 3], [22, 17, 1, 18], [16, 21, 17, 22], [6, 12, 7, 11], [8, 6, 9, 5], [12, 8, 13, 7], [20, 15, 21, 16], [18, 9, 19, 10], [10, 19, 11, 20], [4, 2, 5, 1]]"
11a_44_38,"[[4, 2, 5, 1], [2, 14, 3, 13], [14, 4, 15, 3], [22, 17, 1, 18], [16, 21, 17, 22], [6, 12, 7, 11], [8, 6, 9, 5], [12, 8, 13, 7], [20, 15, 21, 16], [18, 9, 19, 10], [10, 19, 11, 20]]"
11a_44_39,"[[10, 19, 11, 20], [4, 2, 5, 1], [2, 14, 3, 13], [14, 4, 15, 3], [22, 17, 1, 18], [16, 21, 17, 22], [6, 12, 7, 11], [8, 6, 9, 5], [12, 8, 13, 7], [20, 15, 21, 16], [18, 9, 19, 10]]"
11a_44_40,"[[18, 9, 19, 10], [10, 19, 11, 20], [4, 2, 5, 1], [2, 14, 3, 13], [14, 4, 15, 3], [22, 17, 1, 18], [16, 21, 17, 22], [6, 12, 7, 11], [8, 6, 9, 5], [12, 8, 13, 7], [20, 15, 21, 16]]"
11a_44_41,"[[20, 15, 21, 16], [18, 9, 19, 10], [10, 19, 11, 20], [4, 2, 5, 1], [2, 14, 3, 13], [14, 4, 15, 3], [22, 17, 1, 18], [16, 21, 17, 22], [6, 12, 7, 11], [8, 6, 9, 5], [12, 8, 13, 7]]"
11a_44_42,"[[12, 8, 13, 7], [20, 15, 21, 16], [18, 9, 19, 10], [10, 19, 11, 20], [4, 2, 5, 1], [2, 14, 3, 13], [14, 4, 15, 3], [22, 17, 1, 18], [16, 21, 17, 22], [6, 12, 7, 11], [8, 6, 9, 5]]"
11a_44_43,"[[8, 6, 9, 5], [12, 8, 13, 7], [20, 15, 21, 16], [18, 9, 19, 10], [10, 19, 11, 20], [4, 2, 5, 1], [2, 14, 3, 13], [14, 4, 15, 3], [22, 17, 1, 18], [16, 21, 17, 22], [6, 12, 7, 11]]"
11a_44_44,"[[7, 13, 8, 12], [9, 7, 10, 6], [13, 9, 14, 8], [21, 16, 22, 17], [19, 10, 20, 11], [11, 20, 12, 21], [5, 3, 6, 2], [3, 15, 4, 14], [15, 5, 16, 4], [1, 18, 2, 19], [17, 22, 18, 1]]"
11a_44_45,"[[17, 22, 18, 1], [7, 13, 8, 12], [9, 7, 10, 6], [13, 9, 14, 8], [21, 16, 22, 17], [19, 10, 20, 11], [11, 20, 12, 21], [5, 3, 6, 2], [3, 15, 4, 14], [15, 5, 16, 4], [1, 18, 2, 19]]"
11a_44_46,"[[1, 18, 2, 19], [17, 22, 18, 1], [7, 13, 8, 12], [9, 7, 10, 6], [13, 9, 14, 8], [21, 16, 22, 17], [19, 10, 20, 11], [11, 20, 12, 21], [5, 3, 6, 2], [3, 15, 4, 14], [15, 5, 16, 4]]"
11a_44_47,"[[15, 5, 16, 4], [1, 18, 2, 19], [17, 22, 18, 1], [7, 13, 8, 12], [9, 7, 10, 6], [13, 9, 14, 8], [21, 16, 22, 17], [19, 10, 20, 11], [11, 20, 12, 21], [5, 3, 6, 2], [3, 15, 4, 14]]"
11a_44_48,"[[3, 15, 4, 14], [15, 5, 16, 4], [1, 18, 2, 19], [17, 22, 18, 1], [7, 13, 8, 12], [9, 7, 10, 6], [13, 9, 14, 8], [21, 16, 22, 17], [19, 10, 20, 11], [11, 20, 12, 21], [5, 3, 6, 2]]"
11a_44_49,"[[5, 3, 6, 2], [3, 15, 4, 14], [15, 5, 16, 4], [1, 18, 2, 19], [17, 22, 18, 1], [7, 13, 8, 12], [9, 7, 10, 6], [13, 9, 14, 8], [21, 16, 22, 17], [19, 10, 20, 11], [11, 20, 12, 21]]"
11a_44_50,"[[11, 20, 12, 21], [5, 3, 6, 2], [3, 15, 4, 14], [15, 5, 16, 4], [1, 18, 2, 19], [17, 22, 18, 1], [7, 13, 8, 12], [9, 7, 10, 6], [13, 9, 14, 8], [21, 16, 22, 17], [19, 10, 20, 11]]"
11a_44_51,"[[19, 10, 20, 11], [11, 20, 12, 21], [5, 3, 6, 2], [3, 15, 4, 14], [15, 5, 16, 4], [1, 18, 2, 19], [17, 22, 18, 1], [7, 13, 8, 12], [9, 7, 10, 6], [13, 9, 14, 8], [21, 16, 22, 17]]"
11a_44_52,"[[21, 16, 22, 17], [19, 10, 20, 11], [11, 20, 12, 21], [5, 3, 6, 2], [3, 15, 4, 14], [15, 5, 16, 4], [1, 18, 2, 19], [17, 22, 18, 1], [7, 13, 8, 12], [9, 7, 10, 6], [13, 9, 14, 8]]"
11a_44_53,"[[13, 9, 14, 8], [21, 16, 22, 17], [19, 10, 20, 11], [11, 20, 12, 21], [5, 3, 6, 2], [3, 15, 4, 14], [15, 5, 16, 4], [1, 18, 2, 19], [17, 22, 18, 1], [7, 13, 8, 12], [9, 7, 10, 6]]"
11a_44_54,"[[9, 7, 10, 6], [13, 9, 14, 8], [21, 16, 22, 17], [19, 10, 20, 11], [11, 20, 12, 21], [5, 3, 6, 2], [3, 15, 4, 14], [15, 5, 16, 4], [1, 18, 2, 19], [17, 22, 18, 1], [7, 13, 8, 12]]"
11a_44_55,"[[8, 14, 9, 13], [10, 8, 11, 7], [14, 10, 15, 9], [22, 17, 1, 18], [20, 11, 21, 12], [12, 21, 13, 22], [6, 4, 7, 3], [4, 16, 5, 15], [16, 6, 17, 5], [2, 19, 3, 20], [18, 1, 19, 2]]"
11a_44_56,"[[18, 1, 19, 2], [8, 14, 9, 13], [10, 8, 11, 7], [14, 10, 15, 9], [22, 17, 1, 18], [20, 11, 21, 12], [12, 21, 13, 22], [6, 4, 7, 3], [4, 16, 5, 15], [16, 6, 17, 5], [2, 19, 3, 20]]"
11a_44_57,"[[2, 19, 3, 20], [18, 1, 19, 2], [8, 14, 9, 13], [10, 8, 11, 7], [14, 10, 15, 9], [22, 17, 1, 18], [20, 11, 21, 12], [12, 21, 13, 22], [6, 4, 7, 3], [4, 16, 5, 15], [16, 6, 17, 5]]"
11a_44_58,"[[16, 6, 17, 5], [2, 19, 3, 20], [18, 1, 19, 2], [8, 14, 9, 13], [10, 8, 11, 7], [14, 10, 15, 9], [22, 17, 1, 18], [20, 11, 21, 12], [12, 21, 13, 22], [6, 4, 7, 3], [4, 16, 5, 15]]"
11a_44_59,"[[4, 16, 5, 15], [16, 6, 17, 5], [2, 19, 3, 20], [18, 1, 19, 2], [8, 14, 9, 13], [10, 8, 11, 7], [14, 10, 15, 9], [22, 17, 1, 18], [20, 11, 21, 12], [12, 21, 13, 22], [6, 4, 7, 3]]"
11a_44_60,"[[6, 4, 7, 3], [4, 16, 5, 15], [16, 6, 17, 5], [2, 19, 3, 20], [18, 1, 19, 2], [8, 14, 9, 13], [10, 8, 11, 7], [14, 10, 15, 9], [22, 17, 1, 18], [20, 11, 21, 12], [12, 21, 13, 22]]"
11a_44_61,"[[12, 21, 13, 22], [6, 4, 7, 3], [4, 16, 5, 15], [16, 6, 17, 5], [2, 19, 3, 20], [18, 1, 19, 2], [8, 14, 9, 13], [10, 8, 11, 7], [14, 10, 15, 9], [22, 17, 1, 18], [20, 11, 21, 12]]"
11a_44_62,"[[20, 11, 21, 12], [12, 21, 13, 22], [6, 4, 7, 3], [4, 16, 5, 15], [16, 6, 17, 5], [2, 19, 3, 20], [18, 1, 19, 2], [8, 14, 9, 13], [10, 8, 11, 7], [14, 10, 15, 9], [22, 17, 1, 18]]"
11a_44_63,"[[22, 17, 1, 18], [20, 11, 21, 12], [12, 21, 13, 22], [6, 4, 7, 3], [4, 16, 5, 15], [16, 6, 17, 5], [2, 19, 3, 20], [18, 1, 19, 2], [8, 14, 9, 13], [10, 8, 11, 7], [14, 10, 15, 9]]"
11a_44_64,"[[14, 10, 15, 9], [22, 17, 1, 18], [20, 11, 21, 12], [12, 21, 13, 22], [6, 4, 7, 3], [4, 16, 5, 15], [16, 6, 17, 5], [2, 19, 3, 20], [18, 1, 19, 2], [8, 14, 9, 13], [10, 8, 11, 7]]"
11a_44_65,"[[10, 8, 11, 7], [14, 10, 15, 9], [22, 17, 1, 18], [20, 11, 21, 12], [12, 21, 13, 22], [6, 4, 7, 3], [4, 16, 5, 15], [16, 6, 17, 5], [2, 19, 3, 20], [18, 1, 19, 2], [8, 14, 9, 13]]"
11a_44_66,"[[9, 15, 10, 14], [11, 9, 12, 8], [15, 11, 16, 10], [1, 18, 2, 19], [21, 12, 22, 13], [13, 22, 14, 1], [7, 5, 8, 4], [5, 17, 6, 16], [17, 7, 18, 6], [3, 20, 4, 21], [19, 2, 20, 3]]"
11a_44_67,"[[19, 2, 20, 3], [9, 15, 10, 14], [11, 9, 12, 8], [15, 11, 16, 10], [1, 18, 2, 19], [21, 12, 22, 13], [13, 22, 14, 1], [7, 5, 8, 4], [5, 17, 6, 16], [17, 7, 18, 6], [3, 20, 4, 21]]"
11a_44_68,"[[3, 20, 4, 21], [19, 2, 20, 3], [9, 15, 10, 14], [11, 9, 12, 8], [15, 11, 16, 10], [1, 18, 2, 19], [21, 12, 22, 13], [13, 22, 14, 1], [7, 5, 8, 4], [5, 17, 6, 16], [17, 7, 18, 6]]"
11a_44_69,"[[17, 7, 18, 6], [3, 20, 4, 21], [19, 2, 20, 3], [9, 15, 10, 14], [11, 9, 12, 8], [15, 11, 16, 10], [1, 18, 2, 19], [21, 12, 22, 13], [13, 22, 14, 1], [7, 5, 8, 4], [5, 17, 6, 16]]"
11a_44_70,"[[5, 17, 6, 16], [17, 7, 18, 6], [3, 20, 4, 21], [19, 2, 20, 3], [9, 15, 10, 14], [11, 9, 12, 8], [15, 11, 16, 10], [1, 18, 2, 19], [21, 12, 22, 13], [13, 22, 14, 1], [7, 5, 8, 4]]"
11a_44_71,"[[7, 5, 8, 4], [5, 17, 6, 16], [17, 7, 18, 6], [3, 20, 4, 21], [19, 2, 20, 3], [9, 15, 10, 14], [11, 9, 12, 8], [15, 11, 16, 10], [1, 18, 2, 19], [21, 12, 22, 13], [13, 22, 14, 1]]"
11a_44_72,"[[13, 22, 14, 1], [7, 5, 8, 4], [5, 17, 6, 16], [17, 7, 18, 6], [3, 20, 4, 21], [19, 2, 20, 3], [9, 15, 10, 14], [11, 9, 12, 8], [15, 11, 16, 10], [1, 18, 2, 19], [21, 12, 22, 13]]"
11a_44_73,"[[21, 12, 22, 13], [13, 22, 14, 1], [7, 5, 8, 4], [5, 17, 6, 16], [17, 7, 18, 6], [3, 20, 4, 21], [19, 2, 20, 3], [9, 15, 10, 14], [11, 9, 12, 8], [15, 11, 16, 10], [1, 18, 2, 19]]"
11a_44_74,"[[1, 18, 2, 19], [21, 12, 22, 13], [13, 22, 14, 1], [7, 5, 8, 4], [5, 17, 6, 16], [17, 7, 18, 6], [3, 20, 4, 21], [19, 2, 20, 3], [9, 15, 10, 14], [11, 9, 12, 8], [15, 11, 16, 10]]"
11a_44_75,"[[15, 11, 16, 10], [1, 18, 2, 19], [21, 12, 22, 13], [13, 22, 14, 1], [7, 5, 8, 4], [5, 17, 6, 16], [17, 7, 18, 6], [3, 20, 4, 21], [19, 2, 20, 3], [9, 15, 10, 14], [11, 9, 12, 8]]"
11a_44_76,"[[11, 9, 12, 8], [15, 11, 16, 10], [1, 18, 2, 19], [21, 12, 22, 13], [13, 22, 14, 1], [7, 5, 8, 4], [5, 17, 6, 16], [17, 7, 18, 6], [3, 20, 4, 21], [19, 2, 20, 3], [9, 15, 10, 14]]"
11a_44_77,"[[10, 16, 11, 15], [12, 10, 13, 9], [16, 12, 17, 11], [2, 19, 3, 20], [22, 13, 1, 14], [14, 1, 15, 2], [8, 6, 9, 5], [6, 18, 7, 17], [18, 8, 19, 7], [4, 21, 5, 22], [20, 3, 21, 4]]"
11a_44_78,"[[20, 3, 21, 4], [10, 16, 11, 15], [12, 10, 13, 9], [16, 12, 17, 11], [2, 19, 3, 20], [22, 13, 1, 14], [14, 1, 15, 2], [8, 6, 9, 5], [6, 18, 7, 17], [18, 8, 19, 7], [4, 21, 5, 22]]"
11a_44_79,"[[4, 21, 5, 22], [20, 3, 21, 4], [10, 16, 11, 15], [12, 10, 13, 9], [16, 12, 17, 11], [2, 19, 3, 20], [22, 13, 1, 14], [14, 1, 15, 2], [8, 6, 9, 5], [6, 18, 7, 17], [18, 8, 19, 7]]"
11a_44_80,"[[18, 8, 19, 7], [4, 21, 5, 22], [20, 3, 21, 4], [10, 16, 11, 15], [12, 10, 13, 9], [16, 12, 17, 11], [2, 19, 3, 20], [22, 13, 1, 14], [14, 1, 15, 2], [8, 6, 9, 5], [6, 18, 7, 17]]"
11a_44_81,"[[6, 18, 7, 17], [18, 8, 19, 7], [4, 21, 5, 22], [20, 3, 21, 4], [10, 16, 11, 15], [12, 10, 13, 9], [16, 12, 17, 11], [2, 19, 3, 20], [22, 13, 1, 14], [14, 1, 15, 2], [8, 6, 9, 5]]"
11a_44_82,"[[8, 6, 9, 5], [6, 18, 7, 17], [18, 8, 19, 7], [4, 21, 5, 22], [20, 3, 21, 4], [10, 16, 11, 15], [12, 10, 13, 9], [16, 12, 17, 11], [2, 19, 3, 20], [22, 13, 1, 14], [14, 1, 15, 2]]"
11a_44_83,"[[14, 1, 15, 2], [8, 6, 9, 5], [6, 18, 7, 17], [18, 8, 19, 7], [4, 21, 5, 22], [20, 3, 21, 4], [10, 16, 11, 15], [12, 10, 13, 9], [16, 12, 17, 11], [2, 19, 3, 20], [22, 13, 1, 14]]"
11a_44_84,"[[22, 13, 1, 14], [14, 1, 15, 2], [8, 6, 9, 5], [6, 18, 7, 17], [18, 8, 19, 7], [4, 21, 5, 22], [20, 3, 21, 4], [10, 16, 11, 15], [12, 10, 13, 9], [16, 12, 17, 11], [2, 19, 3, 20]]"
11a_44_85,"[[2, 19, 3, 20], [22, 13, 1, 14], [14, 1, 15, 2], [8, 6, 9, 5], [6, 18, 7, 17], [18, 8, 19, 7], [4, 21, 5, 22], [20, 3, 21, 4], [10, 16, 11, 15], [12, 10, 13, 9], [16, 12, 17, 11]]"
11a_44_86,"[[16, 12, 17, 11], [2, 19, 3, 20], [22, 13, 1, 14], [14, 1, 15, 2], [8, 6, 9, 5], [6, 18, 7, 17], [18, 8, 19, 7], [4, 21, 5, 22], [20, 3, 21, 4], [10, 16, 11, 15], [12, 10, 13, 9]]"
11a_44_87,"[[12, 10, 13, 9], [16, 12, 17, 11], [2, 19, 3, 20], [22, 13, 1, 14], [14, 1, 15, 2], [8, 6, 9, 5], [6, 18, 7, 17], [18, 8, 19, 7], [4, 21, 5, 22], [20, 3, 21, 4], [10, 16, 11, 15]]"
11a_44_88,"[[11, 17, 12, 16], [13, 11, 14, 10], [17, 13, 18, 12], [3, 20, 4, 21], [1, 14, 2, 15], [15, 2, 16, 3], [9, 7, 10, 6], [7, 19, 8, 18], [19, 9, 20, 8], [5, 22, 6, 1], [21, 4, 22, 5]]"
11a_44_89,"[[21, 4, 22, 5], [11, 17, 12, 16], [13, 11, 14, 10], [17, 13, 18, 12], [3, 20, 4, 21], [1, 14, 2, 15], [15, 2, 16, 3], [9, 7, 10, 6], [7, 19, 8, 18], [19, 9, 20, 8], [5, 22, 6, 1]]"
11a_44_90,"[[5, 22, 6, 1], [21, 4, 22, 5], [11, 17, 12, 16], [13, 11, 14, 10], [17, 13, 18, 12], [3, 20, 4, 21], [1, 14, 2, 15], [15, 2, 16, 3], [9, 7, 10, 6], [7, 19, 8, 18], [19, 9, 20, 8]]"
11a_44_91,"[[19, 9, 20, 8], [5, 22, 6, 1], [21, 4, 22, 5], [11, 17, 12, 16], [13, 11, 14, 10], [17, 13, 18, 12], [3, 20, 4, 21], [1, 14, 2, 15], [15, 2, 16, 3], [9, 7, 10, 6], [7, 19, 8, 18]]"
11a_44_92,"[[7, 19, 8, 18], [19, 9, 20, 8], [5, 22, 6, 1], [21, 4, 22, 5], [11, 17, 12, 16], [13, 11, 14, 10], [17, 13, 18, 12], [3, 20, 4, 21], [1, 14, 2, 15], [15, 2, 16, 3], [9, 7, 10, 6]]"
11a_44_93,"[[9, 7, 10, 6], [7, 19, 8, 18], [19, 9, 20, 8], [5, 22, 6, 1], [21, 4, 22, 5], [11, 17, 12, 16], [13, 11, 14, 10], [17, 13, 18, 12], [3, 20, 4, 21], [1, 14, 2, 15], [15, 2, 16, 3]]"
11a_44_94,"[[15, 2, 16, 3], [9, 7, 10, 6], [7, 19, 8, 18], [19, 9, 20, 8], [5, 22, 6, 1], [21, 4, 22, 5], [11, 17, 12, 16], [13, 11, 14, 10], [17, 13, 18, 12], [3, 20, 4, 21], [1, 14, 2, 15]]"
11a_44_95,"[[1, 14, 2, 15], [15, 2, 16, 3], [9, 7, 10, 6], [7, 19, 8, 18], [19, 9, 20, 8], [5, 22, 6, 1], [21, 4, 22, 5], [11, 17, 12, 16], [13, 11, 14, 10], [17, 13, 18, 12], [3, 20, 4, 21]]"
11a_44_96,"[[3, 20, 4, 21], [1, 14, 2, 15], [15, 2, 16, 3], [9, 7, 10, 6], [7, 19, 8, 18], [19, 9, 20, 8], [5, 22, 6, 1], [21, 4, 22, 5], [11, 17, 12, 16], [13, 11, 14, 10], [17, 13, 18, 12]]"
11a_44_97,"[[17, 13, 18, 12], [3, 20, 4, 21], [1, 14, 2, 15], [15, 2, 16, 3], [9, 7, 10, 6], [7, 19, 8, 18], [19, 9, 20, 8], [5, 22, 6, 1], [21, 4, 22, 5], [11, 17, 12, 16], [13, 11, 14, 10]]"
11a_44_98,"[[13, 11, 14, 10], [17, 13, 18, 12], [3, 20, 4, 21], [1, 14, 2, 15], [15, 2, 16, 3], [9, 7, 10, 6], [7, 19, 8, 18], [19, 9, 20, 8], [5, 22, 6, 1], [21, 4, 22, 5], [11, 17, 12, 16]]"
11a_44_99,"[[12, 18, 13, 17], [14, 12, 15, 11], [18, 14, 19, 13], [4, 21, 5, 22], [2, 15, 3, 16], [16, 3, 17, 4], [10, 8, 11, 7], [8, 20, 9, 19], [20, 10, 21, 9], [6, 1, 7, 2], [22, 5, 1, 6]]"
11a_44_100,"[[22, 5, 1, 6], [12, 18, 13, 17], [14, 12, 15, 11], [18, 14, 19, 13], [4, 21, 5, 22], [2, 15, 3, 16], [16, 3, 17, 4], [10, 8, 11, 7], [8, 20, 9, 19], [20, 10, 21, 9], [6, 1, 7, 2]]"
11a_44_101,"[[6, 1, 7, 2], [22, 5, 1, 6], [12, 18, 13, 17], [14, 12, 15, 11], [18, 14, 19, 13], [4, 21, 5, 22], [2, 15, 3, 16], [16, 3, 17, 4], [10, 8, 11, 7], [8, 20, 9, 19], [20, 10, 21, 9]]"
11a_44_102,"[[20, 10, 21, 9], [6, 1, 7, 2], [22, 5, 1, 6], [12, 18, 13, 17], [14, 12, 15, 11], [18, 14, 19, 13], [4, 21, 5, 22], [2, 15, 3, 16], [16, 3, 17, 4], [10, 8, 11, 7], [8, 20, 9, 19]]"
11a_44_103,"[[8, 20, 9, 19], [20, 10, 21, 9], [6, 1, 7, 2], [22, 5, 1, 6], [12, 18, 13, 17], [14, 12, 15, 11], [18, 14, 19, 13], [4, 21, 5, 22], [2, 15, 3, 16], [16, 3, 17, 4], [10, 8, 11, 7]]"
11a_44_104,"[[10, 8, 11, 7], [8, 20, 9, 19], [20, 10, 21, 9], [6, 1, 7, 2], [22, 5, 1, 6], [12, 18, 13, 17], [14, 12, 15, 11], [18, 14, 19, 13], [4, 21, 5, 22], [2, 15, 3, 16], [16, 3, 17, 4]]"
11a_44_105,"[[16, 3, 17, 4], [10, 8, 11, 7], [8, 20, 9, 19], [20, 10, 21, 9], [6, 1, 7, 2], [22, 5, 1, 6], [12, 18, 13, 17], [14, 12, 15, 11], [18, 14, 19, 13], [4, 21, 5, 22], [2, 15, 3, 16]]"
11a_44_106,"[[2, 15, 3, 16], [16, 3, 17, 4], [10, 8, 11, 7], [8, 20, 9, 19], [20, 10, 21, 9], [6, 1, 7, 2], [22, 5, 1, 6], [12, 18, 13, 17], [14, 12, 15, 11], [18, 14, 19, 13], [4, 21, 5, 22]]"
11a_44_107,"[[4, 21, 5, 22], [2, 15, 3, 16], [16, 3, 17, 4], [10, 8, 11, 7], [8, 20, 9, 19], [20, 10, 21, 9], [6, 1, 7, 2], [22, 5, 1, 6], [12, 18, 13, 17], [14, 12, 15, 11], [18, 14, 19, 13]]"
11a_44_108,"[[18, 14, 19, 13], [4, 21, 5, 22], [2, 15, 3, 16], [16, 3, 17, 4], [10, 8, 11, 7], [8, 20, 9, 19], [20, 10, 21, 9], [6, 1, 7, 2], [22, 5, 1, 6], [12, 18, 13, 17], [14, 12, 15, 11]]"
11a_44_109,"[[14, 12, 15, 11], [18, 14, 19, 13], [4, 21, 5, 22], [2, 15, 3, 16], [16, 3, 17, 4], [10, 8, 11, 7], [8, 20, 9, 19], [20, 10, 21, 9], [6, 1, 7, 2], [22, 5, 1, 6], [12, 18, 13, 17]]"
11a_44_110,"[[13, 19, 14, 18], [15, 13, 16, 12], [19, 15, 20, 14], [5, 22, 6, 1], [3, 16, 4, 17], [17, 4, 18, 5], [11, 9, 12, 8], [9, 21, 10, 20], [21, 11, 22, 10], [7, 2, 8, 3], [1, 6, 2, 7]]"
11a_44_111,"[[1, 6, 2, 7], [13, 19, 14, 18], [15, 13, 16, 12], [19, 15, 20, 14], [5, 22, 6, 1], [3, 16, 4, 17], [17, 4, 18, 5], [11, 9, 12, 8], [9, 21, 10, 20], [21, 11, 22, 10], [7, 2, 8, 3]]"
11a_44_112,"[[7, 2, 8, 3], [1, 6, 2, 7], [13, 19, 14, 18], [15, 13, 16, 12], [19, 15, 20, 14], [5, 22, 6, 1], [3, 16, 4, 17], [17, 4, 18, 5], [11, 9, 12, 8], [9, 21, 10, 20], [21, 11, 22, 10]]"
11a_44_113,"[[21, 11, 22, 10], [7, 2, 8, 3], [1, 6, 2, 7], [13, 19, 14, 18], [15, 13, 16, 12], [19, 15, 20, 14], [5, 22, 6, 1], [3, 16, 4, 17], [17, 4, 18, 5], [11, 9, 12, 8], [9, 21, 10, 20]]"
11a_44_114,"[[9, 21, 10, 20], [21, 11, 22, 10], [7, 2, 8, 3], [1, 6, 2, 7], [13, 19, 14, 18], [15, 13, 16, 12], [19, 15, 20, 14], [5, 22, 6, 1], [3, 16, 4, 17], [17, 4, 18, 5], [11, 9, 12, 8]]"
11a_44_115,"[[11, 9, 12, 8], [9, 21, 10, 20], [21, 11, 22, 10], [7, 2, 8, 3], [1, 6, 2, 7], [13, 19, 14, 18], [15, 13, 16, 12], [19, 15, 20, 14], [5, 22, 6, 1], [3, 16, 4, 17], [17, 4, 18, 5]]"
11a_44_116,"[[17, 4, 18, 5], [11, 9, 12, 8], [9, 21, 10, 20], [21, 11, 22, 10], [7, 2, 8, 3], [1, 6, 2, 7], [13, 19, 14, 18], [15, 13, 16, 12], [19, 15, 20, 14], [5, 22, 6, 1], [3, 16, 4, 17]]"
11a_44_117,"[[3, 16, 4, 17], [17, 4, 18, 5], [11, 9, 12, 8], [9, 21, 10, 20], [21, 11, 22, 10], [7, 2, 8, 3], [1, 6, 2, 7], [13, 19, 14, 18], [15, 13, 16, 12], [19, 15, 20, 14], [5, 22, 6, 1]]"
11a_44_118,"[[5, 22, 6, 1], [3, 16, 4, 17], [17, 4, 18, 5], [11, 9, 12, 8], [9, 21, 10, 20], [21, 11, 22, 10], [7, 2, 8, 3], [1, 6, 2, 7], [13, 19, 14, 18], [15, 13, 16, 12], [19, 15, 20, 14]]"
11a_44_119,"[[19, 15, 20, 14], [5, 22, 6, 1], [3, 16, 4, 17], [17, 4, 18, 5], [11, 9, 12, 8], [9, 21, 10, 20], [21, 11, 22, 10], [7, 2, 8, 3], [1, 6, 2, 7], [13, 19, 14, 18], [15, 13, 16, 12]]"
11a_44_120,"[[15, 13, 16, 12], [19, 15, 20, 14], [5, 22, 6, 1], [3, 16, 4, 17], [17, 4, 18, 5], [11, 9, 12, 8], [9, 21, 10, 20], [21, 11, 22, 10], [7, 2, 8, 3], [1, 6, 2, 7], [13, 19, 14, 18]]"
11a_44_121,"[[14, 20, 15, 19], [16, 14, 17, 13], [20, 16, 21, 15], [6, 1, 7, 2], [4, 17, 5, 18], [18, 5, 19, 6], [12, 10, 13, 9], [10, 22, 11, 21], [22, 12, 1, 11], [8, 3, 9, 4], [2, 7, 3, 8]]"
11a_44_122,"[[2, 7, 3, 8], [14, 20, 15, 19], [16, 14, 17, 13], [20, 16, 21, 15], [6, 1, 7, 2], [4, 17, 5, 18], [18, 5, 19, 6], [12, 10, 13, 9], [10, 22, 11, 21], [22, 12, 1, 11], [8, 3, 9, 4]]"
11a_44_123,"[[8, 3, 9, 4], [2, 7, 3, 8], [14, 20, 15, 19], [16, 14, 17, 13], [20, 16, 21, 15], [6, 1, 7, 2], [4, 17, 5, 18], [18, 5, 19, 6], [12, 10, 13, 9], [10, 22, 11, 21], [22, 12, 1, 11]]"
11a_44_124,"[[22, 12, 1, 11], [8, 3, 9, 4], [2, 7, 3, 8], [14, 20, 15, 19], [16, 14, 17, 13], [20, 16, 21, 15], [6, 1, 7, 2], [4, 17, 5, 18], [18, 5, 19, 6], [12, 10, 13, 9], [10, 22, 11, 21]]"
11a_44_125,"[[10, 22, 11, 21], [22, 12, 1, 11], [8, 3, 9, 4], [2, 7, 3, 8], [14, 20, 15, 19], [16, 14, 17, 13], [20, 16, 21, 15], [6, 1, 7, 2], [4, 17, 5, 18], [18, 5, 19, 6], [12, 10, 13, 9]]"
11a_44_126,"[[12, 10, 13, 9], [10, 22, 11, 21], [22, 12, 1, 11], [8, 3, 9, 4], [2, 7, 3, 8], [14, 20, 15, 19], [16, 14, 17, 13], [20, 16, 21, 15], [6, 1, 7, 2], [4, 17, 5, 18], [18, 5, 19, 6]]"
11a_44_127,"[[18, 5, 19, 6], [12, 10, 13, 9], [10, 22, 11, 21], [22, 12, 1, 11], [8, 3, 9, 4], [2, 7, 3, 8], [14, 20, 15, 19], [16, 14, 17, 13], [20, 16, 21, 15], [6, 1, 7, 2], [4, 17, 5, 18]]"
11a_44_128,"[[4, 17, 5, 18], [18, 5, 19, 6], [12, 10, 13, 9], [10, 22, 11, 21], [22, 12, 1, 11], [8, 3, 9, 4], [2, 7, 3, 8], [14, 20, 15, 19], [16, 14, 17, 13], [20, 16, 21, 15], [6, 1, 7, 2]]"
11a_44_129,"[[6, 1, 7, 2], [4, 17, 5, 18], [18, 5, 19, 6], [12, 10, 13, 9], [10, 22, 11, 21], [22, 12, 1, 11], [8, 3, 9, 4], [2, 7, 3, 8], [14, 20, 15, 19], [16, 14, 17, 13], [20, 16, 21, 15]]"
11a_44_130,"[[20, 16, 21, 15], [6, 1, 7, 2], [4, 17, 5, 18], [18, 5, 19, 6], [12, 10, 13, 9], [10, 22, 11, 21], [22, 12, 1, 11], [8, 3, 9, 4], [2, 7, 3, 8], [14, 20, 15, 19], [16, 14, 17, 13]]"
11a_44_131,"[[16, 14, 17, 13], [20, 16, 21, 15], [6, 1, 7, 2], [4, 17, 5, 18], [18, 5, 19, 6], [12, 10, 13, 9], [10, 22, 11, 21], [22, 12, 1, 11], [8, 3, 9, 4], [2, 7, 3, 8], [14, 20, 15, 19]]"
11a_44_132,"[[15, 21, 16, 20], [17, 15, 18, 14], [21, 17, 22, 16], [7, 2, 8, 3], [5, 18, 6, 19], [19, 6, 20, 7], [13, 11, 14, 10], [11, 1, 12, 22], [1, 13, 2, 12], [9, 4, 10, 5], [3, 8, 4, 9]]"
11a_44_133,"[[3, 8, 4, 9], [15, 21, 16, 20], [17, 15, 18, 14], [21, 17, 22, 16], [7, 2, 8, 3], [5, 18, 6, 19], [19, 6, 20, 7], [13, 11, 14, 10], [11, 1, 12, 22], [1, 13, 2, 12], [9, 4, 10, 5]]"
11a_44_134,"[[9, 4, 10, 5], [3, 8, 4, 9], [15, 21, 16, 20], [17, 15, 18, 14], [21, 17, 22, 16], [7, 2, 8, 3], [5, 18, 6, 19], [19, 6, 20, 7], [13, 11, 14, 10], [11, 1, 12, 22], [1, 13, 2, 12]]"
11a_44_135,"[[1, 13, 2, 12], [9, 4, 10, 5], [3, 8, 4, 9], [15, 21, 16, 20], [17, 15, 18, 14], [21, 17, 22, 16], [7, 2, 8, 3], [5, 18, 6, 19], [19, 6, 20, 7], [13, 11, 14, 10], [11, 1, 12, 22]]"
11a_44_136,"[[11, 1, 12, 22], [1, 13, 2, 12], [9, 4, 10, 5], [3, 8, 4, 9], [15, 21, 16, 20], [17, 15, 18, 14], [21, 17, 22, 16], [7, 2, 8, 3], [5, 18, 6, 19], [19, 6, 20, 7], [13, 11, 14, 10]]"
11a_44_137,"[[13, 11, 14, 10], [11, 1, 12, 22], [1, 13, 2, 12], [9, 4, 10, 5], [3, 8, 4, 9], [15, 21, 16, 20], [17, 15, 18, 14], [21, 17, 22, 16], [7, 2, 8, 3], [5, 18, 6, 19], [19, 6, 20, 7]]"
11a_44_138,"[[19, 6, 20, 7], [13, 11, 14, 10], [11, 1, 12, 22], [1, 13, 2, 12], [9, 4, 10, 5], [3, 8, 4, 9], [15, 21, 16, 20], [17, 15, 18, 14], [21, 17, 22, 16], [7, 2, 8, 3], [5, 18, 6, 19]]"
11a_44_139,"[[5, 18, 6, 19], [19, 6, 20, 7], [13, 11, 14, 10], [11, 1, 12, 22], [1, 13, 2, 12], [9, 4, 10, 5], [3, 8, 4, 9], [15, 21, 16, 20], [17, 15, 18, 14], [21, 17, 22, 16], [7, 2, 8, 3]]"
11a_44_140,"[[7, 2, 8, 3], [5, 18, 6, 19], [19, 6, 20, 7], [13, 11, 14, 10], [11, 1, 12, 22], [1, 13, 2, 12], [9, 4, 10, 5], [3, 8, 4, 9], [15, 21, 16, 20], [17, 15, 18, 14], [21, 17, 22, 16]]"
11a_44_141,"[[21, 17, 22, 16], [7, 2, 8, 3], [5, 18, 6, 19], [19, 6, 20, 7], [13, 11, 14, 10], [11, 1, 12, 22], [1, 13, 2, 12], [9, 4, 10, 5], [3, 8, 4, 9], [15, 21, 16, 20], [17, 15, 18, 14]]"
11a_44_142,"[[17, 15, 18, 14], [21, 17, 22, 16], [7, 2, 8, 3], [5, 18, 6, 19], [19, 6, 20, 7], [13, 11, 14, 10], [11, 1, 12, 22], [1, 13, 2, 12], [9, 4, 10, 5], [3, 8, 4, 9], [15, 21, 16, 20]]"
11a_44_143,"[[16, 22, 17, 21], [18, 16, 19, 15], [22, 18, 1, 17], [8, 3, 9, 4], [6, 19, 7, 20], [20, 7, 21, 8], [14, 12, 15, 11], [12, 2, 13, 1], [2, 14, 3, 13], [10, 5, 11, 6], [4, 9, 5, 10]]"
11a_44_144,"[[4, 9, 5, 10], [16, 22, 17, 21], [18, 16, 19, 15], [22, 18, 1, 17], [8, 3, 9, 4], [6, 19, 7, 20], [20, 7, 21, 8], [14, 12, 15, 11], [12, 2, 13, 1], [2, 14, 3, 13], [10, 5, 11, 6]]"
11a_44_145,"[[10, 5, 11, 6], [4, 9, 5, 10], [16, 22, 17, 21], [18, 16, 19, 15], [22, 18, 1, 17], [8, 3, 9, 4], [6, 19, 7, 20], [20, 7, 21, 8], [14, 12, 15, 11], [12, 2, 13, 1], [2, 14, 3, 13]]"
11a_44_146,"[[2, 14, 3, 13], [10, 5, 11, 6], [4, 9, 5, 10], [16, 22, 17, 21], [18, 16, 19, 15], [22, 18, 1, 17], [8, 3, 9, 4], [6, 19, 7, 20], [20, 7, 21, 8], [14, 12, 15, 11], [12, 2, 13, 1]]"
11a_44_147,"[[12, 2, 13, 1], [2, 14, 3, 13], [10, 5, 11, 6], [4, 9, 5, 10], [16, 22, 17, 21], [18, 16, 19, 15], [22, 18, 1, 17], [8, 3, 9, 4], [6, 19, 7, 20], [20, 7, 21, 8], [14, 12, 15, 11]]"
11a_44_148,"[[14, 12, 15, 11], [12, 2, 13, 1], [2, 14, 3, 13], [10, 5, 11, 6], [4, 9, 5, 10], [16, 22, 17, 21], [18, 16, 19, 15], [22, 18, 1, 17], [8, 3, 9, 4], [6, 19, 7, 20], [20, 7, 21, 8]]"
11a_44_149,"[[20, 7, 21, 8], [14, 12, 15, 11], [12, 2, 13, 1], [2, 14, 3, 13], [10, 5, 11, 6], [4, 9, 5, 10], [16, 22, 17, 21], [18, 16, 19, 15], [22, 18, 1, 17], [8, 3, 9, 4], [6, 19, 7, 20]]"
11a_44_150,"[[6, 19, 7, 20], [20, 7, 21, 8], [14, 12, 15, 11], [12, 2, 13, 1], [2, 14, 3, 13], [10, 5, 11, 6], [4, 9, 5, 10], [16, 22, 17, 21], [18, 16, 19, 15], [22, 18, 1, 17], [8, 3, 9, 4]]"
11a_44_151,"[[8, 3, 9, 4], [6, 19, 7, 20], [20, 7, 21, 8], [14, 12, 15, 11], [12, 2, 13, 1], [2, 14, 3, 13], [10, 5, 11, 6], [4, 9, 5, 10], [16, 22, 17, 21], [18, 16, 19, 15], [22, 18, 1, 17]]"
11a_44_152,"[[22, 18, 1, 17], [8, 3, 9, 4], [6, 19, 7, 20], [20, 7, 21, 8], [14, 12, 15, 11], [12, 2, 13, 1], [2, 14, 3, 13], [10, 5, 11, 6], [4, 9, 5, 10], [16, 22, 17, 21], [18, 16, 19, 15]]"
11a_44_153,"[[18, 16, 19, 15], [22, 18, 1, 17], [8, 3, 9, 4], [6, 19, 7, 20], [20, 7, 21, 8], [14, 12, 15, 11], [12, 2, 13, 1], [2, 14, 3, 13], [10, 5, 11, 6], [4, 9, 5, 10], [16, 22, 17, 21]]"
11a_44_154,"[[17, 1, 18, 22], [19, 17, 20, 16], [1, 19, 2, 18], [9, 4, 10, 5], [7, 20, 8, 21], [21, 8, 22, 9], [15, 13, 16, 12], [13, 3, 14, 2], [3, 15, 4, 14], [11, 6, 12, 7], [5, 10, 6, 11]]"
11a_44_155,"[[5, 10, 6, 11], [17, 1, 18, 22], [19, 17, 20, 16], [1, 19, 2, 18], [9, 4, 10, 5], [7, 20, 8, 21], [21, 8, 22, 9], [15, 13, 16, 12], [13, 3, 14, 2], [3, 15, 4, 14], [11, 6, 12, 7]]"
11a_44_156,"[[11, 6, 12, 7], [5, 10, 6, 11], [17, 1, 18, 22], [19, 17, 20, 16], [1, 19, 2, 18], [9, 4, 10, 5], [7, 20, 8, 21], [21, 8, 22, 9], [15, 13, 16, 12], [13, 3, 14, 2], [3, 15, 4, 14]]"
11a_44_157,"[[3, 15, 4, 14], [11, 6, 12, 7], [5, 10, 6, 11], [17, 1, 18, 22], [19, 17, 20, 16], [1, 19, 2, 18], [9, 4, 10, 5], [7, 20, 8, 21], [21, 8, 22, 9], [15, 13, 16, 12], [13, 3, 14, 2]]"
11a_44_158,"[[13, 3, 14, 2], [3, 15, 4, 14], [11, 6, 12, 7], [5, 10, 6, 11], [17, 1, 18, 22], [19, 17, 20, 16], [1, 19, 2, 18], [9, 4, 10, 5], [7, 20, 8, 21], [21, 8, 22, 9], [15, 13, 16, 12]]"
11a_44_159,"[[15, 13, 16, 12], [13, 3, 14, 2], [3, 15, 4, 14], [11, 6, 12, 7], [5, 10, 6, 11], [17, 1, 18, 22], [19, 17, 20, 16], [1, 19, 2, 18], [9, 4, 10, 5], [7, 20, 8, 21], [21, 8, 22, 9]]"
11a_44_160,"[[21, 8, 22, 9], [15, 13, 16, 12], [13, 3, 14, 2], [3, 15, 4, 14], [11, 6, 12, 7], [5, 10, 6, 11], [17, 1, 18, 22], [19, 17, 20, 16], [1, 19, 2, 18], [9, 4, 10, 5], [7, 20, 8, 21]]"
11a_44_161,"[[7, 20, 8, 21], [21, 8, 22, 9], [15, 13, 16, 12], [13, 3, 14, 2], [3, 15, 4, 14], [11, 6, 12, 7], [5, 10, 6, 11], [17, 1, 18, 22], [19, 17, 20, 16], [1, 19, 2, 18], [9, 4, 10, 5]]"
11a_44_162,"[[9, 4, 10, 5], [7, 20, 8, 21], [21, 8, 22, 9], [15, 13, 16, 12], [13, 3, 14, 2], [3, 15, 4, 14], [11, 6, 12, 7], [5, 10, 6, 11], [17, 1, 18, 22], [19, 17, 20, 16], [1, 19, 2, 18]]"
11a_44_163,"[[1, 19, 2, 18], [9, 4, 10, 5], [7, 20, 8, 21], [21, 8, 22, 9], [15, 13, 16, 12], [13, 3, 14, 2], [3, 15, 4, 14], [11, 6, 12, 7], [5, 10, 6, 11], [17, 1, 18, 22], [19, 17, 20, 16]]"
11a_44_164,"[[19, 17, 20, 16], [1, 19, 2, 18], [9, 4, 10, 5], [7, 20, 8, 21], [21, 8, 22, 9], [15, 13, 16, 12], [13, 3, 14, 2], [3, 15, 4, 14], [11, 6, 12, 7], [5, 10, 6, 11], [17, 1, 18, 22]]"
11a_44_165,"[[18, 2, 19, 1], [20, 18, 21, 17], [2, 20, 3, 19], [10, 5, 11, 6], [8, 21, 9, 22], [22, 9, 1, 10], [16, 14, 17, 13], [14, 4, 15, 3], [4, 16, 5, 15], [12, 7, 13, 8], [6, 11, 7, 12]]"
11a_44_166,"[[6, 11, 7, 12], [18, 2, 19, 1], [20, 18, 21, 17], [2, 20, 3, 19], [10, 5, 11, 6], [8, 21, 9, 22], [22, 9, 1, 10], [16, 14, 17, 13], [14, 4, 15, 3], [4, 16, 5, 15], [12, 7, 13, 8]]"
11a_44_167,"[[12, 7, 13, 8], [6, 11, 7, 12], [18, 2, 19, 1], [20, 18, 21, 17], [2, 20, 3, 19], [10, 5, 11, 6], [8, 21, 9, 22], [22, 9, 1, 10], [16, 14, 17, 13], [14, 4, 15, 3], [4, 16, 5, 15]]"
11a_44_168,"[[4, 16, 5, 15], [12, 7, 13, 8], [6, 11, 7, 12], [18, 2, 19, 1], [20, 18, 21, 17], [2, 20, 3, 19], [10, 5, 11, 6], [8, 21, 9, 22], [22, 9, 1, 10], [16, 14, 17, 13], [14, 4, 15, 3]]"
11a_44_169,"[[14, 4, 15, 3], [4, 16, 5, 15], [12, 7, 13, 8], [6, 11, 7, 12], [18, 2, 19, 1], [20, 18, 21, 17], [2, 20, 3, 19], [10, 5, 11, 6], [8, 21, 9, 22], [22, 9, 1, 10], [16, 14, 17, 13]]"
11a_44_170,"[[16, 14, 17, 13], [14, 4, 15, 3], [4, 16, 5, 15], [12, 7, 13, 8], [6, 11, 7, 12], [18, 2, 19, 1], [20, 18, 21, 17], [2, 20, 3, 19], [10, 5, 11, 6], [8, 21, 9, 22], [22, 9, 1, 10]]"
11a_44_171,"[[22, 9, 1, 10], [16, 14, 17, 13], [14, 4, 15, 3], [4, 16, 5, 15], [12, 7, 13, 8], [6, 11, 7, 12], [18, 2, 19, 1], [20, 18, 21, 17], [2, 20, 3, 19], [10, 5, 11, 6], [8, 21, 9, 22]]"
11a_44_172,"[[8, 21, 9, 22], [22, 9, 1, 10], [16, 14, 17, 13], [14, 4, 15, 3], [4, 16, 5, 15], [12, 7, 13, 8], [6, 11, 7, 12], [18, 2, 19, 1], [20, 18, 21, 17], [2, 20, 3, 19], [10, 5, 11, 6]]"
11a_44_173,"[[10, 5, 11, 6], [8, 21, 9, 22], [22, 9, 1, 10], [16, 14, 17, 13], [14, 4, 15, 3], [4, 16, 5, 15], [12, 7, 13, 8], [6, 11, 7, 12], [18, 2, 19, 1], [20, 18, 21, 17], [2, 20, 3, 19]]"
11a_44_174,"[[2, 20, 3, 19], [10, 5, 11, 6], [8, 21, 9, 22], [22, 9, 1, 10], [16, 14, 17, 13], [14, 4, 15, 3], [4, 16, 5, 15], [12, 7, 13, 8], [6, 11, 7, 12], [18, 2, 19, 1], [20, 18, 21, 17]]"
11a_44_175,"[[20, 18, 21, 17], [2, 20, 3, 19], [10, 5, 11, 6], [8, 21, 9, 22], [22, 9, 1, 10], [16, 14, 17, 13], [14, 4, 15, 3], [4, 16, 5, 15], [12, 7, 13, 8], [6, 11, 7, 12], [18, 2, 19, 1]]"
11a_44_176,"[[19, 3, 20, 2], [21, 19, 22, 18], [3, 21, 4, 20], [11, 6, 12, 7], [9, 22, 10, 1], [1, 10, 2, 11], [17, 15, 18, 14], [15, 5, 16, 4], [5, 17, 6, 16], [13, 8, 14, 9], [7, 12, 8, 13]]"
11a_44_177,"[[7, 12, 8, 13], [19, 3, 20, 2], [21, 19, 22, 18], [3, 21, 4, 20], [11, 6, 12, 7], [9, 22, 10, 1], [1, 10, 2, 11], [17, 15, 18, 14], [15, 5, 16, 4], [5, 17, 6, 16], [13, 8, 14, 9]]"
11a_44_178,"[[13, 8, 14, 9], [7, 12, 8, 13], [19, 3, 20, 2], [21, 19, 22, 18], [3, 21, 4, 20], [11, 6, 12, 7], [9, 22, 10, 1], [1, 10, 2, 11], [17, 15, 18, 14], [15, 5, 16, 4], [5, 17, 6, 16]]"
11a_44_179,"[[5, 17, 6, 16], [13, 8, 14, 9], [7, 12, 8, 13], [19, 3, 20, 2], [21, 19, 22, 18], [3, 21, 4, 20], [11, 6, 12, 7], [9, 22, 10, 1], [1, 10, 2, 11], [17, 15, 18, 14], [15, 5, 16, 4]]"
11a_44_180,"[[15, 5, 16, 4], [5, 17, 6, 16], [13, 8, 14, 9], [7, 12, 8, 13], [19, 3, 20, 2], [21, 19, 22, 18], [3, 21, 4, 20], [11, 6, 12, 7], [9, 22, 10, 1], [1, 10, 2, 11], [17, 15, 18, 14]]"
11a_44_181,"[[17, 15, 18, 14], [15, 5, 16, 4], [5, 17, 6, 16], [13, 8, 14, 9], [7, 12, 8, 13], [19, 3, 20, 2], [21, 19, 22, 18], [3, 21, 4, 20], [11, 6, 12, 7], [9, 22, 10, 1], [1, 10, 2, 11]]"
11a_44_182,"[[1, 10, 2, 11], [17, 15, 18, 14], [15, 5, 16, 4], [5, 17, 6, 16], [13, 8, 14, 9], [7, 12, 8, 13], [19, 3, 20, 2], [21, 19, 22, 18], [3, 21, 4, 20], [11, 6, 12, 7], [9, 22, 10, 1]]"
11a_44_183,"[[9, 22, 10, 1], [1, 10, 2, 11], [17, 15, 18, 14], [15, 5, 16, 4], [5, 17, 6, 16], [13, 8, 14, 9], [7, 12, 8, 13], [19, 3, 20, 2], [21, 19, 22, 18], [3, 21, 4, 20], [11, 6, 12, 7]]"
11a_44_184,"[[11, 6, 12, 7], [9, 22, 10, 1], [1, 10, 2, 11], [17, 15, 18, 14], [15, 5, 16, 4], [5, 17, 6, 16], [13, 8, 14, 9], [7, 12, 8, 13], [19, 3, 20, 2], [21, 19, 22, 18], [3, 21, 4, 20]]"
11a_44_185,"[[3, 21, 4, 20], [11, 6, 12, 7], [9, 22, 10, 1], [1, 10, 2, 11], [17, 15, 18, 14], [15, 5, 16, 4], [5, 17, 6, 16], [13, 8, 14, 9], [7, 12, 8, 13], [19, 3, 20, 2], [21, 19, 22, 18]]"
11a_44_186,"[[21, 19, 22, 18], [3, 21, 4, 20], [11, 6, 12, 7], [9, 22, 10, 1], [1, 10, 2, 11], [17, 15, 18, 14], [15, 5, 16, 4], [5, 17, 6, 16], [13, 8, 14, 9], [7, 12, 8, 13], [19, 3, 20, 2]]"
11a_44_187,"[[20, 4, 21, 3], [22, 20, 1, 19], [4, 22, 5, 21], [12, 7, 13, 8], [10, 1, 11, 2], [2, 11, 3, 12], [18, 16, 19, 15], [16, 6, 17, 5], [6, 18, 7, 17], [14, 9, 15, 10], [8, 13, 9, 14]]"
11a_44_188,"[[8, 13, 9, 14], [20, 4, 21, 3], [22, 20, 1, 19], [4, 22, 5, 21], [12, 7, 13, 8], [10, 1, 11, 2], [2, 11, 3, 12], [18, 16, 19, 15], [16, 6, 17, 5], [6, 18, 7, 17], [14, 9, 15, 10]]"
11a_44_189,"[[14, 9, 15, 10], [8, 13, 9, 14], [20, 4, 21, 3], [22, 20, 1, 19], [4, 22, 5, 21], [12, 7, 13, 8], [10, 1, 11, 2], [2, 11, 3, 12], [18, 16, 19, 15], [16, 6, 17, 5], [6, 18, 7, 17]]"
11a_44_190,"[[6, 18, 7, 17], [14, 9, 15, 10], [8, 13, 9, 14], [20, 4, 21, 3], [22, 20, 1, 19], [4, 22, 5, 21], [12, 7, 13, 8], [10, 1, 11, 2], [2, 11, 3, 12], [18, 16, 19, 15], [16, 6, 17, 5]]"
11a_44_191,"[[16, 6, 17, 5], [6, 18, 7, 17], [14, 9, 15, 10], [8, 13, 9, 14], [20, 4, 21, 3], [22, 20, 1, 19], [4, 22, 5, 21], [12, 7, 13, 8], [10, 1, 11, 2], [2, 11, 3, 12], [18, 16, 19, 15]]"
11a_44_192,"[[18, 16, 19, 15], [16, 6, 17, 5], [6, 18, 7, 17], [14, 9, 15, 10], [8, 13, 9, 14], [20, 4, 21, 3], [22, 20, 1, 19], [4, 22, 5, 21], [12, 7, 13, 8], [10, 1, 11, 2], [2, 11, 3, 12]]"
11a_44_193,"[[2, 11, 3, 12], [18, 16, 19, 15], [16, 6, 17, 5], [6, 18, 7, 17], [14, 9, 15, 10], [8, 13, 9, 14], [20, 4, 21, 3], [22, 20, 1, 19], [4, 22, 5, 21], [12, 7, 13, 8], [10, 1, 11, 2]]"
11a_44_194,"[[10, 1, 11, 2], [2, 11, 3, 12], [18, 16, 19, 15], [16, 6, 17, 5], [6, 18, 7, 17], [14, 9, 15, 10], [8, 13, 9, 14], [20, 4, 21, 3], [22, 20, 1, 19], [4, 22, 5, 21], [12, 7, 13, 8]]"
11a_44_195,"[[12, 7, 13, 8], [10, 1, 11, 2], [2, 11, 3, 12], [18, 16, 19, 15], [16, 6, 17, 5], [6, 18, 7, 17], [14, 9, 15, 10], [8, 13, 9, 14], [20, 4, 21, 3], [22, 20, 1, 19], [4, 22, 5, 21]]"
11a_44_196,"[[4, 22, 5, 21], [12, 7, 13, 8], [10, 1, 11, 2], [2, 11, 3, 12], [18, 16, 19, 15], [16, 6, 17, 5], [6, 18, 7, 17], [14, 9, 15, 10], [8, 13, 9, 14], [20, 4, 21, 3], [22, 20, 1, 19]]"
11a_44_197,"[[22, 20, 1, 19], [4, 22, 5, 21], [12, 7, 13, 8], [10, 1, 11, 2], [2, 11, 3, 12], [18, 16, 19, 15], [16, 6, 17, 5], [6, 18, 7, 17], [14, 9, 15, 10], [8, 13, 9, 14], [20, 4, 21, 3]]"
11a_44_198,"[[21, 5, 22, 4], [1, 21, 2, 20], [5, 1, 6, 22], [13, 8, 14, 9], [11, 2, 12, 3], [3, 12, 4, 13], [19, 17, 20, 16], [17, 7, 18, 6], [7, 19, 8, 18], [15, 10, 16, 11], [9, 14, 10, 15]]"
11a_44_199,"[[9, 14, 10, 15], [21, 5, 22, 4], [1, 21, 2, 20], [5, 1, 6, 22], [13, 8, 14, 9], [11, 2, 12, 3], [3, 12, 4, 13], [19, 17, 20, 16], [17, 7, 18, 6], [7, 19, 8, 18], [15, 10, 16, 11]]"
11a_44_200,"[[15, 10, 16, 11], [9, 14, 10, 15], [21, 5, 22, 4], [1, 21, 2, 20], [5, 1, 6, 22], [13, 8, 14, 9], [11, 2, 12, 3], [3, 12, 4, 13], [19, 17, 20, 16], [17, 7, 18, 6], [7, 19, 8, 18]]"
11a_44_201,"[[7, 19, 8, 18], [15, 10, 16, 11], [9, 14, 10, 15], [21, 5, 22, 4], [1, 21, 2, 20], [5, 1, 6, 22], [13, 8, 14, 9], [11, 2, 12, 3], [3, 12, 4, 13], [19, 17, 20, 16], [17, 7, 18, 6]]"
11a_44_202,"[[17, 7, 18, 6], [7, 19, 8, 18], [15, 10, 16, 11], [9, 14, 10, 15], [21, 5, 22, 4], [1, 21, 2, 20], [5, 1, 6, 22], [13, 8, 14, 9], [11, 2, 12, 3], [3, 12, 4, 13], [19, 17, 20, 16]]"
11a_44_203,"[[19, 17, 20, 16], [17, 7, 18, 6], [7, 19, 8, 18], [15, 10, 16, 11], [9, 14, 10, 15], [21, 5, 22, 4], [1, 21, 2, 20], [5, 1, 6, 22], [13, 8, 14, 9], [11, 2, 12, 3], [3, 12, 4, 13]]"
11a_44_204,"[[3, 12, 4, 13], [19, 17, 20, 16], [17, 7, 18, 6], [7, 19, 8, 18], [15, 10, 16, 11], [9, 14, 10, 15], [21, 5, 22, 4], [1, 21, 2, 20], [5, 1, 6, 22], [13, 8, 14, 9], [11, 2, 12, 3]]"
