name,pd_notation
11a_39_0,"[[3, 9, 4, 8], [5, 3, 6, 2], [9, 5, 10, 4], [15, 7, 16, 6], [19, 10, 20, 11], [21, 12, 22, 13], [1, 17, 2, 16], [11, 20, 12, 21], [17, 1, 18, 22], [13, 18, 14, 19], [7, 15, 8, 14]]"
11a_39_1,"[[7, 15, 8, 14], [3, 9, 4, 8], [5, 3, 6, 2], [9, 5, 10, 4], [15, 7, 16, 6], [19, 10, 20, 11], [21, 12, 22, 13], [1, 17, 2, 16], [11, 20, 12, 21], [17, 1, 18, 22], [13, 18, 14, 19]]"
11a_39_2,"[[13, 18, 14, 19], [7, 15, 8, 14], [3, 9, 4, 8], [5, 3, 6, 2], [9, 5, 10, 4], [15, 7, 16, 6], [19, 10, 20, 11], [21, 12, 22, 13], [1, 17, 2, 16], [11, 20, 12, 21], [17, 1, 18, 22]]"
11a_39_3,"[[17, 1, 18, 22], [13, 18, 14, 19], [7, 15, 8, 14], [3, 9, 4, 8], [5, 3, 6, 2], [9, 5, 10, 4], [15, 7, 16, 6], [19, 10, 20, 11], [21, 12, 22, 13], [1, 17, 2, 16], [11, 20, 12, 21]]"
11a_39_4,"[[11, 20, 12, 21], [17, 1, 18, 22], [13, 18, 14, 19], [7, 15, 8, 14], [3, 9, 4, 8], [5, 3, 6, 2], [9, 5, 10, 4], [15, 7, 16, 6], [19, 10, 20, 11], [21, 12, 22, 13], [1, 17, 2, 16]]"
11a_39_5,"[[1, 17, 2, 16], [11, 20, 12, 21], [17, 1, 18, 22], [13, 18, 14, 19], [7, 15, 8, 14], [3, 9, 4, 8], [5, 3, 6, 2], [9, 5, 10, 4], [15, 7, 16, 6], [19, 10, 20, 11], [21, 12, 22, 13]]"
11a_39_6,"[[21, 12, 22, 13], [1, 17, 2, 16], [11, 20, 12, 21], [17, 1, 18, 22], [13, 18, 14, 19], [7, 15, 8, 14], [3, 9, 4, 8], [5, 3, 6, 2], [9, 5, 10, 4], [15, 7, 16, 6], [19, 10, 20, 11]]"
11a_39_7,"[[19, 10, 20, 11], [21, 12, 22, 13], [1, 17, 2, 16], [11, 20, 12, 21], [17, 1, 18, 22], [13, 18, 14, 19], [7, 15, 8, 14], [3, 9, 4, 8], [5, 3, 6, 2], [9, 5, 10, 4], [15, 7, 16, 6]]"
11a_39_8,"[[15, 7, 16, 6], [19, 10, 20, 11], [21, 12, 22, 13], [1, 17, 2, 16], [11, 20, 12, 21], [17, 1, 18, 22], [13, 18, 14, 19], [7, 15, 8, 14], [3, 9, 4, 8], [5, 3, 6, 2], [9, 5, 10, 4]]"
11a_39_9,"[[9, 5, 10, 4], [15, 7, 16, 6], [19, 10, 20, 11], [21, 12, 22, 13], [1, 17, 2, 16], [11, 20, 12, 21], [17, 1, 18, 22], [13, 18, 14, 19], [7, 15, 8, 14], [3, 9, 4, 8], [5, 3, 6, 2]]"
11a_39_10,"[[5, 3, 6, 2], [9, 5, 10, 4], [15, 7, 16, 6], [19, 10, 20, 11], [21, 12, 22, 13], [1, 17, 2, 16], [11, 20, 12, 21], [17, 1, 18, 22], [13, 18, 14, 19], [7, 15, 8, 14], [3, 9, 4, 8]]"
11a_39_11,"[[4, 10, 5, 9], [6, 4, 7, 3], [10, 6, 11, 5], [16, 8, 17, 7], [20, 11, 21, 12], [22, 13, 1, 14], [2, 18, 3, 17], [12, 21, 13, 22], [18, 2, 19, 1], [14, 19, 15, 20], [8, 16, 9, 15]]"
11a_39_12,"[[8, 16, 9, 15], [4, 10, 5, 9], [6, 4, 7, 3], [10, 6, 11, 5], [16, 8, 17, 7], [20, 11, 21, 12], [22, 13, 1, 14], [2, 18, 3, 17], [12, 21, 13, 22], [18, 2, 19, 1], [14, 19, 15, 20]]"
11a_39_13,"[[14, 19, 15, 20], [8, 16, 9, 15], [4, 10, 5, 9], [6, 4, 7, 3], [10, 6, 11, 5], [16, 8, 17, 7], [20, 11, 21, 12], [22, 13, 1, 14], [2, 18, 3, 17], [12, 21, 13, 22], [18, 2, 19, 1]]"
11a_39_14,"[[18, 2, 19, 1], [14, 19, 15, 20], [8, 16, 9, 15], [4, 10, 5, 9], [6, 4, 7, 3], [10, 6, 11, 5], [16, 8, 17, 7], [20, 11, 21, 12], [22, 13, 1, 14], [2, 18, 3, 17], [12, 21, 13, 22]]"
11a_39_15,"[[12, 21, 13, 22], [18, 2, 19, 1], [14, 19, 15, 20], [8, 16, 9, 15], [4, 10, 5, 9], [6, 4, 7, 3], [10, 6, 11, 5], [16, 8, 17, 7], [20, 11, 21, 12], [22, 13, 1, 14], [2, 18, 3, 17]]"
11a_39_16,"[[2, 18, 3, 17], [12, 21, 13, 22], [18, 2, 19, 1], [14, 19, 15, 20], [8, 16, 9, 15], [4, 10, 5, 9], [6, 4, 7, 3], [10, 6, 11, 5], [16, 8, 17, 7], [20, 11, 21, 12], [22, 13, 1, 14]]"
11a_39_17,"[[22, 13, 1, 14], [2, 18, 3, 17], [12, 21, 13, 22], [18, 2, 19, 1], [14, 19, 15, 20], [8, 16, 9, 15], [4, 10, 5, 9], [6, 4, 7, 3], [10, 6, 11, 5], [16, 8, 17, 7], [20, 11, 21, 12]]"
11a_39_18,"[[20, 11, 21, 12], [22, 13, 1, 14], [2, 18, 3, 17], [12, 21, 13, 22], [18, 2, 19, 1], [14, 19, 15, 20], [8, 16, 9, 15], [4, 10, 5, 9], [6, 4, 7, 3], [10, 6, 11, 5], [16, 8, 17, 7]]"
11a_39_19,"[[16, 8, 17, 7], [20, 11, 21, 12], [22, 13, 1, 14], [2, 18, 3, 17], [12, 21, 13, 22], [18, 2, 19, 1], [14, 19, 15, 20], [8, 16, 9, 15], [4, 10, 5, 9], [6, 4, 7, 3], [10, 6, 11, 5]]"
11a_39_20,"[[10, 6, 11, 5], [16, 8, 17, 7], [20, 11, 21, 12], [22, 13, 1, 14], [2, 18, 3, 17], [12, 21, 13, 22], [18, 2, 19, 1], [14, 19, 15, 20], [8, 16, 9, 15], [4, 10, 5, 9], [6, 4, 7, 3]]"
11a_39_21,"[[6, 4, 7, 3], [10, 6, 11, 5], [16, 8, 17, 7], [20, 11, 21, 12], [22, 13, 1, 14], [2, 18, 3, 17], [12, 21, 13, 22], [18, 2, 19, 1], [14, 19, 15, 20], [8, 16, 9, 15], [4, 10, 5, 9]]"
11a_39_22,"[[5, 11, 6, 10], [7, 5, 8, 4], [11, 7, 12, 6], [17, 9, 18, 8], [21, 12, 22, 13], [1, 14, 2, 15], [3, 19, 4, 18], [13, 22, 14, 1], [19, 3, 20, 2], [15, 20, 16, 21], [9, 17, 10, 16]]"
11a_39_23,"[[9, 17, 10, 16], [5, 11, 6, 10], [7, 5, 8, 4], [11, 7, 12, 6], [17, 9, 18, 8], [21, 12, 22, 13], [1, 14, 2, 15], [3, 19, 4, 18], [13, 22, 14, 1], [19, 3, 20, 2], [15, 20, 16, 21]]"
11a_39_24,"[[15, 20, 16, 21], [9, 17, 10, 16], [5, 11, 6, 10], [7, 5, 8, 4], [11, 7, 12, 6], [17, 9, 18, 8], [21, 12, 22, 13], [1, 14, 2, 15], [3, 19, 4, 18], [13, 22, 14, 1], [19, 3, 20, 2]]"
11a_39_25,"[[19, 3, 20, 2], [15, 20, 16, 21], [9, 17, 10, 16], [5, 11, 6, 10], [7, 5, 8, 4], [11, 7, 12, 6], [17, 9, 18, 8], [21, 12, 22, 13], [1, 14, 2, 15], [3, 19, 4, 18], [13, 22, 14, 1]]"
11a_39_26,"[[13, 22, 14, 1], [19, 3, 20, 2], [15, 20, 16, 21], [9, 17, 10, 16], [5, 11, 6, 10], [7, 5, 8, 4], [11, 7, 12, 6], [17, 9, 18, 8], [21, 12, 22, 13], [1, 14, 2, 15], [3, 19, 4, 18]]"
11a_39_27,"[[3, 19, 4, 18], [13, 22, 14, 1], [19, 3, 20, 2], [15, 20, 16, 21], [9, 17, 10, 16], [5, 11, 6, 10], [7, 5, 8, 4], [11, 7, 12, 6], [17, 9, 18, 8], [21, 12, 22, 13], [1, 14, 2, 15]]"
11a_39_28,"[[1, 14, 2, 15], [3, 19, 4, 18], [13, 22, 14, 1], [19, 3, 20, 2], [15, 20, 16, 21], [9, 17, 10, 16], [5, 11, 6, 10], [7, 5, 8, 4], [11, 7, 12, 6], [17, 9, 18, 8], [21, 12, 22, 13]]"
11a_39_29,"[[21, 12, 22, 13], [1, 14, 2, 15], [3, 19, 4, 18], [13, 22, 14, 1], [19, 3, 20, 2], [15, 20, 16, 21], [9, 17, 10, 16], [5, 11, 6, 10], [7, 5, 8, 4], [11, 7, 12, 6], [17, 9, 18, 8]]"
11a_39_30,"[[17, 9, 18, 8], [21, 12, 22, 13], [1, 14, 2, 15], [3, 19, 4, 18], [13, 22, 14, 1], [19, 3, 20, 2], [15, 20, 16, 21], [9, 17, 10, 16], [5, 11, 6, 10], [7, 5, 8, 4], [11, 7, 12, 6]]"
11a_39_31,"[[11, 7, 12, 6], [17, 9, 18, 8], [21, 12, 22, 13], [1, 14, 2, 15], [3, 19, 4, 18], [13, 22, 14, 1], [19, 3, 20, 2], [15, 20, 16, 21], [9, 17, 10, 16], [5, 11, 6, 10], [7, 5, 8, 4]]"
11a_39_32,"[[7, 5, 8, 4], [11, 7, 12, 6], [17, 9, 18, 8], [21, 12, 22, 13], [1, 14, 2, 15], [3, 19, 4, 18], [13, 22, 14, 1], [19, 3, 20, 2], [15, 20, 16, 21], [9, 17, 10, 16], [5, 11, 6, 10]]"
11a_39_33,"[[6, 12, 7, 11], [8, 6, 9, 5], [12, 8, 13, 7], [18, 10, 19, 9], [22, 13, 1, 14], [2, 15, 3, 16], [4, 20, 5, 19], [14, 1, 15, 2], [20, 4, 21, 3], [16, 21, 17, 22], [10, 18, 11, 17]]"
11a_39_34,"[[10, 18, 11, 17], [6, 12, 7, 11], [8, 6, 9, 5], [12, 8, 13, 7], [18, 10, 19, 9], [22, 13, 1, 14], [2, 15, 3, 16], [4, 20, 5, 19], [14, 1, 15, 2], [20, 4, 21, 3], [16, 21, 17, 22]]"
11a_39_35,"[[16, 21, 17, 22], [10, 18, 11, 17], [6, 12, 7, 11], [8, 6, 9, 5], [12, 8, 13, 7], [18, 10, 19, 9], [22, 13, 1, 14], [2, 15, 3, 16], [4, 20, 5, 19], [14, 1, 15, 2], [20, 4, 21, 3]]"
11a_39_36,"[[20, 4, 21, 3], [16, 21, 17, 22], [10, 18, 11, 17], [6, 12, 7, 11], [8, 6, 9, 5], [12, 8, 13, 7], [18, 10, 19, 9], [22, 13, 1, 14], [2, 15, 3, 16], [4, 20, 5, 19], [14, 1, 15, 2]]"
11a_39_37,"[[14, 1, 15, 2], [20, 4, 21, 3], [16, 21, 17, 22], [10, 18, 11, 17], [6, 12, 7, 11], [8, 6, 9, 5], [12, 8, 13, 7], [18, 10, 19, 9], [22, 13, 1, 14], [2, 15, 3, 16], [4, 20, 5, 19]]"
11a_39_38,"[[4, 20, 5, 19], [14, 1, 15, 2], [20, 4, 21, 3], [16, 21, 17, 22], [10, 18, 11, 17], [6, 12, 7, 11], [8, 6, 9, 5], [12, 8, 13, 7], [18, 10, 19, 9], [22, 13, 1, 14], [2, 15, 3, 16]]"
11a_39_39,"[[2, 15, 3, 16], [4, 20, 5, 19], [14, 1, 15, 2], [20, 4, 21, 3], [16, 21, 17, 22], [10, 18, 11, 17], [6, 12, 7, 11], [8, 6, 9, 5], [12, 8, 13, 7], [18, 10, 19, 9], [22, 13, 1, 14]]"
11a_39_40,"[[22, 13, 1, 14], [2, 15, 3, 16], [4, 20, 5, 19], [14, 1, 15, 2], [20, 4, 21, 3], [16, 21, 17, 22], [10, 18, 11, 17], [6, 12, 7, 11], [8, 6, 9, 5], [12, 8, 13, 7], [18, 10, 19, 9]]"
11a_39_41,"[[18, 10, 19, 9], [22, 13, 1, 14], [2, 15, 3, 16], [4, 20, 5, 19], [14, 1, 15, 2], [20, 4, 21, 3], [16, 21, 17, 22], [10, 18, 11, 17], [6, 12, 7, 11], [8, 6, 9, 5], [12, 8, 13, 7]]"
11a_39_42,"[[12, 8, 13, 7], [18, 10, 19, 9], [22, 13, 1, 14], [2, 15, 3, 16], [4, 20, 5, 19], [14, 1, 15, 2], [20, 4, 21, 3], [16, 21, 17, 22], [10, 18, 11, 17], [6, 12, 7, 11], [8, 6, 9, 5]]"
11a_39_43,"[[8, 6, 9, 5], [12, 8, 13, 7], [18, 10, 19, 9], [22, 13, 1, 14], [2, 15, 3, 16], [4, 20, 5, 19], [14, 1, 15, 2], [20, 4, 21, 3], [16, 21, 17, 22], [10, 18, 11, 17], [6, 12, 7, 11]]"
11a_39_44,"[[7, 13, 8, 12], [9, 7, 10, 6], [13, 9, 14, 8], [19, 11, 20, 10], [1, 14, 2, 15], [3, 16, 4, 17], [5, 21, 6, 20], [15, 2, 16, 3], [21, 5, 22, 4], [17, 22, 18, 1], [11, 19, 12, 18]]"
11a_39_45,"[[11, 19, 12, 18], [7, 13, 8, 12], [9, 7, 10, 6], [13, 9, 14, 8], [19, 11, 20, 10], [1, 14, 2, 15], [3, 16, 4, 17], [5, 21, 6, 20], [15, 2, 16, 3], [21, 5, 22, 4], [17, 22, 18, 1]]"
11a_39_46,"[[17, 22, 18, 1], [11, 19, 12, 18], [7, 13, 8, 12], [9, 7, 10, 6], [13, 9, 14, 8], [19, 11, 20, 10], [1, 14, 2, 15], [3, 16, 4, 17], [5, 21, 6, 20], [15, 2, 16, 3], [21, 5, 22, 4]]"
11a_39_47,"[[21, 5, 22, 4], [17, 22, 18, 1], [11, 19, 12, 18], [7, 13, 8, 12], [9, 7, 10, 6], [13, 9, 14, 8], [19, 11, 20, 10], [1, 14, 2, 15], [3, 16, 4, 17], [5, 21, 6, 20], [15, 2, 16, 3]]"
11a_39_48,"[[15, 2, 16, 3], [21, 5, 22, 4], [17, 22, 18, 1], [11, 19, 12, 18], [7, 13, 8, 12], [9, 7, 10, 6], [13, 9, 14, 8], [19, 11, 20, 10], [1, 14, 2, 15], [3, 16, 4, 17], [5, 21, 6, 20]]"
11a_39_49,"[[5, 21, 6, 20], [15, 2, 16, 3], [21, 5, 22, 4], [17, 22, 18, 1], [11, 19, 12, 18], [7, 13, 8, 12], [9, 7, 10, 6], [13, 9, 14, 8], [19, 11, 20, 10], [1, 14, 2, 15], [3, 16, 4, 17]]"
11a_39_50,"[[3, 16, 4, 17], [5, 21, 6, 20], [15, 2, 16, 3], [21, 5, 22, 4], [17, 22, 18, 1], [11, 19, 12, 18], [7, 13, 8, 12], [9, 7, 10, 6], [13, 9, 14, 8], [19, 11, 20, 10], [1, 14, 2, 15]]"
11a_39_51,"[[1, 14, 2, 15], [3, 16, 4, 17], [5, 21, 6, 20], [15, 2, 16, 3], [21, 5, 22, 4], [17, 22, 18, 1], [11, 19, 12, 18], [7, 13, 8, 12], [9, 7, 10, 6], [13, 9, 14, 8], [19, 11, 20, 10]]"
11a_39_52,"[[19, 11, 20, 10], [1, 14, 2, 15], [3, 16, 4, 17], [5, 21, 6, 20], [15, 2, 16, 3], [21, 5, 22, 4], [17, 22, 18, 1], [11, 19, 12, 18], [7, 13, 8, 12], [9, 7, 10, 6], [13, 9, 14, 8]]"
11a_39_53,"[[13, 9, 14, 8], [19, 11, 20, 10], [1, 14, 2, 15], [3, 16, 4, 17], [5, 21, 6, 20], [15, 2, 16, 3], [21, 5, 22, 4], [17, 22, 18, 1], [11, 19, 12, 18], [7, 13, 8, 12], [9, 7, 10, 6]]"
11a_39_54,"[[9, 7, 10, 6], [13, 9, 14, 8], [19, 11, 20, 10], [1, 14, 2, 15], [3, 16, 4, 17], [5, 21, 6, 20], [15, 2, 16, 3], [21, 5, 22, 4], [17, 22, 18, 1], [11, 19, 12, 18], [7, 13, 8, 12]]"
11a_39_55,"[[8, 14, 9, 13], [10, 8, 11, 7], [14, 10, 15, 9], [20, 12, 21, 11], [2, 15, 3, 16], [4, 17, 5, 18], [6, 22, 7, 21], [16, 3, 17, 4], [22, 6, 1, 5], [18, 1, 19, 2], [12, 20, 13, 19]]"
11a_39_56,"[[12, 20, 13, 19], [8, 14, 9, 13], [10, 8, 11, 7], [14, 10, 15, 9], [20, 12, 21, 11], [2, 15, 3, 16], [4, 17, 5, 18], [6, 22, 7, 21], [16, 3, 17, 4], [22, 6, 1, 5], [18, 1, 19, 2]]"
11a_39_57,"[[18, 1, 19, 2], [12, 20, 13, 19], [8, 14, 9, 13], [10, 8, 11, 7], [14, 10, 15, 9], [20, 12, 21, 11], [2, 15, 3, 16], [4, 17, 5, 18], [6, 22, 7, 21], [16, 3, 17, 4], [22, 6, 1, 5]]"
11a_39_58,"[[22, 6, 1, 5], [18, 1, 19, 2], [12, 20, 13, 19], [8, 14, 9, 13], [10, 8, 11, 7], [14, 10, 15, 9], [20, 12, 21, 11], [2, 15, 3, 16], [4, 17, 5, 18], [6, 22, 7, 21], [16, 3, 17, 4]]"
11a_39_59,"[[16, 3, 17, 4], [22, 6, 1, 5], [18, 1, 19, 2], [12, 20, 13, 19], [8, 14, 9, 13], [10, 8, 11, 7], [14, 10, 15, 9], [20, 12, 21, 11], [2, 15, 3, 16], [4, 17, 5, 18], [6, 22, 7, 21]]"
11a_39_60,"[[6, 22, 7, 21], [16, 3, 17, 4], [22, 6, 1, 5], [18, 1, 19, 2], [12, 20, 13, 19], [8, 14, 9, 13], [10, 8, 11, 7], [14, 10, 15, 9], [20, 12, 21, 11], [2, 15, 3, 16], [4, 17, 5, 18]]"
11a_39_61,"[[4, 17, 5, 18], [6, 22, 7, 21], [16, 3, 17, 4], [22, 6, 1, 5], [18, 1, 19, 2], [12, 20, 13, 19], [8, 14, 9, 13], [10, 8, 11, 7], [14, 10, 15, 9], [20, 12, 21, 11], [2, 15, 3, 16]]"
11a_39_62,"[[2, 15, 3, 16], [4, 17, 5, 18], [6, 22, 7, 21], [16, 3, 17, 4], [22, 6, 1, 5], [18, 1, 19, 2], [12, 20, 13, 19], [8, 14, 9, 13], [10, 8, 11, 7], [14, 10, 15, 9], [20, 12, 21, 11]]"
11a_39_63,"[[20, 12, 21, 11], [2, 15, 3, 16], [4, 17, 5, 18], [6, 22, 7, 21], [16, 3, 17, 4], [22, 6, 1, 5], [18, 1, 19, 2], [12, 20, 13, 19], [8, 14, 9, 13], [10, 8, 11, 7], [14, 10, 15, 9]]"
11a_39_64,"[[14, 10, 15, 9], [20, 12, 21, 11], [2, 15, 3, 16], [4, 17, 5, 18], [6, 22, 7, 21], [16, 3, 17, 4], [22, 6, 1, 5], [18, 1, 19, 2], [12, 20, 13, 19], [8, 14, 9, 13], [10, 8, 11, 7]]"
11a_39_65,"[[10, 8, 11, 7], [14, 10, 15, 9], [20, 12, 21, 11], [2, 15, 3, 16], [4, 17, 5, 18], [6, 22, 7, 21], [16, 3, 17, 4], [22, 6, 1, 5], [18, 1, 19, 2], [12, 20, 13, 19], [8, 14, 9, 13]]"
11a_39_66,"[[9, 15, 10, 14], [11, 9, 12, 8], [15, 11, 16, 10], [21, 13, 22, 12], [3, 16, 4, 17], [5, 18, 6, 19], [7, 1, 8, 22], [17, 4, 18, 5], [1, 7, 2, 6], [19, 2, 20, 3], [13, 21, 14, 20]]"
11a_39_67,"[[13, 21, 14, 20], [9, 15, 10, 14], [11, 9, 12, 8], [15, 11, 16, 10], [21, 13, 22, 12], [3, 16, 4, 17], [5, 18, 6, 19], [7, 1, 8, 22], [17, 4, 18, 5], [1, 7, 2, 6], [19, 2, 20, 3]]"
11a_39_68,"[[19, 2, 20, 3], [13, 21, 14, 20], [9, 15, 10, 14], [11, 9, 12, 8], [15, 11, 16, 10], [21, 13, 22, 12], [3, 16, 4, 17], [5, 18, 6, 19], [7, 1, 8, 22], [17, 4, 18, 5], [1, 7, 2, 6]]"
11a_39_69,"[[1, 7, 2, 6], [19, 2, 20, 3], [13, 21, 14, 20], [9, 15, 10, 14], [11, 9, 12, 8], [15, 11, 16, 10], [21, 13, 22, 12], [3, 16, 4, 17], [5, 18, 6, 19], [7, 1, 8, 22], [17, 4, 18, 5]]"
11a_39_70,"[[17, 4, 18, 5], [1, 7, 2, 6], [19, 2, 20, 3], [13, 21, 14, 20], [9, 15, 10, 14], [11, 9, 12, 8], [15, 11, 16, 10], [21, 13, 22, 12], [3, 16, 4, 17], [5, 18, 6, 19], [7, 1, 8, 22]]"
11a_39_71,"[[7, 1, 8, 22], [17, 4, 18, 5], [1, 7, 2, 6], [19, 2, 20, 3], [13, 21, 14, 20], [9, 15, 10, 14], [11, 9, 12, 8], [15, 11, 16, 10], [21, 13, 22, 12], [3, 16, 4, 17], [5, 18, 6, 19]]"
11a_39_72,"[[5, 18, 6, 19], [7, 1, 8, 22], [17, 4, 18, 5], [1, 7, 2, 6], [19, 2, 20, 3], [13, 21, 14, 20], [9, 15, 10, 14], [11, 9, 12, 8], [15, 11, 16, 10], [21, 13, 22, 12], [3, 16, 4, 17]]"
11a_39_73,"[[3, 16, 4, 17], [5, 18, 6, 19], [7, 1, 8, 22], [17, 4, 18, 5], [1, 7, 2, 6], [19, 2, 20, 3], [13, 21, 14, 20], [9, 15, 10, 14], [11, 9, 12, 8], [15, 11, 16, 10], [21, 13, 22, 12]]"
11a_39_74,"[[21, 13, 22, 12], [3, 16, 4, 17], [5, 18, 6, 19], [7, 1, 8, 22], [17, 4, 18, 5], [1, 7, 2, 6], [19, 2, 20, 3], [13, 21, 14, 20], [9, 15, 10, 14], [11, 9, 12, 8], [15, 11, 16, 10]]"
11a_39_75,"[[15, 11, 16, 10], [21, 13, 22, 12], [3, 16, 4, 17], [5, 18, 6, 19], [7, 1, 8, 22], [17, 4, 18, 5], [1, 7, 2, 6], [19, 2, 20, 3], [13, 21, 14, 20], [9, 15, 10, 14], [11, 9, 12, 8]]"
11a_39_76,"[[11, 9, 12, 8], [15, 11, 16, 10], [21, 13, 22, 12], [3, 16, 4, 17], [5, 18, 6, 19], [7, 1, 8, 22], [17, 4, 18, 5], [1, 7, 2, 6], [19, 2, 20, 3], [13, 21, 14, 20], [9, 15, 10, 14]]"
11a_39_77,"[[10, 16, 11, 15], [12, 10, 13, 9], [16, 12, 17, 11], [22, 14, 1, 13], [4, 17, 5, 18], [6, 19, 7, 20], [8, 2, 9, 1], [18, 5, 19, 6], [2, 8, 3, 7], [20, 3, 21, 4], [14, 22, 15, 21]]"
11a_39_78,"[[14, 22, 15, 21], [10, 16, 11, 15], [12, 10, 13, 9], [16, 12, 17, 11], [22, 14, 1, 13], [4, 17, 5, 18], [6, 19, 7, 20], [8, 2, 9, 1], [18, 5, 19, 6], [2, 8, 3, 7], [20, 3, 21, 4]]"
11a_39_79,"[[20, 3, 21, 4], [14, 22, 15, 21], [10, 16, 11, 15], [12, 10, 13, 9], [16, 12, 17, 11], [22, 14, 1, 13], [4, 17, 5, 18], [6, 19, 7, 20], [8, 2, 9, 1], [18, 5, 19, 6], [2, 8, 3, 7]]"
11a_39_80,"[[2, 8, 3, 7], [20, 3, 21, 4], [14, 22, 15, 21], [10, 16, 11, 15], [12, 10, 13, 9], [16, 12, 17, 11], [22, 14, 1, 13], [4, 17, 5, 18], [6, 19, 7, 20], [8, 2, 9, 1], [18, 5, 19, 6]]"
11a_39_81,"[[18, 5, 19, 6], [2, 8, 3, 7], [20, 3, 21, 4], [14, 22, 15, 21], [10, 16, 11, 15], [12, 10, 13, 9], [16, 12, 17, 11], [22, 14, 1, 13], [4, 17, 5, 18], [6, 19, 7, 20], [8, 2, 9, 1]]"
11a_39_82,"[[8, 2, 9, 1], [18, 5, 19, 6], [2, 8, 3, 7], [20, 3, 21, 4], [14, 22, 15, 21], [10, 16, 11, 15], [12, 10, 13, 9], [16, 12, 17, 11], [22, 14, 1, 13], [4, 17, 5, 18], [6, 19, 7, 20]]"
11a_39_83,"[[6, 19, 7, 20], [8, 2, 9, 1], [18, 5, 19, 6], [2, 8, 3, 7], [20, 3, 21, 4], [14, 22, 15, 21], [10, 16, 11, 15], [12, 10, 13, 9], [16, 12, 17, 11], [22, 14, 1, 13], [4, 17, 5, 18]]"
11a_39_84,"[[4, 17, 5, 18], [6, 19, 7, 20], [8, 2, 9, 1], [18, 5, 19, 6], [2, 8, 3, 7], [20, 3, 21, 4], [14, 22, 15, 21], [10, 16, 11, 15], [12, 10, 13, 9], [16, 12, 17, 11], [22, 14, 1, 13]]"
11a_39_85,"[[22, 14, 1, 13], [4, 17, 5, 18], [6, 19, 7, 20], [8, 2, 9, 1], [18, 5, 19, 6], [2, 8, 3, 7], [20, 3, 21, 4], [14, 22, 15, 21], [10, 16, 11, 15], [12, 10, 13, 9], [16, 12, 17, 11]]"
11a_39_86,"[[16, 12, 17, 11], [22, 14, 1, 13], [4, 17, 5, 18], [6, 19, 7, 20], [8, 2, 9, 1], [18, 5, 19, 6], [2, 8, 3, 7], [20, 3, 21, 4], [14, 22, 15, 21], [10, 16, 11, 15], [12, 10, 13, 9]]"
11a_39_87,"[[12, 10, 13, 9], [16, 12, 17, 11], [22, 14, 1, 13], [4, 17, 5, 18], [6, 19, 7, 20], [8, 2, 9, 1], [18, 5, 19, 6], [2, 8, 3, 7], [20, 3, 21, 4], [14, 22, 15, 21], [10, 16, 11, 15]]"
11a_39_88,"[[11, 17, 12, 16], [13, 11, 14, 10], [17, 13, 18, 12], [1, 15, 2, 14], [5, 18, 6, 19], [7, 20, 8, 21], [9, 3, 10, 2], [19, 6, 20, 7], [3, 9, 4, 8], [21, 4, 22, 5], [15, 1, 16, 22]]"
11a_39_89,"[[15, 1, 16, 22], [11, 17, 12, 16], [13, 11, 14, 10], [17, 13, 18, 12], [1, 15, 2, 14], [5, 18, 6, 19], [7, 20, 8, 21], [9, 3, 10, 2], [19, 6, 20, 7], [3, 9, 4, 8], [21, 4, 22, 5]]"
11a_39_90,"[[21, 4, 22, 5], [15, 1, 16, 22], [11, 17, 12, 16], [13, 11, 14, 10], [17, 13, 18, 12], [1, 15, 2, 14], [5, 18, 6, 19], [7, 20, 8, 21], [9, 3, 10, 2], [19, 6, 20, 7], [3, 9, 4, 8]]"
11a_39_91,"[[3, 9, 4, 8], [21, 4, 22, 5], [15, 1, 16, 22], [11, 17, 12, 16], [13, 11, 14, 10], [17, 13, 18, 12], [1, 15, 2, 14], [5, 18, 6, 19], [7, 20, 8, 21], [9, 3, 10, 2], [19, 6, 20, 7]]"
11a_39_92,"[[19, 6, 20, 7], [3, 9, 4, 8], [21, 4, 22, 5], [15, 1, 16, 22], [11, 17, 12, 16], [13, 11, 14, 10], [17, 13, 18, 12], [1, 15, 2, 14], [5, 18, 6, 19], [7, 20, 8, 21], [9, 3, 10, 2]]"
11a_39_93,"[[9, 3, 10, 2], [19, 6, 20, 7], [3, 9, 4, 8], [21, 4, 22, 5], [15, 1, 16, 22], [11, 17, 12, 16], [13, 11, 14, 10], [17, 13, 18, 12], [1, 15, 2, 14], [5, 18, 6, 19], [7, 20, 8, 21]]"
11a_39_94,"[[7, 20, 8, 21], [9, 3, 10, 2], [19, 6, 20, 7], [3, 9, 4, 8], [21, 4, 22, 5], [15, 1, 16, 22], [11, 17, 12, 16], [13, 11, 14, 10], [17, 13, 18, 12], [1, 15, 2, 14], [5, 18, 6, 19]]"
11a_39_95,"[[5, 18, 6, 19], [7, 20, 8, 21], [9, 3, 10, 2], [19, 6, 20, 7], [3, 9, 4, 8], [21, 4, 22, 5], [15, 1, 16, 22], [11, 17, 12, 16], [13, 11, 14, 10], [17, 13, 18, 12], [1, 15, 2, 14]]"
11a_39_96,"[[1, 15, 2, 14], [5, 18, 6, 19], [7, 20, 8, 21], [9, 3, 10, 2], [19, 6, 20, 7], [3, 9, 4, 8], [21, 4, 22, 5], [15, 1, 16, 22], [11, 17, 12, 16], [13, 11, 14, 10], [17, 13, 18, 12]]"
11a_39_97,"[[17, 13, 18, 12], [1, 15, 2, 14], [5, 18, 6, 19], [7, 20, 8, 21], [9, 3, 10, 2], [19, 6, 20, 7], [3, 9, 4, 8], [21, 4, 22, 5], [15, 1, 16, 22], [11, 17, 12, 16], [13, 11, 14, 10]]"
11a_39_98,"[[13, 11, 14, 10], [17, 13, 18, 12], [1, 15, 2, 14], [5, 18, 6, 19], [7, 20, 8, 21], [9, 3, 10, 2], [19, 6, 20, 7], [3, 9, 4, 8], [21, 4, 22, 5], [15, 1, 16, 22], [11, 17, 12, 16]]"
11a_39_99,"[[12, 18, 13, 17], [14, 12, 15, 11], [18, 14, 19, 13], [2, 16, 3, 15], [6, 19, 7, 20], [8, 21, 9, 22], [10, 4, 11, 3], [20, 7, 21, 8], [4, 10, 5, 9], [22, 5, 1, 6], [16, 2, 17, 1]]"
11a_39_100,"[[16, 2, 17, 1], [12, 18, 13, 17], [14, 12, 15, 11], [18, 14, 19, 13], [2, 16, 3, 15], [6, 19, 7, 20], [8, 21, 9, 22], [10, 4, 11, 3], [20, 7, 21, 8], [4, 10, 5, 9], [22, 5, 1, 6]]"
11a_39_101,"[[22, 5, 1, 6], [16, 2, 17, 1], [12, 18, 13, 17], [14, 12, 15, 11], [18, 14, 19, 13], [2, 16, 3, 15], [6, 19, 7, 20], [8, 21, 9, 22], [10, 4, 11, 3], [20, 7, 21, 8], [4, 10, 5, 9]]"
11a_39_102,"[[4, 10, 5, 9], [22, 5, 1, 6], [16, 2, 17, 1], [12, 18, 13, 17], [14, 12, 15, 11], [18, 14, 19, 13], [2, 16, 3, 15], [6, 19, 7, 20], [8, 21, 9, 22], [10, 4, 11, 3], [20, 7, 21, 8]]"
11a_39_103,"[[20, 7, 21, 8], [4, 10, 5, 9], [22, 5, 1, 6], [16, 2, 17, 1], [12, 18, 13, 17], [14, 12, 15, 11], [18, 14, 19, 13], [2, 16, 3, 15], [6, 19, 7, 20], [8, 21, 9, 22], [10, 4, 11, 3]]"
11a_39_104,"[[10, 4, 11, 3], [20, 7, 21, 8], [4, 10, 5, 9], [22, 5, 1, 6], [16, 2, 17, 1], [12, 18, 13, 17], [14, 12, 15, 11], [18, 14, 19, 13], [2, 16, 3, 15], [6, 19, 7, 20], [8, 21, 9, 22]]"
11a_39_105,"[[8, 21, 9, 22], [10, 4, 11, 3], [20, 7, 21, 8], [4, 10, 5, 9], [22, 5, 1, 6], [16, 2, 17, 1], [12, 18, 13, 17], [14, 12, 15, 11], [18, 14, 19, 13], [2, 16, 3, 15], [6, 19, 7, 20]]"
11a_39_106,"[[6, 19, 7, 20], [8, 21, 9, 22], [10, 4, 11, 3], [20, 7, 21, 8], [4, 10, 5, 9], [22, 5, 1, 6], [16, 2, 17, 1], [12, 18, 13, 17], [14, 12, 15, 11], [18, 14, 19, 13], [2, 16, 3, 15]]"
11a_39_107,"[[2, 16, 3, 15], [6, 19, 7, 20], [8, 21, 9, 22], [10, 4, 11, 3], [20, 7, 21, 8], [4, 10, 5, 9], [22, 5, 1, 6], [16, 2, 17, 1], [12, 18, 13, 17], [14, 12, 15, 11], [18, 14, 19, 13]]"
11a_39_108,"[[18, 14, 19, 13], [2, 16, 3, 15], [6, 19, 7, 20], [8, 21, 9, 22], [10, 4, 11, 3], [20, 7, 21, 8], [4, 10, 5, 9], [22, 5, 1, 6], [16, 2, 17, 1], [12, 18, 13, 17], [14, 12, 15, 11]]"
11a_39_109,"[[14, 12, 15, 11], [18, 14, 19, 13], [2, 16, 3, 15], [6, 19, 7, 20], [8, 21, 9, 22], [10, 4, 11, 3], [20, 7, 21, 8], [4, 10, 5, 9], [22, 5, 1, 6], [16, 2, 17, 1], [12, 18, 13, 17]]"
11a_39_110,"[[13, 19, 14, 18], [15, 13, 16, 12], [19, 15, 20, 14], [3, 17, 4, 16], [7, 20, 8, 21], [9, 22, 10, 1], [11, 5, 12, 4], [21, 8, 22, 9], [5, 11, 6, 10], [1, 6, 2, 7], [17, 3, 18, 2]]"
11a_39_111,"[[17, 3, 18, 2], [13, 19, 14, 18], [15, 13, 16, 12], [19, 15, 20, 14], [3, 17, 4, 16], [7, 20, 8, 21], [9, 22, 10, 1], [11, 5, 12, 4], [21, 8, 22, 9], [5, 11, 6, 10], [1, 6, 2, 7]]"
11a_39_112,"[[1, 6, 2, 7], [17, 3, 18, 2], [13, 19, 14, 18], [15, 13, 16, 12], [19, 15, 20, 14], [3, 17, 4, 16], [7, 20, 8, 21], [9, 22, 10, 1], [11, 5, 12, 4], [21, 8, 22, 9], [5, 11, 6, 10]]"
11a_39_113,"[[5, 11, 6, 10], [1, 6, 2, 7], [17, 3, 18, 2], [13, 19, 14, 18], [15, 13, 16, 12], [19, 15, 20, 14], [3, 17, 4, 16], [7, 20, 8, 21], [9, 22, 10, 1], [11, 5, 12, 4], [21, 8, 22, 9]]"
11a_39_114,"[[21, 8, 22, 9], [5, 11, 6, 10], [1, 6, 2, 7], [17, 3, 18, 2], [13, 19, 14, 18], [15, 13, 16, 12], [19, 15, 20, 14], [3, 17, 4, 16], [7, 20, 8, 21], [9, 22, 10, 1], [11, 5, 12, 4]]"
11a_39_115,"[[11, 5, 12, 4], [21, 8, 22, 9], [5, 11, 6, 10], [1, 6, 2, 7], [17, 3, 18, 2], [13, 19, 14, 18], [15, 13, 16, 12], [19, 15, 20, 14], [3, 17, 4, 16], [7, 20, 8, 21], [9, 22, 10, 1]]"
11a_39_116,"[[9, 22, 10, 1], [11, 5, 12, 4], [21, 8, 22, 9], [5, 11, 6, 10], [1, 6, 2, 7], [17, 3, 18, 2], [13, 19, 14, 18], [15, 13, 16, 12], [19, 15, 20, 14], [3, 17, 4, 16], [7, 20, 8, 21]]"
11a_39_117,"[[7, 20, 8, 21], [9, 22, 10, 1], [11, 5, 12, 4], [21, 8, 22, 9], [5, 11, 6, 10], [1, 6, 2, 7], [17, 3, 18, 2], [13, 19, 14, 18], [15, 13, 16, 12], [19, 15, 20, 14], [3, 17, 4, 16]]"
11a_39_118,"[[3, 17, 4, 16], [7, 20, 8, 21], [9, 22, 10, 1], [11, 5, 12, 4], [21, 8, 22, 9], [5, 11, 6, 10], [1, 6, 2, 7], [17, 3, 18, 2], [13, 19, 14, 18], [15, 13, 16, 12], [19, 15, 20, 14]]"
11a_39_119,"[[19, 15, 20, 14], [3, 17, 4, 16], [7, 20, 8, 21], [9, 22, 10, 1], [11, 5, 12, 4], [21, 8, 22, 9], [5, 11, 6, 10], [1, 6, 2, 7], [17, 3, 18, 2], [13, 19, 14, 18], [15, 13, 16, 12]]"
11a_39_120,"[[15, 13, 16, 12], [19, 15, 20, 14], [3, 17, 4, 16], [7, 20, 8, 21], [9, 22, 10, 1], [11, 5, 12, 4], [21, 8, 22, 9], [5, 11, 6, 10], [1, 6, 2, 7], [17, 3, 18, 2], [13, 19, 14, 18]]"
11a_39_121,"[[14, 20, 15, 19], [16, 14, 17, 13], [20, 16, 21, 15], [4, 18, 5, 17], [8, 21, 9, 22], [10, 1, 11, 2], [12, 6, 13, 5], [22, 9, 1, 10], [6, 12, 7, 11], [2, 7, 3, 8], [18, 4, 19, 3]]"
11a_39_122,"[[18, 4, 19, 3], [14, 20, 15, 19], [16, 14, 17, 13], [20, 16, 21, 15], [4, 18, 5, 17], [8, 21, 9, 22], [10, 1, 11, 2], [12, 6, 13, 5], [22, 9, 1, 10], [6, 12, 7, 11], [2, 7, 3, 8]]"
11a_39_123,"[[2, 7, 3, 8], [18, 4, 19, 3], [14, 20, 15, 19], [16, 14, 17, 13], [20, 16, 21, 15], [4, 18, 5, 17], [8, 21, 9, 22], [10, 1, 11, 2], [12, 6, 13, 5], [22, 9, 1, 10], [6, 12, 7, 11]]"
11a_39_124,"[[6, 12, 7, 11], [2, 7, 3, 8], [18, 4, 19, 3], [14, 20, 15, 19], [16, 14, 17, 13], [20, 16, 21, 15], [4, 18, 5, 17], [8, 21, 9, 22], [10, 1, 11, 2], [12, 6, 13, 5], [22, 9, 1, 10]]"
11a_39_125,"[[22, 9, 1, 10], [6, 12, 7, 11], [2, 7, 3, 8], [18, 4, 19, 3], [14, 20, 15, 19], [16, 14, 17, 13], [20, 16, 21, 15], [4, 18, 5, 17], [8, 21, 9, 22], [10, 1, 11, 2], [12, 6, 13, 5]]"
11a_39_126,"[[12, 6, 13, 5], [22, 9, 1, 10], [6, 12, 7, 11], [2, 7, 3, 8], [18, 4, 19, 3], [14, 20, 15, 19], [16, 14, 17, 13], [20, 16, 21, 15], [4, 18, 5, 17], [8, 21, 9, 22], [10, 1, 11, 2]]"
11a_39_127,"[[10, 1, 11, 2], [12, 6, 13, 5], [22, 9, 1, 10], [6, 12, 7, 11], [2, 7, 3, 8], [18, 4, 19, 3], [14, 20, 15, 19], [16, 14, 17, 13], [20, 16, 21, 15], [4, 18, 5, 17], [8, 21, 9, 22]]"
11a_39_128,"[[8, 21, 9, 22], [10, 1, 11, 2], [12, 6, 13, 5], [22, 9, 1, 10], [6, 12, 7, 11], [2, 7, 3, 8], [18, 4, 19, 3], [14, 20, 15, 19], [16, 14, 17, 13], [20, 16, 21, 15], [4, 18, 5, 17]]"
11a_39_129,"[[4, 18, 5, 17], [8, 21, 9, 22], [10, 1, 11, 2], [12, 6, 13, 5], [22, 9, 1, 10], [6, 12, 7, 11], [2, 7, 3, 8], [18, 4, 19, 3], [14, 20, 15, 19], [16, 14, 17, 13], [20, 16, 21, 15]]"
11a_39_130,"[[20, 16, 21, 15], [4, 18, 5, 17], [8, 21, 9, 22], [10, 1, 11, 2], [12, 6, 13, 5], [22, 9, 1, 10], [6, 12, 7, 11], [2, 7, 3, 8], [18, 4, 19, 3], [14, 20, 15, 19], [16, 14, 17, 13]]"
11a_39_131,"[[16, 14, 17, 13], [20, 16, 21, 15], [4, 18, 5, 17], [8, 21, 9, 22], [10, 1, 11, 2], [12, 6, 13, 5], [22, 9, 1, 10], [6, 12, 7, 11], [2, 7, 3, 8], [18, 4, 19, 3], [14, 20, 15, 19]]"
11a_39_132,"[[15, 21, 16, 20], [17, 15, 18, 14], [21, 17, 22, 16], [5, 19, 6, 18], [9, 22, 10, 1], [11, 2, 12, 3], [13, 7, 14, 6], [1, 10, 2, 11], [7, 13, 8, 12], [3, 8, 4, 9], [19, 5, 20, 4]]"
11a_39_133,"[[19, 5, 20, 4], [15, 21, 16, 20], [17, 15, 18, 14], [21, 17, 22, 16], [5, 19, 6, 18], [9, 22, 10, 1], [11, 2, 12, 3], [13, 7, 14, 6], [1, 10, 2, 11], [7, 13, 8, 12], [3, 8, 4, 9]]"
11a_39_134,"[[3, 8, 4, 9], [19, 5, 20, 4], [15, 21, 16, 20], [17, 15, 18, 14], [21, 17, 22, 16], [5, 19, 6, 18], [9, 22, 10, 1], [11, 2, 12, 3], [13, 7, 14, 6], [1, 10, 2, 11], [7, 13, 8, 12]]"
11a_39_135,"[[7, 13, 8, 12], [3, 8, 4, 9], [19, 5, 20, 4], [15, 21, 16, 20], [17, 15, 18, 14], [21, 17, 22, 16], [5, 19, 6, 18], [9, 22, 10, 1], [11, 2, 12, 3], [13, 7, 14, 6], [1, 10, 2, 11]]"
11a_39_136,"[[1, 10, 2, 11], [7, 13, 8, 12], [3, 8, 4, 9], [19, 5, 20, 4], [15, 21, 16, 20], [17, 15, 18, 14], [21, 17, 22, 16], [5, 19, 6, 18], [9, 22, 10, 1], [11, 2, 12, 3], [13, 7, 14, 6]]"
11a_39_137,"[[13, 7, 14, 6], [1, 10, 2, 11], [7, 13, 8, 12], [3, 8, 4, 9], [19, 5, 20, 4], [15, 21, 16, 20], [17, 15, 18, 14], [21, 17, 22, 16], [5, 19, 6, 18], [9, 22, 10, 1], [11, 2, 12, 3]]"
11a_39_138,"[[11, 2, 12, 3], [13, 7, 14, 6], [1, 10, 2, 11], [7, 13, 8, 12], [3, 8, 4, 9], [19, 5, 20, 4], [15, 21, 16, 20], [17, 15, 18, 14], [21, 17, 22, 16], [5, 19, 6, 18], [9, 22, 10, 1]]"
11a_39_139,"[[9, 22, 10, 1], [11, 2, 12, 3], [13, 7, 14, 6], [1, 10, 2, 11], [7, 13, 8, 12], [3, 8, 4, 9], [19, 5, 20, 4], [15, 21, 16, 20], [17, 15, 18, 14], [21, 17, 22, 16], [5, 19, 6, 18]]"
11a_39_140,"[[5, 19, 6, 18], [9, 22, 10, 1], [11, 2, 12, 3], [13, 7, 14, 6], [1, 10, 2, 11], [7, 13, 8, 12], [3, 8, 4, 9], [19, 5, 20, 4], [15, 21, 16, 20], [17, 15, 18, 14], [21, 17, 22, 16]]"
11a_39_141,"[[21, 17, 22, 16], [5, 19, 6, 18], [9, 22, 10, 1], [11, 2, 12, 3], [13, 7, 14, 6], [1, 10, 2, 11], [7, 13, 8, 12], [3, 8, 4, 9], [19, 5, 20, 4], [15, 21, 16, 20], [17, 15, 18, 14]]"
11a_39_142,"[[17, 15, 18, 14], [21, 17, 22, 16], [5, 19, 6, 18], [9, 22, 10, 1], [11, 2, 12, 3], [13, 7, 14, 6], [1, 10, 2, 11], [7, 13, 8, 12], [3, 8, 4, 9], [19, 5, 20, 4], [15, 21, 16, 20]]"
11a_39_143,"[[16, 22, 17, 21], [18, 16, 19, 15], [22, 18, 1, 17], [6, 20, 7, 19], [10, 1, 11, 2], [12, 3, 13, 4], [14, 8, 15, 7], [2, 11, 3, 12], [8, 14, 9, 13], [4, 9, 5, 10], [20, 6, 21, 5]]"
11a_39_144,"[[20, 6, 21, 5], [16, 22, 17, 21], [18, 16, 19, 15], [22, 18, 1, 17], [6, 20, 7, 19], [10, 1, 11, 2], [12, 3, 13, 4], [14, 8, 15, 7], [2, 11, 3, 12], [8, 14, 9, 13], [4, 9, 5, 10]]"
11a_39_145,"[[4, 9, 5, 10], [20, 6, 21, 5], [16, 22, 17, 21], [18, 16, 19, 15], [22, 18, 1, 17], [6, 20, 7, 19], [10, 1, 11, 2], [12, 3, 13, 4], [14, 8, 15, 7], [2, 11, 3, 12], [8, 14, 9, 13]]"
11a_39_146,"[[8, 14, 9, 13], [4, 9, 5, 10], [20, 6, 21, 5], [16, 22, 17, 21], [18, 16, 19, 15], [22, 18, 1, 17], [6, 20, 7, 19], [10, 1, 11, 2], [12, 3, 13, 4], [14, 8, 15, 7], [2, 11, 3, 12]]"
11a_39_147,"[[2, 11, 3, 12], [8, 14, 9, 13], [4, 9, 5, 10], [20, 6, 21, 5], [16, 22, 17, 21], [18, 16, 19, 15], [22, 18, 1, 17], [6, 20, 7, 19], [10, 1, 11, 2], [12, 3, 13, 4], [14, 8, 15, 7]]"
11a_39_148,"[[14, 8, 15, 7], [2, 11, 3, 12], [8, 14, 9, 13], [4, 9, 5, 10], [20, 6, 21, 5], [16, 22, 17, 21], [18, 16, 19, 15], [22, 18, 1, 17], [6, 20, 7, 19], [10, 1, 11, 2], [12, 3, 13, 4]]"
11a_39_149,"[[12, 3, 13, 4], [14, 8, 15, 7], [2, 11, 3, 12], [8, 14, 9, 13], [4, 9, 5, 10], [20, 6, 21, 5], [16, 22, 17, 21], [18, 16, 19, 15], [22, 18, 1, 17], [6, 20, 7, 19], [10, 1, 11, 2]]"
11a_39_150,"[[10, 1, 11, 2], [12, 3, 13, 4], [14, 8, 15, 7], [2, 11, 3, 12], [8, 14, 9, 13], [4, 9, 5, 10], [20, 6, 21, 5], [16, 22, 17, 21], [18, 16, 19, 15], [22, 18, 1, 17], [6, 20, 7, 19]]"
11a_39_151,"[[6, 20, 7, 19], [10, 1, 11, 2], [12, 3, 13, 4], [14, 8, 15, 7], [2, 11, 3, 12], [8, 14, 9, 13], [4, 9, 5, 10], [20, 6, 21, 5], [16, 22, 17, 21], [18, 16, 19, 15], [22, 18, 1, 17]]"
11a_39_152,"[[22, 18, 1, 17], [6, 20, 7, 19], [10, 1, 11, 2], [12, 3, 13, 4], [14, 8, 15, 7], [2, 11, 3, 12], [8, 14, 9, 13], [4, 9, 5, 10], [20, 6, 21, 5], [16, 22, 17, 21], [18, 16, 19, 15]]"
11a_39_153,"[[18, 16, 19, 15], [22, 18, 1, 17], [6, 20, 7, 19], [10, 1, 11, 2], [12, 3, 13, 4], [14, 8, 15, 7], [2, 11, 3, 12], [8, 14, 9, 13], [4, 9, 5, 10], [20, 6, 21, 5], [16, 22, 17, 21]]"
11a_39_154,"[[17, 1, 18, 22], [19, 17, 20, 16], [1, 19, 2, 18], [7, 21, 8, 20], [11, 2, 12, 3], [13, 4, 14, 5], [15, 9, 16, 8], [3, 12, 4, 13], [9, 15, 10, 14], [5, 10, 6, 11], [21, 7, 22, 6]]"
11a_39_155,"[[21, 7, 22, 6], [17, 1, 18, 22], [19, 17, 20, 16], [1, 19, 2, 18], [7, 21, 8, 20], [11, 2, 12, 3], [13, 4, 14, 5], [15, 9, 16, 8], [3, 12, 4, 13], [9, 15, 10, 14], [5, 10, 6, 11]]"
11a_39_156,"[[5, 10, 6, 11], [21, 7, 22, 6], [17, 1, 18, 22], [19, 17, 20, 16], [1, 19, 2, 18], [7, 21, 8, 20], [11, 2, 12, 3], [13, 4, 14, 5], [15, 9, 16, 8], [3, 12, 4, 13], [9, 15, 10, 14]]"
11a_39_157,"[[9, 15, 10, 14], [5, 10, 6, 11], [21, 7, 22, 6], [17, 1, 18, 22], [19, 17, 20, 16], [1, 19, 2, 18], [7, 21, 8, 20], [11, 2, 12, 3], [13, 4, 14, 5], [15, 9, 16, 8], [3, 12, 4, 13]]"
11a_39_158,"[[3, 12, 4, 13], [9, 15, 10, 14], [5, 10, 6, 11], [21, 7, 22, 6], [17, 1, 18, 22], [19, 17, 20, 16], [1, 19, 2, 18], [7, 21, 8, 20], [11, 2, 12, 3], [13, 4, 14, 5], [15, 9, 16, 8]]"
11a_39_159,"[[15, 9, 16, 8], [3, 12, 4, 13], [9, 15, 10, 14], [5, 10, 6, 11], [21, 7, 22, 6], [17, 1, 18, 22], [19, 17, 20, 16], [1, 19, 2, 18], [7, 21, 8, 20], [11, 2, 12, 3], [13, 4, 14, 5]]"
11a_39_160,"[[13, 4, 14, 5], [15, 9, 16, 8], [3, 12, 4, 13], [9, 15, 10, 14], [5, 10, 6, 11], [21, 7, 22, 6], [17, 1, 18, 22], [19, 17, 20, 16], [1, 19, 2, 18], [7, 21, 8, 20], [11, 2, 12, 3]]"
11a_39_161,"[[11, 2, 12, 3], [13, 4, 14, 5], [15, 9, 16, 8], [3, 12, 4, 13], [9, 15, 10, 14], [5, 10, 6, 11], [21, 7, 22, 6], [17, 1, 18, 22], [19, 17, 20, 16], [1, 19, 2, 18], [7, 21, 8, 20]]"
11a_39_162,"[[7, 21, 8, 20], [11, 2, 12, 3], [13, 4, 14, 5], [15, 9, 16, 8], [3, 12, 4, 13], [9, 15, 10, 14], [5, 10, 6, 11], [21, 7, 22, 6], [17, 1, 18, 22], [19, 17, 20, 16], [1, 19, 2, 18]]"
11a_39_163,"[[1, 19, 2, 18], [7, 21, 8, 20], [11, 2, 12, 3], [13, 4, 14, 5], [15, 9, 16, 8], [3, 12, 4, 13], [9, 15, 10, 14], [5, 10, 6, 11], [21, 7, 22, 6], [17, 1, 18, 22], [19, 17, 20, 16]]"
11a_39_164,"[[19, 17, 20, 16], [1, 19, 2, 18], [7, 21, 8, 20], [11, 2, 12, 3], [13, 4, 14, 5], [15, 9, 16, 8], [3, 12, 4, 13], [9, 15, 10, 14], [5, 10, 6, 11], [21, 7, 22, 6], [17, 1, 18, 22]]"
11a_39_165,"[[18, 2, 19, 1], [20, 18, 21, 17], [2, 20, 3, 19], [8, 22, 9, 21], [12, 3, 13, 4], [14, 5, 15, 6], [16, 10, 17, 9], [4, 13, 5, 14], [10, 16, 11, 15], [6, 11, 7, 12], [22, 8, 1, 7]]"
11a_39_166,"[[22, 8, 1, 7], [18, 2, 19, 1], [20, 18, 21, 17], [2, 20, 3, 19], [8, 22, 9, 21], [12, 3, 13, 4], [14, 5, 15, 6], [16, 10, 17, 9], [4, 13, 5, 14], [10, 16, 11, 15], [6, 11, 7, 12]]"
11a_39_167,"[[6, 11, 7, 12], [22, 8, 1, 7], [18, 2, 19, 1], [20, 18, 21, 17], [2, 20, 3, 19], [8, 22, 9, 21], [12, 3, 13, 4], [14, 5, 15, 6], [16, 10, 17, 9], [4, 13, 5, 14], [10, 16, 11, 15]]"
11a_39_168,"[[10, 16, 11, 15], [6, 11, 7, 12], [22, 8, 1, 7], [18, 2, 19, 1], [20, 18, 21, 17], [2, 20, 3, 19], [8, 22, 9, 21], [12, 3, 13, 4], [14, 5, 15, 6], [16, 10, 17, 9], [4, 13, 5, 14]]"
11a_39_169,"[[4, 13, 5, 14], [10, 16, 11, 15], [6, 11, 7, 12], [22, 8, 1, 7], [18, 2, 19, 1], [20, 18, 21, 17], [2, 20, 3, 19], [8, 22, 9, 21], [12, 3, 13, 4], [14, 5, 15, 6], [16, 10, 17, 9]]"
11a_39_170,"[[16, 10, 17, 9], [4, 13, 5, 14], [10, 16, 11, 15], [6, 11, 7, 12], [22, 8, 1, 7], [18, 2, 19, 1], [20, 18, 21, 17], [2, 20, 3, 19], [8, 22, 9, 21], [12, 3, 13, 4], [14, 5, 15, 6]]"
11a_39_171,"[[14, 5, 15, 6], [16, 10, 17, 9], [4, 13, 5, 14], [10, 16, 11, 15], [6, 11, 7, 12], [22, 8, 1, 7], [18, 2, 19, 1], [20, 18, 21, 17], [2, 20, 3, 19], [8, 22, 9, 21], [12, 3, 13, 4]]"
11a_39_172,"[[12, 3, 13, 4], [14, 5, 15, 6], [16, 10, 17, 9], [4, 13, 5, 14], [10, 16, 11, 15], [6, 11, 7, 12], [22, 8, 1, 7], [18, 2, 19, 1], [20, 18, 21, 17], [2, 20, 3, 19], [8, 22, 9, 21]]"
11a_39_173,"[[8, 22, 9, 21], [12, 3, 13, 4], [14, 5, 15, 6], [16, 10, 17, 9], [4, 13, 5, 14], [10, 16, 11, 15], [6, 11, 7, 12], [22, 8, 1, 7], [18, 2, 19, 1], [20, 18, 21, 17], [2, 20, 3, 19]]"
11a_39_174,"[[2, 20, 3, 19], [8, 22, 9, 21], [12, 3, 13, 4], [14, 5, 15, 6], [16, 10, 17, 9], [4, 13, 5, 14], [10, 16, 11, 15], [6, 11, 7, 12], [22, 8, 1, 7], [18, 2, 19, 1], [20, 18, 21, 17]]"
11a_39_175,"[[20, 18, 21, 17], [2, 20, 3, 19], [8, 22, 9, 21], [12, 3, 13, 4], [14, 5, 15, 6], [16, 10, 17, 9], [4, 13, 5, 14], [10, 16, 11, 15], [6, 11, 7, 12], [22, 8, 1, 7], [18, 2, 19, 1]]"
11a_39_176,"[[19, 3, 20, 2], [21, 19, 22, 18], [3, 21, 4, 20], [9, 1, 10, 22], [13, 4, 14, 5], [15, 6, 16, 7], [17, 11, 18, 10], [5, 14, 6, 15], [11, 17, 12, 16], [7, 12, 8, 13], [1, 9, 2, 8]]"
11a_39_177,"[[1, 9, 2, 8], [19, 3, 20, 2], [21, 19, 22, 18], [3, 21, 4, 20], [9, 1, 10, 22], [13, 4, 14, 5], [15, 6, 16, 7], [17, 11, 18, 10], [5, 14, 6, 15], [11, 17, 12, 16], [7, 12, 8, 13]]"
11a_39_178,"[[7, 12, 8, 13], [1, 9, 2, 8], [19, 3, 20, 2], [21, 19, 22, 18], [3, 21, 4, 20], [9, 1, 10, 22], [13, 4, 14, 5], [15, 6, 16, 7], [17, 11, 18, 10], [5, 14, 6, 15], [11, 17, 12, 16]]"
11a_39_179,"[[11, 17, 12, 16], [7, 12, 8, 13], [1, 9, 2, 8], [19, 3, 20, 2], [21, 19, 22, 18], [3, 21, 4, 20], [9, 1, 10, 22], [13, 4, 14, 5], [15, 6, 16, 7], [17, 11, 18, 10], [5, 14, 6, 15]]"
11a_39_180,"[[5, 14, 6, 15], [11, 17, 12, 16], [7, 12, 8, 13], [1, 9, 2, 8], [19, 3, 20, 2], [21, 19, 22, 18], [3, 21, 4, 20], [9, 1, 10, 22], [13, 4, 14, 5], [15, 6, 16, 7], [17, 11, 18, 10]]"
11a_39_181,"[[17, 11, 18, 10], [5, 14, 6, 15], [11, 17, 12, 16], [7, 12, 8, 13], [1, 9, 2, 8], [19, 3, 20, 2], [21, 19, 22, 18], [3, 21, 4, 20], [9, 1, 10, 22], [13, 4, 14, 5], [15, 6, 16, 7]]"
11a_39_182,"[[15, 6, 16, 7], [17, 11, 18, 10], [5, 14, 6, 15], [11, 17, 12, 16], [7, 12, 8, 13], [1, 9, 2, 8], [19, 3, 20, 2], [21, 19, 22, 18], [3, 21, 4, 20], [9, 1, 10, 22], [13, 4, 14, 5]]"
11a_39_183,"[[13, 4, 14, 5], [15, 6, 16, 7], [17, 11, 18, 10], [5, 14, 6, 15], [11, 17, 12, 16], [7, 12, 8, 13], [1, 9, 2, 8], [19, 3, 20, 2], [21, 19, 22, 18], [3, 21, 4, 20], [9, 1, 10, 22]]"
11a_39_184,"[[9, 1, 10, 22], [13, 4, 14, 5], [15, 6, 16, 7], [17, 11, 18, 10], [5, 14, 6, 15], [11, 17, 12, 16], [7, 12, 8, 13], [1, 9, 2, 8], [19, 3, 20, 2], [21, 19, 22, 18], [3, 21, 4, 20]]"
11a_39_185,"[[3, 21, 4, 20], [9, 1, 10, 22], [13, 4, 14, 5], [15, 6, 16, 7], [17, 11, 18, 10], [5, 14, 6, 15], [11, 17, 12, 16], [7, 12, 8, 13], [1, 9, 2, 8], [19, 3, 20, 2], [21, 19, 22, 18]]"
11a_39_186,"[[21, 19, 22, 18], [3, 21, 4, 20], [9, 1, 10, 22], [13, 4, 14, 5], [15, 6, 16, 7], [17, 11, 18, 10], [5, 14, 6, 15], [11, 17, 12, 16], [7, 12, 8, 13], [1, 9, 2, 8], [19, 3, 20, 2]]"
11a_39_187,"[[20, 4, 21, 3], [22, 20, 1, 19], [4, 22, 5, 21], [10, 2, 11, 1], [14, 5, 15, 6], [16, 7, 17, 8], [18, 12, 19, 11], [6, 15, 7, 16], [12, 18, 13, 17], [8, 13, 9, 14], [2, 10, 3, 9]]"
11a_39_188,"[[2, 10, 3, 9], [20, 4, 21, 3], [22, 20, 1, 19], [4, 22, 5, 21], [10, 2, 11, 1], [14, 5, 15, 6], [16, 7, 17, 8], [18, 12, 19, 11], [6, 15, 7, 16], [12, 18, 13, 17], [8, 13, 9, 14]]"
11a_39_189,"[[8, 13, 9, 14], [2, 10, 3, 9], [20, 4, 21, 3], [22, 20, 1, 19], [4, 22, 5, 21], [10, 2, 11, 1], [14, 5, 15, 6], [16, 7, 17, 8], [18, 12, 19, 11], [6, 15, 7, 16], [12, 18, 13, 17]]"
11a_39_190,"[[12, 18, 13, 17], [8, 13, 9, 14], [2, 10, 3, 9], [20, 4, 21, 3], [22, 20, 1, 19], [4, 22, 5, 21], [10, 2, 11, 1], [14, 5, 15, 6], [16, 7, 17, 8], [18, 12, 19, 11], [6, 15, 7, 16]]"
11a_39_191,"[[6, 15, 7, 16], [12, 18, 13, 17], [8, 13, 9, 14], [2, 10, 3, 9], [20, 4, 21, 3], [22, 20, 1, 19], [4, 22, 5, 21], [10, 2, 11, 1], [14, 5, 15, 6], [16, 7, 17, 8], [18, 12, 19, 11]]"
11a_39_192,"[[18, 12, 19, 11], [6, 15, 7, 16], [12, 18, 13, 17], [8, 13, 9, 14], [2, 10, 3, 9], [20, 4, 21, 3], [22, 20, 1, 19], [4, 22, 5, 21], [10, 2, 11, 1], [14, 5, 15, 6], [16, 7, 17, 8]]"
11a_39_193,"[[16, 7, 17, 8], [18, 12, 19, 11], [6, 15, 7, 16], [12, 18, 13, 17], [8, 13, 9, 14], [2, 10, 3, 9], [20, 4, 21, 3], [22, 20, 1, 19], [4, 22, 5, 21], [10, 2, 11, 1], [14, 5, 15, 6]]"
11a_39_194,"[[14, 5, 15, 6], [16, 7, 17, 8], [18, 12, 19, 11], [6, 15, 7, 16], [12, 18, 13, 17], [8, 13, 9, 14], [2, 10, 3, 9], [20, 4, 21, 3], [22, 20, 1, 19], [4, 22, 5, 21], [10, 2, 11, 1]]"
11a_39_195,"[[10, 2, 11, 1], [14, 5, 15, 6], [16, 7, 17, 8], [18, 12, 19, 11], [6, 15, 7, 16], [12, 18, 13, 17], [8, 13, 9, 14], [2, 10, 3, 9], [20, 4, 21, 3], [22, 20, 1, 19], [4, 22, 5, 21]]"
11a_39_196,"[[4, 22, 5, 21], [10, 2, 11, 1], [14, 5, 15, 6], [16, 7, 17, 8], [18, 12, 19, 11], [6, 15, 7, 16], [12, 18, 13, 17], [8, 13, 9, 14], [2, 10, 3, 9], [20, 4, 21, 3], [22, 20, 1, 19]]"
11a_39_197,"[[22, 20, 1, 19], [4, 22, 5, 21], [10, 2, 11, 1], [14, 5, 15, 6], [16, 7, 17, 8], [18, 12, 19, 11], [6, 15, 7, 16], [12, 18, 13, 17], [8, 13, 9, 14], [2, 10, 3, 9], [20, 4, 21, 3]]"
11a_39_198,"[[21, 5, 22, 4], [1, 21, 2, 20], [5, 1, 6, 22], [11, 3, 12, 2], [15, 6, 16, 7], [17, 8, 18, 9], [19, 13, 20, 12], [7, 16, 8, 17], [13, 19, 14, 18], [9, 14, 10, 15], [3, 11, 4, 10]]"
11a_39_199,"[[3, 11, 4, 10], [21, 5, 22, 4], [1, 21, 2, 20], [5, 1, 6, 22], [11, 3, 12, 2], [15, 6, 16, 7], [17, 8, 18, 9], [19, 13, 20, 12], [7, 16, 8, 17], [13, 19, 14, 18], [9, 14, 10, 15]]"
11a_39_200,"[[9, 14, 10, 15], [3, 11, 4, 10], [21, 5, 22, 4], [1, 21, 2, 20], [5, 1, 6, 22], [11, 3, 12, 2], [15, 6, 16, 7], [17, 8, 18, 9], [19, 13, 20, 12], [7, 16, 8, 17], [13, 19, 14, 18]]"
11a_39_201,"[[13, 19, 14, 18], [9, 14, 10, 15], [3, 11, 4, 10], [21, 5, 22, 4], [1, 21, 2, 20], [5, 1, 6, 22], [11, 3, 12, 2], [15, 6, 16, 7], [17, 8, 18, 9], [19, 13, 20, 12], [7, 16, 8, 17]]"
11a_39_202,"[[7, 16, 8, 17], [13, 19, 14, 18], [9, 14, 10, 15], [3, 11, 4, 10], [21, 5, 22, 4], [1, 21, 2, 20], [5, 1, 6, 22], [11, 3, 12, 2], [15, 6, 16, 7], [17, 8, 18, 9], [19, 13, 20, 12]]"
11a_39_203,"[[19, 13, 20, 12], [7, 16, 8, 17], [13, 19, 14, 18], [9, 14, 10, 15], [3, 11, 4, 10], [21, 5, 22, 4], [1, 21, 2, 20], [5, 1, 6, 22], [11, 3, 12, 2], [15, 6, 16, 7], [17, 8, 18, 9]]"
11a_39_204,"[[17, 8, 18, 9], [19, 13, 20, 12], [7, 16, 8, 17], [13, 19, 14, 18], [9, 14, 10, 15], [3, 11, 4, 10], [21, 5, 22, 4], [1, 21, 2, 20], [5, 1, 6, 22], [11, 3, 12, 2], [15, 6, 16, 7]]"
