name,pd_notation
11a_326_0,"[[11, 18, 12, 19], [7, 3, 8, 2], [21, 14, 22, 15], [13, 5, 14, 4], [3, 20, 4, 21], [19, 6, 20, 7], [1, 11, 2, 10], [15, 9, 16, 8], [9, 17, 10, 16], [5, 13, 6, 12], [17, 22, 18, 1]]"
11a_326_1,"[[17, 22, 18, 1], [11, 18, 12, 19], [7, 3, 8, 2], [21, 14, 22, 15], [13, 5, 14, 4], [3, 20, 4, 21], [19, 6, 20, 7], [1, 11, 2, 10], [15, 9, 16, 8], [9, 17, 10, 16], [5, 13, 6, 12]]"
11a_326_2,"[[5, 13, 6, 12], [17, 22, 18, 1], [11, 18, 12, 19], [7, 3, 8, 2], [21, 14, 22, 15], [13, 5, 14, 4], [3, 20, 4, 21], [19, 6, 20, 7], [1, 11, 2, 10], [15, 9, 16, 8], [9, 17, 10, 16]]"
11a_326_3,"[[9, 17, 10, 16], [5, 13, 6, 12], [17, 22, 18, 1], [11, 18, 12, 19], [7, 3, 8, 2], [21, 14, 22, 15], [13, 5, 14, 4], [3, 20, 4, 21], [19, 6, 20, 7], [1, 11, 2, 10], [15, 9, 16, 8]]"
11a_326_4,"[[15, 9, 16, 8], [9, 17, 10, 16], [5, 13, 6, 12], [17, 22, 18, 1], [11, 18, 12, 19], [7, 3, 8, 2], [21, 14, 22, 15], [13, 5, 14, 4], [3, 20, 4, 21], [19, 6, 20, 7], [1, 11, 2, 10]]"
11a_326_5,"[[1, 11, 2, 10], [15, 9, 16, 8], [9, 17, 10, 16], [5, 13, 6, 12], [17, 22, 18, 1], [11, 18, 12, 19], [7, 3, 8, 2], [21, 14, 22, 15], [13, 5, 14, 4], [3, 20, 4, 21], [19, 6, 20, 7]]"
11a_326_6,"[[19, 6, 20, 7], [1, 11, 2, 10], [15, 9, 16, 8], [9, 17, 10, 16], [5, 13, 6, 12], [17, 22, 18, 1], [11, 18, 12, 19], [7, 3, 8, 2], [21, 14, 22, 15], [13, 5, 14, 4], [3, 20, 4, 21]]"
11a_326_7,"[[3, 20, 4, 21], [19, 6, 20, 7], [1, 11, 2, 10], [15, 9, 16, 8], [9, 17, 10, 16], [5, 13, 6, 12], [17, 22, 18, 1], [11, 18, 12, 19], [7, 3, 8, 2], [21, 14, 22, 15], [13, 5, 14, 4]]"
11a_326_8,"[[13, 5, 14, 4], [3, 20, 4, 21], [19, 6, 20, 7], [1, 11, 2, 10], [15, 9, 16, 8], [9, 17, 10, 16], [5, 13, 6, 12], [17, 22, 18, 1], [11, 18, 12, 19], [7, 3, 8, 2], [21, 14, 22, 15]]"
11a_326_9,"[[21, 14, 22, 15], [13, 5, 14, 4], [3, 20, 4, 21], [19, 6, 20, 7], [1, 11, 2, 10], [15, 9, 16, 8], [9, 17, 10, 16], [5, 13, 6, 12], [17, 22, 18, 1], [11, 18, 12, 19], [7, 3, 8, 2]]"
11a_326_10,"[[7, 3, 8, 2], [21, 14, 22, 15], [13, 5, 14, 4], [3, 20, 4, 21], [19, 6, 20, 7], [1, 11, 2, 10], [15, 9, 16, 8], [9, 17, 10, 16], [5, 13, 6, 12], [17, 22, 18, 1], [11, 18, 12, 19]]"
11a_326_11,"[[12, 19, 13, 20], [8, 4, 9, 3], [22, 15, 1, 16], [14, 6, 15, 5], [4, 21, 5, 22], [20, 7, 21, 8], [2, 12, 3, 11], [16, 10, 17, 9], [10, 18, 11, 17], [6, 14, 7, 13], [18, 1, 19, 2]]"
11a_326_12,"[[18, 1, 19, 2], [12, 19, 13, 20], [8, 4, 9, 3], [22, 15, 1, 16], [14, 6, 15, 5], [4, 21, 5, 22], [20, 7, 21, 8], [2, 12, 3, 11], [16, 10, 17, 9], [10, 18, 11, 17], [6, 14, 7, 13]]"
11a_326_13,"[[6, 14, 7, 13], [18, 1, 19, 2], [12, 19, 13, 20], [8, 4, 9, 3], [22, 15, 1, 16], [14, 6, 15, 5], [4, 21, 5, 22], [20, 7, 21, 8], [2, 12, 3, 11], [16, 10, 17, 9], [10, 18, 11, 17]]"
11a_326_14,"[[10, 18, 11, 17], [6, 14, 7, 13], [18, 1, 19, 2], [12, 19, 13, 20], [8, 4, 9, 3], [22, 15, 1, 16], [14, 6, 15, 5], [4, 21, 5, 22], [20, 7, 21, 8], [2, 12, 3, 11], [16, 10, 17, 9]]"
11a_326_15,"[[16, 10, 17, 9], [10, 18, 11, 17], [6, 14, 7, 13], [18, 1, 19, 2], [12, 19, 13, 20], [8, 4, 9, 3], [22, 15, 1, 16], [14, 6, 15, 5], [4, 21, 5, 22], [20, 7, 21, 8], [2, 12, 3, 11]]"
11a_326_16,"[[2, 12, 3, 11], [16, 10, 17, 9], [10, 18, 11, 17], [6, 14, 7, 13], [18, 1, 19, 2], [12, 19, 13, 20], [8, 4, 9, 3], [22, 15, 1, 16], [14, 6, 15, 5], [4, 21, 5, 22], [20, 7, 21, 8]]"
11a_326_17,"[[20, 7, 21, 8], [2, 12, 3, 11], [16, 10, 17, 9], [10, 18, 11, 17], [6, 14, 7, 13], [18, 1, 19, 2], [12, 19, 13, 20], [8, 4, 9, 3], [22, 15, 1, 16], [14, 6, 15, 5], [4, 21, 5, 22]]"
11a_326_18,"[[4, 21, 5, 22], [20, 7, 21, 8], [2, 12, 3, 11], [16, 10, 17, 9], [10, 18, 11, 17], [6, 14, 7, 13], [18, 1, 19, 2], [12, 19, 13, 20], [8, 4, 9, 3], [22, 15, 1, 16], [14, 6, 15, 5]]"
11a_326_19,"[[14, 6, 15, 5], [4, 21, 5, 22], [20, 7, 21, 8], [2, 12, 3, 11], [16, 10, 17, 9], [10, 18, 11, 17], [6, 14, 7, 13], [18, 1, 19, 2], [12, 19, 13, 20], [8, 4, 9, 3], [22, 15, 1, 16]]"
11a_326_20,"[[22, 15, 1, 16], [14, 6, 15, 5], [4, 21, 5, 22], [20, 7, 21, 8], [2, 12, 3, 11], [16, 10, 17, 9], [10, 18, 11, 17], [6, 14, 7, 13], [18, 1, 19, 2], [12, 19, 13, 20], [8, 4, 9, 3]]"
11a_326_21,"[[8, 4, 9, 3], [22, 15, 1, 16], [14, 6, 15, 5], [4, 21, 5, 22], [20, 7, 21, 8], [2, 12, 3, 11], [16, 10, 17, 9], [10, 18, 11, 17], [6, 14, 7, 13], [18, 1, 19, 2], [12, 19, 13, 20]]"
11a_326_22,"[[13, 20, 14, 21], [9, 5, 10, 4], [1, 16, 2, 17], [15, 7, 16, 6], [5, 22, 6, 1], [21, 8, 22, 9], [3, 13, 4, 12], [17, 11, 18, 10], [11, 19, 12, 18], [7, 15, 8, 14], [19, 2, 20, 3]]"
11a_326_23,"[[19, 2, 20, 3], [13, 20, 14, 21], [9, 5, 10, 4], [1, 16, 2, 17], [15, 7, 16, 6], [5, 22, 6, 1], [21, 8, 22, 9], [3, 13, 4, 12], [17, 11, 18, 10], [11, 19, 12, 18], [7, 15, 8, 14]]"
11a_326_24,"[[7, 15, 8, 14], [19, 2, 20, 3], [13, 20, 14, 21], [9, 5, 10, 4], [1, 16, 2, 17], [15, 7, 16, 6], [5, 22, 6, 1], [21, 8, 22, 9], [3, 13, 4, 12], [17, 11, 18, 10], [11, 19, 12, 18]]"
11a_326_25,"[[11, 19, 12, 18], [7, 15, 8, 14], [19, 2, 20, 3], [13, 20, 14, 21], [9, 5, 10, 4], [1, 16, 2, 17], [15, 7, 16, 6], [5, 22, 6, 1], [21, 8, 22, 9], [3, 13, 4, 12], [17, 11, 18, 10]]"
11a_326_26,"[[17, 11, 18, 10], [11, 19, 12, 18], [7, 15, 8, 14], [19, 2, 20, 3], [13, 20, 14, 21], [9, 5, 10, 4], [1, 16, 2, 17], [15, 7, 16, 6], [5, 22, 6, 1], [21, 8, 22, 9], [3, 13, 4, 12]]"
11a_326_27,"[[3, 13, 4, 12], [17, 11, 18, 10], [11, 19, 12, 18], [7, 15, 8, 14], [19, 2, 20, 3], [13, 20, 14, 21], [9, 5, 10, 4], [1, 16, 2, 17], [15, 7, 16, 6], [5, 22, 6, 1], [21, 8, 22, 9]]"
11a_326_28,"[[21, 8, 22, 9], [3, 13, 4, 12], [17, 11, 18, 10], [11, 19, 12, 18], [7, 15, 8, 14], [19, 2, 20, 3], [13, 20, 14, 21], [9, 5, 10, 4], [1, 16, 2, 17], [15, 7, 16, 6], [5, 22, 6, 1]]"
11a_326_29,"[[5, 22, 6, 1], [21, 8, 22, 9], [3, 13, 4, 12], [17, 11, 18, 10], [11, 19, 12, 18], [7, 15, 8, 14], [19, 2, 20, 3], [13, 20, 14, 21], [9, 5, 10, 4], [1, 16, 2, 17], [15, 7, 16, 6]]"
11a_326_30,"[[15, 7, 16, 6], [5, 22, 6, 1], [21, 8, 22, 9], [3, 13, 4, 12], [17, 11, 18, 10], [11, 19, 12, 18], [7, 15, 8, 14], [19, 2, 20, 3], [13, 20, 14, 21], [9, 5, 10, 4], [1, 16, 2, 17]]"
11a_326_31,"[[1, 16, 2, 17], [15, 7, 16, 6], [5, 22, 6, 1], [21, 8, 22, 9], [3, 13, 4, 12], [17, 11, 18, 10], [11, 19, 12, 18], [7, 15, 8, 14], [19, 2, 20, 3], [13, 20, 14, 21], [9, 5, 10, 4]]"
11a_326_32,"[[9, 5, 10, 4], [1, 16, 2, 17], [15, 7, 16, 6], [5, 22, 6, 1], [21, 8, 22, 9], [3, 13, 4, 12], [17, 11, 18, 10], [11, 19, 12, 18], [7, 15, 8, 14], [19, 2, 20, 3], [13, 20, 14, 21]]"
11a_326_33,"[[14, 21, 15, 22], [10, 6, 11, 5], [2, 17, 3, 18], [16, 8, 17, 7], [6, 1, 7, 2], [22, 9, 1, 10], [4, 14, 5, 13], [18, 12, 19, 11], [12, 20, 13, 19], [8, 16, 9, 15], [20, 3, 21, 4]]"
11a_326_34,"[[20, 3, 21, 4], [14, 21, 15, 22], [10, 6, 11, 5], [2, 17, 3, 18], [16, 8, 17, 7], [6, 1, 7, 2], [22, 9, 1, 10], [4, 14, 5, 13], [18, 12, 19, 11], [12, 20, 13, 19], [8, 16, 9, 15]]"
11a_326_35,"[[8, 16, 9, 15], [20, 3, 21, 4], [14, 21, 15, 22], [10, 6, 11, 5], [2, 17, 3, 18], [16, 8, 17, 7], [6, 1, 7, 2], [22, 9, 1, 10], [4, 14, 5, 13], [18, 12, 19, 11], [12, 20, 13, 19]]"
11a_326_36,"[[12, 20, 13, 19], [8, 16, 9, 15], [20, 3, 21, 4], [14, 21, 15, 22], [10, 6, 11, 5], [2, 17, 3, 18], [16, 8, 17, 7], [6, 1, 7, 2], [22, 9, 1, 10], [4, 14, 5, 13], [18, 12, 19, 11]]"
11a_326_37,"[[18, 12, 19, 11], [12, 20, 13, 19], [8, 16, 9, 15], [20, 3, 21, 4], [14, 21, 15, 22], [10, 6, 11, 5], [2, 17, 3, 18], [16, 8, 17, 7], [6, 1, 7, 2], [22, 9, 1, 10], [4, 14, 5, 13]]"
11a_326_38,"[[4, 14, 5, 13], [18, 12, 19, 11], [12, 20, 13, 19], [8, 16, 9, 15], [20, 3, 21, 4], [14, 21, 15, 22], [10, 6, 11, 5], [2, 17, 3, 18], [16, 8, 17, 7], [6, 1, 7, 2], [22, 9, 1, 10]]"
11a_326_39,"[[22, 9, 1, 10], [4, 14, 5, 13], [18, 12, 19, 11], [12, 20, 13, 19], [8, 16, 9, 15], [20, 3, 21, 4], [14, 21, 15, 22], [10, 6, 11, 5], [2, 17, 3, 18], [16, 8, 17, 7], [6, 1, 7, 2]]"
11a_326_40,"[[6, 1, 7, 2], [22, 9, 1, 10], [4, 14, 5, 13], [18, 12, 19, 11], [12, 20, 13, 19], [8, 16, 9, 15], [20, 3, 21, 4], [14, 21, 15, 22], [10, 6, 11, 5], [2, 17, 3, 18], [16, 8, 17, 7]]"
11a_326_41,"[[16, 8, 17, 7], [6, 1, 7, 2], [22, 9, 1, 10], [4, 14, 5, 13], [18, 12, 19, 11], [12, 20, 13, 19], [8, 16, 9, 15], [20, 3, 21, 4], [14, 21, 15, 22], [10, 6, 11, 5], [2, 17, 3, 18]]"
11a_326_42,"[[2, 17, 3, 18], [16, 8, 17, 7], [6, 1, 7, 2], [22, 9, 1, 10], [4, 14, 5, 13], [18, 12, 19, 11], [12, 20, 13, 19], [8, 16, 9, 15], [20, 3, 21, 4], [14, 21, 15, 22], [10, 6, 11, 5]]"
11a_326_43,"[[10, 6, 11, 5], [2, 17, 3, 18], [16, 8, 17, 7], [6, 1, 7, 2], [22, 9, 1, 10], [4, 14, 5, 13], [18, 12, 19, 11], [12, 20, 13, 19], [8, 16, 9, 15], [20, 3, 21, 4], [14, 21, 15, 22]]"
11a_326_44,"[[15, 22, 16, 1], [11, 7, 12, 6], [3, 18, 4, 19], [17, 9, 18, 8], [7, 2, 8, 3], [1, 10, 2, 11], [5, 15, 6, 14], [19, 13, 20, 12], [13, 21, 14, 20], [9, 17, 10, 16], [21, 4, 22, 5]]"
11a_326_45,"[[21, 4, 22, 5], [15, 22, 16, 1], [11, 7, 12, 6], [3, 18, 4, 19], [17, 9, 18, 8], [7, 2, 8, 3], [1, 10, 2, 11], [5, 15, 6, 14], [19, 13, 20, 12], [13, 21, 14, 20], [9, 17, 10, 16]]"
11a_326_46,"[[9, 17, 10, 16], [21, 4, 22, 5], [15, 22, 16, 1], [11, 7, 12, 6], [3, 18, 4, 19], [17, 9, 18, 8], [7, 2, 8, 3], [1, 10, 2, 11], [5, 15, 6, 14], [19, 13, 20, 12], [13, 21, 14, 20]]"
11a_326_47,"[[13, 21, 14, 20], [9, 17, 10, 16], [21, 4, 22, 5], [15, 22, 16, 1], [11, 7, 12, 6], [3, 18, 4, 19], [17, 9, 18, 8], [7, 2, 8, 3], [1, 10, 2, 11], [5, 15, 6, 14], [19, 13, 20, 12]]"
11a_326_48,"[[19, 13, 20, 12], [13, 21, 14, 20], [9, 17, 10, 16], [21, 4, 22, 5], [15, 22, 16, 1], [11, 7, 12, 6], [3, 18, 4, 19], [17, 9, 18, 8], [7, 2, 8, 3], [1, 10, 2, 11], [5, 15, 6, 14]]"
11a_326_49,"[[5, 15, 6, 14], [19, 13, 20, 12], [13, 21, 14, 20], [9, 17, 10, 16], [21, 4, 22, 5], [15, 22, 16, 1], [11, 7, 12, 6], [3, 18, 4, 19], [17, 9, 18, 8], [7, 2, 8, 3], [1, 10, 2, 11]]"
11a_326_50,"[[1, 10, 2, 11], [5, 15, 6, 14], [19, 13, 20, 12], [13, 21, 14, 20], [9, 17, 10, 16], [21, 4, 22, 5], [15, 22, 16, 1], [11, 7, 12, 6], [3, 18, 4, 19], [17, 9, 18, 8], [7, 2, 8, 3]]"
11a_326_51,"[[7, 2, 8, 3], [1, 10, 2, 11], [5, 15, 6, 14], [19, 13, 20, 12], [13, 21, 14, 20], [9, 17, 10, 16], [21, 4, 22, 5], [15, 22, 16, 1], [11, 7, 12, 6], [3, 18, 4, 19], [17, 9, 18, 8]]"
11a_326_52,"[[17, 9, 18, 8], [7, 2, 8, 3], [1, 10, 2, 11], [5, 15, 6, 14], [19, 13, 20, 12], [13, 21, 14, 20], [9, 17, 10, 16], [21, 4, 22, 5], [15, 22, 16, 1], [11, 7, 12, 6], [3, 18, 4, 19]]"
11a_326_53,"[[3, 18, 4, 19], [17, 9, 18, 8], [7, 2, 8, 3], [1, 10, 2, 11], [5, 15, 6, 14], [19, 13, 20, 12], [13, 21, 14, 20], [9, 17, 10, 16], [21, 4, 22, 5], [15, 22, 16, 1], [11, 7, 12, 6]]"
11a_326_54,"[[11, 7, 12, 6], [3, 18, 4, 19], [17, 9, 18, 8], [7, 2, 8, 3], [1, 10, 2, 11], [5, 15, 6, 14], [19, 13, 20, 12], [13, 21, 14, 20], [9, 17, 10, 16], [21, 4, 22, 5], [15, 22, 16, 1]]"
11a_326_55,"[[16, 1, 17, 2], [12, 8, 13, 7], [4, 19, 5, 20], [18, 10, 19, 9], [8, 3, 9, 4], [2, 11, 3, 12], [6, 16, 7, 15], [20, 14, 21, 13], [14, 22, 15, 21], [10, 18, 11, 17], [22, 5, 1, 6]]"
11a_326_56,"[[22, 5, 1, 6], [16, 1, 17, 2], [12, 8, 13, 7], [4, 19, 5, 20], [18, 10, 19, 9], [8, 3, 9, 4], [2, 11, 3, 12], [6, 16, 7, 15], [20, 14, 21, 13], [14, 22, 15, 21], [10, 18, 11, 17]]"
11a_326_57,"[[10, 18, 11, 17], [22, 5, 1, 6], [16, 1, 17, 2], [12, 8, 13, 7], [4, 19, 5, 20], [18, 10, 19, 9], [8, 3, 9, 4], [2, 11, 3, 12], [6, 16, 7, 15], [20, 14, 21, 13], [14, 22, 15, 21]]"
11a_326_58,"[[14, 22, 15, 21], [10, 18, 11, 17], [22, 5, 1, 6], [16, 1, 17, 2], [12, 8, 13, 7], [4, 19, 5, 20], [18, 10, 19, 9], [8, 3, 9, 4], [2, 11, 3, 12], [6, 16, 7, 15], [20, 14, 21, 13]]"
11a_326_59,"[[20, 14, 21, 13], [14, 22, 15, 21], [10, 18, 11, 17], [22, 5, 1, 6], [16, 1, 17, 2], [12, 8, 13, 7], [4, 19, 5, 20], [18, 10, 19, 9], [8, 3, 9, 4], [2, 11, 3, 12], [6, 16, 7, 15]]"
11a_326_60,"[[6, 16, 7, 15], [20, 14, 21, 13], [14, 22, 15, 21], [10, 18, 11, 17], [22, 5, 1, 6], [16, 1, 17, 2], [12, 8, 13, 7], [4, 19, 5, 20], [18, 10, 19, 9], [8, 3, 9, 4], [2, 11, 3, 12]]"
11a_326_61,"[[2, 11, 3, 12], [6, 16, 7, 15], [20, 14, 21, 13], [14, 22, 15, 21], [10, 18, 11, 17], [22, 5, 1, 6], [16, 1, 17, 2], [12, 8, 13, 7], [4, 19, 5, 20], [18, 10, 19, 9], [8, 3, 9, 4]]"
11a_326_62,"[[8, 3, 9, 4], [2, 11, 3, 12], [6, 16, 7, 15], [20, 14, 21, 13], [14, 22, 15, 21], [10, 18, 11, 17], [22, 5, 1, 6], [16, 1, 17, 2], [12, 8, 13, 7], [4, 19, 5, 20], [18, 10, 19, 9]]"
11a_326_63,"[[18, 10, 19, 9], [8, 3, 9, 4], [2, 11, 3, 12], [6, 16, 7, 15], [20, 14, 21, 13], [14, 22, 15, 21], [10, 18, 11, 17], [22, 5, 1, 6], [16, 1, 17, 2], [12, 8, 13, 7], [4, 19, 5, 20]]"
11a_326_64,"[[4, 19, 5, 20], [18, 10, 19, 9], [8, 3, 9, 4], [2, 11, 3, 12], [6, 16, 7, 15], [20, 14, 21, 13], [14, 22, 15, 21], [10, 18, 11, 17], [22, 5, 1, 6], [16, 1, 17, 2], [12, 8, 13, 7]]"
11a_326_65,"[[12, 8, 13, 7], [4, 19, 5, 20], [18, 10, 19, 9], [8, 3, 9, 4], [2, 11, 3, 12], [6, 16, 7, 15], [20, 14, 21, 13], [14, 22, 15, 21], [10, 18, 11, 17], [22, 5, 1, 6], [16, 1, 17, 2]]"
11a_326_66,"[[17, 2, 18, 3], [13, 9, 14, 8], [5, 20, 6, 21], [19, 11, 20, 10], [9, 4, 10, 5], [3, 12, 4, 13], [7, 17, 8, 16], [21, 15, 22, 14], [15, 1, 16, 22], [11, 19, 12, 18], [1, 6, 2, 7]]"
11a_326_67,"[[1, 6, 2, 7], [17, 2, 18, 3], [13, 9, 14, 8], [5, 20, 6, 21], [19, 11, 20, 10], [9, 4, 10, 5], [3, 12, 4, 13], [7, 17, 8, 16], [21, 15, 22, 14], [15, 1, 16, 22], [11, 19, 12, 18]]"
11a_326_68,"[[11, 19, 12, 18], [1, 6, 2, 7], [17, 2, 18, 3], [13, 9, 14, 8], [5, 20, 6, 21], [19, 11, 20, 10], [9, 4, 10, 5], [3, 12, 4, 13], [7, 17, 8, 16], [21, 15, 22, 14], [15, 1, 16, 22]]"
11a_326_69,"[[15, 1, 16, 22], [11, 19, 12, 18], [1, 6, 2, 7], [17, 2, 18, 3], [13, 9, 14, 8], [5, 20, 6, 21], [19, 11, 20, 10], [9, 4, 10, 5], [3, 12, 4, 13], [7, 17, 8, 16], [21, 15, 22, 14]]"
11a_326_70,"[[21, 15, 22, 14], [15, 1, 16, 22], [11, 19, 12, 18], [1, 6, 2, 7], [17, 2, 18, 3], [13, 9, 14, 8], [5, 20, 6, 21], [19, 11, 20, 10], [9, 4, 10, 5], [3, 12, 4, 13], [7, 17, 8, 16]]"
11a_326_71,"[[7, 17, 8, 16], [21, 15, 22, 14], [15, 1, 16, 22], [11, 19, 12, 18], [1, 6, 2, 7], [17, 2, 18, 3], [13, 9, 14, 8], [5, 20, 6, 21], [19, 11, 20, 10], [9, 4, 10, 5], [3, 12, 4, 13]]"
11a_326_72,"[[3, 12, 4, 13], [7, 17, 8, 16], [21, 15, 22, 14], [15, 1, 16, 22], [11, 19, 12, 18], [1, 6, 2, 7], [17, 2, 18, 3], [13, 9, 14, 8], [5, 20, 6, 21], [19, 11, 20, 10], [9, 4, 10, 5]]"
11a_326_73,"[[9, 4, 10, 5], [3, 12, 4, 13], [7, 17, 8, 16], [21, 15, 22, 14], [15, 1, 16, 22], [11, 19, 12, 18], [1, 6, 2, 7], [17, 2, 18, 3], [13, 9, 14, 8], [5, 20, 6, 21], [19, 11, 20, 10]]"
11a_326_74,"[[19, 11, 20, 10], [9, 4, 10, 5], [3, 12, 4, 13], [7, 17, 8, 16], [21, 15, 22, 14], [15, 1, 16, 22], [11, 19, 12, 18], [1, 6, 2, 7], [17, 2, 18, 3], [13, 9, 14, 8], [5, 20, 6, 21]]"
11a_326_75,"[[5, 20, 6, 21], [19, 11, 20, 10], [9, 4, 10, 5], [3, 12, 4, 13], [7, 17, 8, 16], [21, 15, 22, 14], [15, 1, 16, 22], [11, 19, 12, 18], [1, 6, 2, 7], [17, 2, 18, 3], [13, 9, 14, 8]]"
11a_326_76,"[[13, 9, 14, 8], [5, 20, 6, 21], [19, 11, 20, 10], [9, 4, 10, 5], [3, 12, 4, 13], [7, 17, 8, 16], [21, 15, 22, 14], [15, 1, 16, 22], [11, 19, 12, 18], [1, 6, 2, 7], [17, 2, 18, 3]]"
11a_326_77,"[[18, 3, 19, 4], [14, 10, 15, 9], [6, 21, 7, 22], [20, 12, 21, 11], [10, 5, 11, 6], [4, 13, 5, 14], [8, 18, 9, 17], [22, 16, 1, 15], [16, 2, 17, 1], [12, 20, 13, 19], [2, 7, 3, 8]]"
11a_326_78,"[[2, 7, 3, 8], [18, 3, 19, 4], [14, 10, 15, 9], [6, 21, 7, 22], [20, 12, 21, 11], [10, 5, 11, 6], [4, 13, 5, 14], [8, 18, 9, 17], [22, 16, 1, 15], [16, 2, 17, 1], [12, 20, 13, 19]]"
11a_326_79,"[[12, 20, 13, 19], [2, 7, 3, 8], [18, 3, 19, 4], [14, 10, 15, 9], [6, 21, 7, 22], [20, 12, 21, 11], [10, 5, 11, 6], [4, 13, 5, 14], [8, 18, 9, 17], [22, 16, 1, 15], [16, 2, 17, 1]]"
11a_326_80,"[[16, 2, 17, 1], [12, 20, 13, 19], [2, 7, 3, 8], [18, 3, 19, 4], [14, 10, 15, 9], [6, 21, 7, 22], [20, 12, 21, 11], [10, 5, 11, 6], [4, 13, 5, 14], [8, 18, 9, 17], [22, 16, 1, 15]]"
11a_326_81,"[[22, 16, 1, 15], [16, 2, 17, 1], [12, 20, 13, 19], [2, 7, 3, 8], [18, 3, 19, 4], [14, 10, 15, 9], [6, 21, 7, 22], [20, 12, 21, 11], [10, 5, 11, 6], [4, 13, 5, 14], [8, 18, 9, 17]]"
11a_326_82,"[[8, 18, 9, 17], [22, 16, 1, 15], [16, 2, 17, 1], [12, 20, 13, 19], [2, 7, 3, 8], [18, 3, 19, 4], [14, 10, 15, 9], [6, 21, 7, 22], [20, 12, 21, 11], [10, 5, 11, 6], [4, 13, 5, 14]]"
11a_326_83,"[[4, 13, 5, 14], [8, 18, 9, 17], [22, 16, 1, 15], [16, 2, 17, 1], [12, 20, 13, 19], [2, 7, 3, 8], [18, 3, 19, 4], [14, 10, 15, 9], [6, 21, 7, 22], [20, 12, 21, 11], [10, 5, 11, 6]]"
11a_326_84,"[[10, 5, 11, 6], [4, 13, 5, 14], [8, 18, 9, 17], [22, 16, 1, 15], [16, 2, 17, 1], [12, 20, 13, 19], [2, 7, 3, 8], [18, 3, 19, 4], [14, 10, 15, 9], [6, 21, 7, 22], [20, 12, 21, 11]]"
11a_326_85,"[[20, 12, 21, 11], [10, 5, 11, 6], [4, 13, 5, 14], [8, 18, 9, 17], [22, 16, 1, 15], [16, 2, 17, 1], [12, 20, 13, 19], [2, 7, 3, 8], [18, 3, 19, 4], [14, 10, 15, 9], [6, 21, 7, 22]]"
11a_326_86,"[[6, 21, 7, 22], [20, 12, 21, 11], [10, 5, 11, 6], [4, 13, 5, 14], [8, 18, 9, 17], [22, 16, 1, 15], [16, 2, 17, 1], [12, 20, 13, 19], [2, 7, 3, 8], [18, 3, 19, 4], [14, 10, 15, 9]]"
11a_326_87,"[[14, 10, 15, 9], [6, 21, 7, 22], [20, 12, 21, 11], [10, 5, 11, 6], [4, 13, 5, 14], [8, 18, 9, 17], [22, 16, 1, 15], [16, 2, 17, 1], [12, 20, 13, 19], [2, 7, 3, 8], [18, 3, 19, 4]]"
11a_326_88,"[[19, 4, 20, 5], [15, 11, 16, 10], [7, 22, 8, 1], [21, 13, 22, 12], [11, 6, 12, 7], [5, 14, 6, 15], [9, 19, 10, 18], [1, 17, 2, 16], [17, 3, 18, 2], [13, 21, 14, 20], [3, 8, 4, 9]]"
11a_326_89,"[[3, 8, 4, 9], [19, 4, 20, 5], [15, 11, 16, 10], [7, 22, 8, 1], [21, 13, 22, 12], [11, 6, 12, 7], [5, 14, 6, 15], [9, 19, 10, 18], [1, 17, 2, 16], [17, 3, 18, 2], [13, 21, 14, 20]]"
11a_326_90,"[[13, 21, 14, 20], [3, 8, 4, 9], [19, 4, 20, 5], [15, 11, 16, 10], [7, 22, 8, 1], [21, 13, 22, 12], [11, 6, 12, 7], [5, 14, 6, 15], [9, 19, 10, 18], [1, 17, 2, 16], [17, 3, 18, 2]]"
11a_326_91,"[[17, 3, 18, 2], [13, 21, 14, 20], [3, 8, 4, 9], [19, 4, 20, 5], [15, 11, 16, 10], [7, 22, 8, 1], [21, 13, 22, 12], [11, 6, 12, 7], [5, 14, 6, 15], [9, 19, 10, 18], [1, 17, 2, 16]]"
11a_326_92,"[[1, 17, 2, 16], [17, 3, 18, 2], [13, 21, 14, 20], [3, 8, 4, 9], [19, 4, 20, 5], [15, 11, 16, 10], [7, 22, 8, 1], [21, 13, 22, 12], [11, 6, 12, 7], [5, 14, 6, 15], [9, 19, 10, 18]]"
11a_326_93,"[[9, 19, 10, 18], [1, 17, 2, 16], [17, 3, 18, 2], [13, 21, 14, 20], [3, 8, 4, 9], [19, 4, 20, 5], [15, 11, 16, 10], [7, 22, 8, 1], [21, 13, 22, 12], [11, 6, 12, 7], [5, 14, 6, 15]]"
11a_326_94,"[[5, 14, 6, 15], [9, 19, 10, 18], [1, 17, 2, 16], [17, 3, 18, 2], [13, 21, 14, 20], [3, 8, 4, 9], [19, 4, 20, 5], [15, 11, 16, 10], [7, 22, 8, 1], [21, 13, 22, 12], [11, 6, 12, 7]]"
11a_326_95,"[[11, 6, 12, 7], [5, 14, 6, 15], [9, 19, 10, 18], [1, 17, 2, 16], [17, 3, 18, 2], [13, 21, 14, 20], [3, 8, 4, 9], [19, 4, 20, 5], [15, 11, 16, 10], [7, 22, 8, 1], [21, 13, 22, 12]]"
11a_326_96,"[[21, 13, 22, 12], [11, 6, 12, 7], [5, 14, 6, 15], [9, 19, 10, 18], [1, 17, 2, 16], [17, 3, 18, 2], [13, 21, 14, 20], [3, 8, 4, 9], [19, 4, 20, 5], [15, 11, 16, 10], [7, 22, 8, 1]]"
11a_326_97,"[[7, 22, 8, 1], [21, 13, 22, 12], [11, 6, 12, 7], [5, 14, 6, 15], [9, 19, 10, 18], [1, 17, 2, 16], [17, 3, 18, 2], [13, 21, 14, 20], [3, 8, 4, 9], [19, 4, 20, 5], [15, 11, 16, 10]]"
11a_326_98,"[[15, 11, 16, 10], [7, 22, 8, 1], [21, 13, 22, 12], [11, 6, 12, 7], [5, 14, 6, 15], [9, 19, 10, 18], [1, 17, 2, 16], [17, 3, 18, 2], [13, 21, 14, 20], [3, 8, 4, 9], [19, 4, 20, 5]]"
11a_326_99,"[[20, 5, 21, 6], [16, 12, 17, 11], [8, 1, 9, 2], [22, 14, 1, 13], [12, 7, 13, 8], [6, 15, 7, 16], [10, 20, 11, 19], [2, 18, 3, 17], [18, 4, 19, 3], [14, 22, 15, 21], [4, 9, 5, 10]]"
11a_326_100,"[[4, 9, 5, 10], [20, 5, 21, 6], [16, 12, 17, 11], [8, 1, 9, 2], [22, 14, 1, 13], [12, 7, 13, 8], [6, 15, 7, 16], [10, 20, 11, 19], [2, 18, 3, 17], [18, 4, 19, 3], [14, 22, 15, 21]]"
11a_326_101,"[[14, 22, 15, 21], [4, 9, 5, 10], [20, 5, 21, 6], [16, 12, 17, 11], [8, 1, 9, 2], [22, 14, 1, 13], [12, 7, 13, 8], [6, 15, 7, 16], [10, 20, 11, 19], [2, 18, 3, 17], [18, 4, 19, 3]]"
11a_326_102,"[[18, 4, 19, 3], [14, 22, 15, 21], [4, 9, 5, 10], [20, 5, 21, 6], [16, 12, 17, 11], [8, 1, 9, 2], [22, 14, 1, 13], [12, 7, 13, 8], [6, 15, 7, 16], [10, 20, 11, 19], [2, 18, 3, 17]]"
11a_326_103,"[[2, 18, 3, 17], [18, 4, 19, 3], [14, 22, 15, 21], [4, 9, 5, 10], [20, 5, 21, 6], [16, 12, 17, 11], [8, 1, 9, 2], [22, 14, 1, 13], [12, 7, 13, 8], [6, 15, 7, 16], [10, 20, 11, 19]]"
11a_326_104,"[[10, 20, 11, 19], [2, 18, 3, 17], [18, 4, 19, 3], [14, 22, 15, 21], [4, 9, 5, 10], [20, 5, 21, 6], [16, 12, 17, 11], [8, 1, 9, 2], [22, 14, 1, 13], [12, 7, 13, 8], [6, 15, 7, 16]]"
11a_326_105,"[[6, 15, 7, 16], [10, 20, 11, 19], [2, 18, 3, 17], [18, 4, 19, 3], [14, 22, 15, 21], [4, 9, 5, 10], [20, 5, 21, 6], [16, 12, 17, 11], [8, 1, 9, 2], [22, 14, 1, 13], [12, 7, 13, 8]]"
11a_326_106,"[[12, 7, 13, 8], [6, 15, 7, 16], [10, 20, 11, 19], [2, 18, 3, 17], [18, 4, 19, 3], [14, 22, 15, 21], [4, 9, 5, 10], [20, 5, 21, 6], [16, 12, 17, 11], [8, 1, 9, 2], [22, 14, 1, 13]]"
11a_326_107,"[[22, 14, 1, 13], [12, 7, 13, 8], [6, 15, 7, 16], [10, 20, 11, 19], [2, 18, 3, 17], [18, 4, 19, 3], [14, 22, 15, 21], [4, 9, 5, 10], [20, 5, 21, 6], [16, 12, 17, 11], [8, 1, 9, 2]]"
11a_326_108,"[[8, 1, 9, 2], [22, 14, 1, 13], [12, 7, 13, 8], [6, 15, 7, 16], [10, 20, 11, 19], [2, 18, 3, 17], [18, 4, 19, 3], [14, 22, 15, 21], [4, 9, 5, 10], [20, 5, 21, 6], [16, 12, 17, 11]]"
11a_326_109,"[[16, 12, 17, 11], [8, 1, 9, 2], [22, 14, 1, 13], [12, 7, 13, 8], [6, 15, 7, 16], [10, 20, 11, 19], [2, 18, 3, 17], [18, 4, 19, 3], [14, 22, 15, 21], [4, 9, 5, 10], [20, 5, 21, 6]]"
11a_326_110,"[[21, 6, 22, 7], [17, 13, 18, 12], [9, 2, 10, 3], [1, 15, 2, 14], [13, 8, 14, 9], [7, 16, 8, 17], [11, 21, 12, 20], [3, 19, 4, 18], [19, 5, 20, 4], [15, 1, 16, 22], [5, 10, 6, 11]]"
11a_326_111,"[[5, 10, 6, 11], [21, 6, 22, 7], [17, 13, 18, 12], [9, 2, 10, 3], [1, 15, 2, 14], [13, 8, 14, 9], [7, 16, 8, 17], [11, 21, 12, 20], [3, 19, 4, 18], [19, 5, 20, 4], [15, 1, 16, 22]]"
11a_326_112,"[[15, 1, 16, 22], [5, 10, 6, 11], [21, 6, 22, 7], [17, 13, 18, 12], [9, 2, 10, 3], [1, 15, 2, 14], [13, 8, 14, 9], [7, 16, 8, 17], [11, 21, 12, 20], [3, 19, 4, 18], [19, 5, 20, 4]]"
11a_326_113,"[[19, 5, 20, 4], [15, 1, 16, 22], [5, 10, 6, 11], [21, 6, 22, 7], [17, 13, 18, 12], [9, 2, 10, 3], [1, 15, 2, 14], [13, 8, 14, 9], [7, 16, 8, 17], [11, 21, 12, 20], [3, 19, 4, 18]]"
11a_326_114,"[[3, 19, 4, 18], [19, 5, 20, 4], [15, 1, 16, 22], [5, 10, 6, 11], [21, 6, 22, 7], [17, 13, 18, 12], [9, 2, 10, 3], [1, 15, 2, 14], [13, 8, 14, 9], [7, 16, 8, 17], [11, 21, 12, 20]]"
11a_326_115,"[[11, 21, 12, 20], [3, 19, 4, 18], [19, 5, 20, 4], [15, 1, 16, 22], [5, 10, 6, 11], [21, 6, 22, 7], [17, 13, 18, 12], [9, 2, 10, 3], [1, 15, 2, 14], [13, 8, 14, 9], [7, 16, 8, 17]]"
11a_326_116,"[[7, 16, 8, 17], [11, 21, 12, 20], [3, 19, 4, 18], [19, 5, 20, 4], [15, 1, 16, 22], [5, 10, 6, 11], [21, 6, 22, 7], [17, 13, 18, 12], [9, 2, 10, 3], [1, 15, 2, 14], [13, 8, 14, 9]]"
11a_326_117,"[[13, 8, 14, 9], [7, 16, 8, 17], [11, 21, 12, 20], [3, 19, 4, 18], [19, 5, 20, 4], [15, 1, 16, 22], [5, 10, 6, 11], [21, 6, 22, 7], [17, 13, 18, 12], [9, 2, 10, 3], [1, 15, 2, 14]]"
11a_326_118,"[[1, 15, 2, 14], [13, 8, 14, 9], [7, 16, 8, 17], [11, 21, 12, 20], [3, 19, 4, 18], [19, 5, 20, 4], [15, 1, 16, 22], [5, 10, 6, 11], [21, 6, 22, 7], [17, 13, 18, 12], [9, 2, 10, 3]]"
11a_326_119,"[[9, 2, 10, 3], [1, 15, 2, 14], [13, 8, 14, 9], [7, 16, 8, 17], [11, 21, 12, 20], [3, 19, 4, 18], [19, 5, 20, 4], [15, 1, 16, 22], [5, 10, 6, 11], [21, 6, 22, 7], [17, 13, 18, 12]]"
11a_326_120,"[[17, 13, 18, 12], [9, 2, 10, 3], [1, 15, 2, 14], [13, 8, 14, 9], [7, 16, 8, 17], [11, 21, 12, 20], [3, 19, 4, 18], [19, 5, 20, 4], [15, 1, 16, 22], [5, 10, 6, 11], [21, 6, 22, 7]]"
11a_326_121,"[[22, 7, 1, 8], [18, 14, 19, 13], [10, 3, 11, 4], [2, 16, 3, 15], [14, 9, 15, 10], [8, 17, 9, 18], [12, 22, 13, 21], [4, 20, 5, 19], [20, 6, 21, 5], [16, 2, 17, 1], [6, 11, 7, 12]]"
11a_326_122,"[[6, 11, 7, 12], [22, 7, 1, 8], [18, 14, 19, 13], [10, 3, 11, 4], [2, 16, 3, 15], [14, 9, 15, 10], [8, 17, 9, 18], [12, 22, 13, 21], [4, 20, 5, 19], [20, 6, 21, 5], [16, 2, 17, 1]]"
11a_326_123,"[[16, 2, 17, 1], [6, 11, 7, 12], [22, 7, 1, 8], [18, 14, 19, 13], [10, 3, 11, 4], [2, 16, 3, 15], [14, 9, 15, 10], [8, 17, 9, 18], [12, 22, 13, 21], [4, 20, 5, 19], [20, 6, 21, 5]]"
11a_326_124,"[[20, 6, 21, 5], [16, 2, 17, 1], [6, 11, 7, 12], [22, 7, 1, 8], [18, 14, 19, 13], [10, 3, 11, 4], [2, 16, 3, 15], [14, 9, 15, 10], [8, 17, 9, 18], [12, 22, 13, 21], [4, 20, 5, 19]]"
11a_326_125,"[[4, 20, 5, 19], [20, 6, 21, 5], [16, 2, 17, 1], [6, 11, 7, 12], [22, 7, 1, 8], [18, 14, 19, 13], [10, 3, 11, 4], [2, 16, 3, 15], [14, 9, 15, 10], [8, 17, 9, 18], [12, 22, 13, 21]]"
11a_326_126,"[[12, 22, 13, 21], [4, 20, 5, 19], [20, 6, 21, 5], [16, 2, 17, 1], [6, 11, 7, 12], [22, 7, 1, 8], [18, 14, 19, 13], [10, 3, 11, 4], [2, 16, 3, 15], [14, 9, 15, 10], [8, 17, 9, 18]]"
11a_326_127,"[[8, 17, 9, 18], [12, 22, 13, 21], [4, 20, 5, 19], [20, 6, 21, 5], [16, 2, 17, 1], [6, 11, 7, 12], [22, 7, 1, 8], [18, 14, 19, 13], [10, 3, 11, 4], [2, 16, 3, 15], [14, 9, 15, 10]]"
11a_326_128,"[[14, 9, 15, 10], [8, 17, 9, 18], [12, 22, 13, 21], [4, 20, 5, 19], [20, 6, 21, 5], [16, 2, 17, 1], [6, 11, 7, 12], [22, 7, 1, 8], [18, 14, 19, 13], [10, 3, 11, 4], [2, 16, 3, 15]]"
11a_326_129,"[[2, 16, 3, 15], [14, 9, 15, 10], [8, 17, 9, 18], [12, 22, 13, 21], [4, 20, 5, 19], [20, 6, 21, 5], [16, 2, 17, 1], [6, 11, 7, 12], [22, 7, 1, 8], [18, 14, 19, 13], [10, 3, 11, 4]]"
11a_326_130,"[[10, 3, 11, 4], [2, 16, 3, 15], [14, 9, 15, 10], [8, 17, 9, 18], [12, 22, 13, 21], [4, 20, 5, 19], [20, 6, 21, 5], [16, 2, 17, 1], [6, 11, 7, 12], [22, 7, 1, 8], [18, 14, 19, 13]]"
11a_326_131,"[[18, 14, 19, 13], [10, 3, 11, 4], [2, 16, 3, 15], [14, 9, 15, 10], [8, 17, 9, 18], [12, 22, 13, 21], [4, 20, 5, 19], [20, 6, 21, 5], [16, 2, 17, 1], [6, 11, 7, 12], [22, 7, 1, 8]]"
11a_326_132,"[[1, 8, 2, 9], [19, 15, 20, 14], [11, 4, 12, 5], [3, 17, 4, 16], [15, 10, 16, 11], [9, 18, 10, 19], [13, 1, 14, 22], [5, 21, 6, 20], [21, 7, 22, 6], [17, 3, 18, 2], [7, 12, 8, 13]]"
11a_326_133,"[[7, 12, 8, 13], [1, 8, 2, 9], [19, 15, 20, 14], [11, 4, 12, 5], [3, 17, 4, 16], [15, 10, 16, 11], [9, 18, 10, 19], [13, 1, 14, 22], [5, 21, 6, 20], [21, 7, 22, 6], [17, 3, 18, 2]]"
11a_326_134,"[[17, 3, 18, 2], [7, 12, 8, 13], [1, 8, 2, 9], [19, 15, 20, 14], [11, 4, 12, 5], [3, 17, 4, 16], [15, 10, 16, 11], [9, 18, 10, 19], [13, 1, 14, 22], [5, 21, 6, 20], [21, 7, 22, 6]]"
11a_326_135,"[[21, 7, 22, 6], [17, 3, 18, 2], [7, 12, 8, 13], [1, 8, 2, 9], [19, 15, 20, 14], [11, 4, 12, 5], [3, 17, 4, 16], [15, 10, 16, 11], [9, 18, 10, 19], [13, 1, 14, 22], [5, 21, 6, 20]]"
11a_326_136,"[[5, 21, 6, 20], [21, 7, 22, 6], [17, 3, 18, 2], [7, 12, 8, 13], [1, 8, 2, 9], [19, 15, 20, 14], [11, 4, 12, 5], [3, 17, 4, 16], [15, 10, 16, 11], [9, 18, 10, 19], [13, 1, 14, 22]]"
11a_326_137,"[[13, 1, 14, 22], [5, 21, 6, 20], [21, 7, 22, 6], [17, 3, 18, 2], [7, 12, 8, 13], [1, 8, 2, 9], [19, 15, 20, 14], [11, 4, 12, 5], [3, 17, 4, 16], [15, 10, 16, 11], [9, 18, 10, 19]]"
11a_326_138,"[[9, 18, 10, 19], [13, 1, 14, 22], [5, 21, 6, 20], [21, 7, 22, 6], [17, 3, 18, 2], [7, 12, 8, 13], [1, 8, 2, 9], [19, 15, 20, 14], [11, 4, 12, 5], [3, 17, 4, 16], [15, 10, 16, 11]]"
11a_326_139,"[[15, 10, 16, 11], [9, 18, 10, 19], [13, 1, 14, 22], [5, 21, 6, 20], [21, 7, 22, 6], [17, 3, 18, 2], [7, 12, 8, 13], [1, 8, 2, 9], [19, 15, 20, 14], [11, 4, 12, 5], [3, 17, 4, 16]]"
11a_326_140,"[[3, 17, 4, 16], [15, 10, 16, 11], [9, 18, 10, 19], [13, 1, 14, 22], [5, 21, 6, 20], [21, 7, 22, 6], [17, 3, 18, 2], [7, 12, 8, 13], [1, 8, 2, 9], [19, 15, 20, 14], [11, 4, 12, 5]]"
11a_326_141,"[[11, 4, 12, 5], [3, 17, 4, 16], [15, 10, 16, 11], [9, 18, 10, 19], [13, 1, 14, 22], [5, 21, 6, 20], [21, 7, 22, 6], [17, 3, 18, 2], [7, 12, 8, 13], [1, 8, 2, 9], [19, 15, 20, 14]]"
11a_326_142,"[[19, 15, 20, 14], [11, 4, 12, 5], [3, 17, 4, 16], [15, 10, 16, 11], [9, 18, 10, 19], [13, 1, 14, 22], [5, 21, 6, 20], [21, 7, 22, 6], [17, 3, 18, 2], [7, 12, 8, 13], [1, 8, 2, 9]]"
11a_326_143,"[[2, 9, 3, 10], [20, 16, 21, 15], [12, 5, 13, 6], [4, 18, 5, 17], [16, 11, 17, 12], [10, 19, 11, 20], [14, 2, 15, 1], [6, 22, 7, 21], [22, 8, 1, 7], [18, 4, 19, 3], [8, 13, 9, 14]]"
11a_326_144,"[[8, 13, 9, 14], [2, 9, 3, 10], [20, 16, 21, 15], [12, 5, 13, 6], [4, 18, 5, 17], [16, 11, 17, 12], [10, 19, 11, 20], [14, 2, 15, 1], [6, 22, 7, 21], [22, 8, 1, 7], [18, 4, 19, 3]]"
11a_326_145,"[[18, 4, 19, 3], [8, 13, 9, 14], [2, 9, 3, 10], [20, 16, 21, 15], [12, 5, 13, 6], [4, 18, 5, 17], [16, 11, 17, 12], [10, 19, 11, 20], [14, 2, 15, 1], [6, 22, 7, 21], [22, 8, 1, 7]]"
11a_326_146,"[[22, 8, 1, 7], [18, 4, 19, 3], [8, 13, 9, 14], [2, 9, 3, 10], [20, 16, 21, 15], [12, 5, 13, 6], [4, 18, 5, 17], [16, 11, 17, 12], [10, 19, 11, 20], [14, 2, 15, 1], [6, 22, 7, 21]]"
11a_326_147,"[[6, 22, 7, 21], [22, 8, 1, 7], [18, 4, 19, 3], [8, 13, 9, 14], [2, 9, 3, 10], [20, 16, 21, 15], [12, 5, 13, 6], [4, 18, 5, 17], [16, 11, 17, 12], [10, 19, 11, 20], [14, 2, 15, 1]]"
11a_326_148,"[[14, 2, 15, 1], [6, 22, 7, 21], [22, 8, 1, 7], [18, 4, 19, 3], [8, 13, 9, 14], [2, 9, 3, 10], [20, 16, 21, 15], [12, 5, 13, 6], [4, 18, 5, 17], [16, 11, 17, 12], [10, 19, 11, 20]]"
11a_326_149,"[[10, 19, 11, 20], [14, 2, 15, 1], [6, 22, 7, 21], [22, 8, 1, 7], [18, 4, 19, 3], [8, 13, 9, 14], [2, 9, 3, 10], [20, 16, 21, 15], [12, 5, 13, 6], [4, 18, 5, 17], [16, 11, 17, 12]]"
11a_326_150,"[[16, 11, 17, 12], [10, 19, 11, 20], [14, 2, 15, 1], [6, 22, 7, 21], [22, 8, 1, 7], [18, 4, 19, 3], [8, 13, 9, 14], [2, 9, 3, 10], [20, 16, 21, 15], [12, 5, 13, 6], [4, 18, 5, 17]]"
11a_326_151,"[[4, 18, 5, 17], [16, 11, 17, 12], [10, 19, 11, 20], [14, 2, 15, 1], [6, 22, 7, 21], [22, 8, 1, 7], [18, 4, 19, 3], [8, 13, 9, 14], [2, 9, 3, 10], [20, 16, 21, 15], [12, 5, 13, 6]]"
11a_326_152,"[[12, 5, 13, 6], [4, 18, 5, 17], [16, 11, 17, 12], [10, 19, 11, 20], [14, 2, 15, 1], [6, 22, 7, 21], [22, 8, 1, 7], [18, 4, 19, 3], [8, 13, 9, 14], [2, 9, 3, 10], [20, 16, 21, 15]]"
11a_326_153,"[[20, 16, 21, 15], [12, 5, 13, 6], [4, 18, 5, 17], [16, 11, 17, 12], [10, 19, 11, 20], [14, 2, 15, 1], [6, 22, 7, 21], [22, 8, 1, 7], [18, 4, 19, 3], [8, 13, 9, 14], [2, 9, 3, 10]]"
11a_326_154,"[[3, 10, 4, 11], [21, 17, 22, 16], [13, 6, 14, 7], [5, 19, 6, 18], [17, 12, 18, 13], [11, 20, 12, 21], [15, 3, 16, 2], [7, 1, 8, 22], [1, 9, 2, 8], [19, 5, 20, 4], [9, 14, 10, 15]]"
11a_326_155,"[[9, 14, 10, 15], [3, 10, 4, 11], [21, 17, 22, 16], [13, 6, 14, 7], [5, 19, 6, 18], [17, 12, 18, 13], [11, 20, 12, 21], [15, 3, 16, 2], [7, 1, 8, 22], [1, 9, 2, 8], [19, 5, 20, 4]]"
11a_326_156,"[[19, 5, 20, 4], [9, 14, 10, 15], [3, 10, 4, 11], [21, 17, 22, 16], [13, 6, 14, 7], [5, 19, 6, 18], [17, 12, 18, 13], [11, 20, 12, 21], [15, 3, 16, 2], [7, 1, 8, 22], [1, 9, 2, 8]]"
11a_326_157,"[[1, 9, 2, 8], [19, 5, 20, 4], [9, 14, 10, 15], [3, 10, 4, 11], [21, 17, 22, 16], [13, 6, 14, 7], [5, 19, 6, 18], [17, 12, 18, 13], [11, 20, 12, 21], [15, 3, 16, 2], [7, 1, 8, 22]]"
11a_326_158,"[[7, 1, 8, 22], [1, 9, 2, 8], [19, 5, 20, 4], [9, 14, 10, 15], [3, 10, 4, 11], [21, 17, 22, 16], [13, 6, 14, 7], [5, 19, 6, 18], [17, 12, 18, 13], [11, 20, 12, 21], [15, 3, 16, 2]]"
11a_326_159,"[[15, 3, 16, 2], [7, 1, 8, 22], [1, 9, 2, 8], [19, 5, 20, 4], [9, 14, 10, 15], [3, 10, 4, 11], [21, 17, 22, 16], [13, 6, 14, 7], [5, 19, 6, 18], [17, 12, 18, 13], [11, 20, 12, 21]]"
11a_326_160,"[[11, 20, 12, 21], [15, 3, 16, 2], [7, 1, 8, 22], [1, 9, 2, 8], [19, 5, 20, 4], [9, 14, 10, 15], [3, 10, 4, 11], [21, 17, 22, 16], [13, 6, 14, 7], [5, 19, 6, 18], [17, 12, 18, 13]]"
11a_326_161,"[[17, 12, 18, 13], [11, 20, 12, 21], [15, 3, 16, 2], [7, 1, 8, 22], [1, 9, 2, 8], [19, 5, 20, 4], [9, 14, 10, 15], [3, 10, 4, 11], [21, 17, 22, 16], [13, 6, 14, 7], [5, 19, 6, 18]]"
11a_326_162,"[[5, 19, 6, 18], [17, 12, 18, 13], [11, 20, 12, 21], [15, 3, 16, 2], [7, 1, 8, 22], [1, 9, 2, 8], [19, 5, 20, 4], [9, 14, 10, 15], [3, 10, 4, 11], [21, 17, 22, 16], [13, 6, 14, 7]]"
11a_326_163,"[[13, 6, 14, 7], [5, 19, 6, 18], [17, 12, 18, 13], [11, 20, 12, 21], [15, 3, 16, 2], [7, 1, 8, 22], [1, 9, 2, 8], [19, 5, 20, 4], [9, 14, 10, 15], [3, 10, 4, 11], [21, 17, 22, 16]]"
11a_326_164,"[[21, 17, 22, 16], [13, 6, 14, 7], [5, 19, 6, 18], [17, 12, 18, 13], [11, 20, 12, 21], [15, 3, 16, 2], [7, 1, 8, 22], [1, 9, 2, 8], [19, 5, 20, 4], [9, 14, 10, 15], [3, 10, 4, 11]]"
11a_326_165,"[[4, 11, 5, 12], [22, 18, 1, 17], [14, 7, 15, 8], [6, 20, 7, 19], [18, 13, 19, 14], [12, 21, 13, 22], [16, 4, 17, 3], [8, 2, 9, 1], [2, 10, 3, 9], [20, 6, 21, 5], [10, 15, 11, 16]]"
11a_326_166,"[[10, 15, 11, 16], [4, 11, 5, 12], [22, 18, 1, 17], [14, 7, 15, 8], [6, 20, 7, 19], [18, 13, 19, 14], [12, 21, 13, 22], [16, 4, 17, 3], [8, 2, 9, 1], [2, 10, 3, 9], [20, 6, 21, 5]]"
11a_326_167,"[[20, 6, 21, 5], [10, 15, 11, 16], [4, 11, 5, 12], [22, 18, 1, 17], [14, 7, 15, 8], [6, 20, 7, 19], [18, 13, 19, 14], [12, 21, 13, 22], [16, 4, 17, 3], [8, 2, 9, 1], [2, 10, 3, 9]]"
11a_326_168,"[[2, 10, 3, 9], [20, 6, 21, 5], [10, 15, 11, 16], [4, 11, 5, 12], [22, 18, 1, 17], [14, 7, 15, 8], [6, 20, 7, 19], [18, 13, 19, 14], [12, 21, 13, 22], [16, 4, 17, 3], [8, 2, 9, 1]]"
11a_326_169,"[[8, 2, 9, 1], [2, 10, 3, 9], [20, 6, 21, 5], [10, 15, 11, 16], [4, 11, 5, 12], [22, 18, 1, 17], [14, 7, 15, 8], [6, 20, 7, 19], [18, 13, 19, 14], [12, 21, 13, 22], [16, 4, 17, 3]]"
11a_326_170,"[[16, 4, 17, 3], [8, 2, 9, 1], [2, 10, 3, 9], [20, 6, 21, 5], [10, 15, 11, 16], [4, 11, 5, 12], [22, 18, 1, 17], [14, 7, 15, 8], [6, 20, 7, 19], [18, 13, 19, 14], [12, 21, 13, 22]]"
11a_326_171,"[[12, 21, 13, 22], [16, 4, 17, 3], [8, 2, 9, 1], [2, 10, 3, 9], [20, 6, 21, 5], [10, 15, 11, 16], [4, 11, 5, 12], [22, 18, 1, 17], [14, 7, 15, 8], [6, 20, 7, 19], [18, 13, 19, 14]]"
11a_326_172,"[[18, 13, 19, 14], [12, 21, 13, 22], [16, 4, 17, 3], [8, 2, 9, 1], [2, 10, 3, 9], [20, 6, 21, 5], [10, 15, 11, 16], [4, 11, 5, 12], [22, 18, 1, 17], [14, 7, 15, 8], [6, 20, 7, 19]]"
11a_326_173,"[[6, 20, 7, 19], [18, 13, 19, 14], [12, 21, 13, 22], [16, 4, 17, 3], [8, 2, 9, 1], [2, 10, 3, 9], [20, 6, 21, 5], [10, 15, 11, 16], [4, 11, 5, 12], [22, 18, 1, 17], [14, 7, 15, 8]]"
11a_326_174,"[[14, 7, 15, 8], [6, 20, 7, 19], [18, 13, 19, 14], [12, 21, 13, 22], [16, 4, 17, 3], [8, 2, 9, 1], [2, 10, 3, 9], [20, 6, 21, 5], [10, 15, 11, 16], [4, 11, 5, 12], [22, 18, 1, 17]]"
11a_326_175,"[[22, 18, 1, 17], [14, 7, 15, 8], [6, 20, 7, 19], [18, 13, 19, 14], [12, 21, 13, 22], [16, 4, 17, 3], [8, 2, 9, 1], [2, 10, 3, 9], [20, 6, 21, 5], [10, 15, 11, 16], [4, 11, 5, 12]]"
11a_326_176,"[[5, 12, 6, 13], [1, 19, 2, 18], [15, 8, 16, 9], [7, 21, 8, 20], [19, 14, 20, 15], [13, 22, 14, 1], [17, 5, 18, 4], [9, 3, 10, 2], [3, 11, 4, 10], [21, 7, 22, 6], [11, 16, 12, 17]]"
11a_326_177,"[[11, 16, 12, 17], [5, 12, 6, 13], [1, 19, 2, 18], [15, 8, 16, 9], [7, 21, 8, 20], [19, 14, 20, 15], [13, 22, 14, 1], [17, 5, 18, 4], [9, 3, 10, 2], [3, 11, 4, 10], [21, 7, 22, 6]]"
11a_326_178,"[[21, 7, 22, 6], [11, 16, 12, 17], [5, 12, 6, 13], [1, 19, 2, 18], [15, 8, 16, 9], [7, 21, 8, 20], [19, 14, 20, 15], [13, 22, 14, 1], [17, 5, 18, 4], [9, 3, 10, 2], [3, 11, 4, 10]]"
11a_326_179,"[[3, 11, 4, 10], [21, 7, 22, 6], [11, 16, 12, 17], [5, 12, 6, 13], [1, 19, 2, 18], [15, 8, 16, 9], [7, 21, 8, 20], [19, 14, 20, 15], [13, 22, 14, 1], [17, 5, 18, 4], [9, 3, 10, 2]]"
11a_326_180,"[[9, 3, 10, 2], [3, 11, 4, 10], [21, 7, 22, 6], [11, 16, 12, 17], [5, 12, 6, 13], [1, 19, 2, 18], [15, 8, 16, 9], [7, 21, 8, 20], [19, 14, 20, 15], [13, 22, 14, 1], [17, 5, 18, 4]]"
11a_326_181,"[[17, 5, 18, 4], [9, 3, 10, 2], [3, 11, 4, 10], [21, 7, 22, 6], [11, 16, 12, 17], [5, 12, 6, 13], [1, 19, 2, 18], [15, 8, 16, 9], [7, 21, 8, 20], [19, 14, 20, 15], [13, 22, 14, 1]]"
11a_326_182,"[[13, 22, 14, 1], [17, 5, 18, 4], [9, 3, 10, 2], [3, 11, 4, 10], [21, 7, 22, 6], [11, 16, 12, 17], [5, 12, 6, 13], [1, 19, 2, 18], [15, 8, 16, 9], [7, 21, 8, 20], [19, 14, 20, 15]]"
11a_326_183,"[[19, 14, 20, 15], [13, 22, 14, 1], [17, 5, 18, 4], [9, 3, 10, 2], [3, 11, 4, 10], [21, 7, 22, 6], [11, 16, 12, 17], [5, 12, 6, 13], [1, 19, 2, 18], [15, 8, 16, 9], [7, 21, 8, 20]]"
11a_326_184,"[[7, 21, 8, 20], [19, 14, 20, 15], [13, 22, 14, 1], [17, 5, 18, 4], [9, 3, 10, 2], [3, 11, 4, 10], [21, 7, 22, 6], [11, 16, 12, 17], [5, 12, 6, 13], [1, 19, 2, 18], [15, 8, 16, 9]]"
11a_326_185,"[[15, 8, 16, 9], [7, 21, 8, 20], [19, 14, 20, 15], [13, 22, 14, 1], [17, 5, 18, 4], [9, 3, 10, 2], [3, 11, 4, 10], [21, 7, 22, 6], [11, 16, 12, 17], [5, 12, 6, 13], [1, 19, 2, 18]]"
11a_326_186,"[[1, 19, 2, 18], [15, 8, 16, 9], [7, 21, 8, 20], [19, 14, 20, 15], [13, 22, 14, 1], [17, 5, 18, 4], [9, 3, 10, 2], [3, 11, 4, 10], [21, 7, 22, 6], [11, 16, 12, 17], [5, 12, 6, 13]]"
11a_326_187,"[[6, 13, 7, 14], [2, 20, 3, 19], [16, 9, 17, 10], [8, 22, 9, 21], [20, 15, 21, 16], [14, 1, 15, 2], [18, 6, 19, 5], [10, 4, 11, 3], [4, 12, 5, 11], [22, 8, 1, 7], [12, 17, 13, 18]]"
11a_326_188,"[[12, 17, 13, 18], [6, 13, 7, 14], [2, 20, 3, 19], [16, 9, 17, 10], [8, 22, 9, 21], [20, 15, 21, 16], [14, 1, 15, 2], [18, 6, 19, 5], [10, 4, 11, 3], [4, 12, 5, 11], [22, 8, 1, 7]]"
11a_326_189,"[[22, 8, 1, 7], [12, 17, 13, 18], [6, 13, 7, 14], [2, 20, 3, 19], [16, 9, 17, 10], [8, 22, 9, 21], [20, 15, 21, 16], [14, 1, 15, 2], [18, 6, 19, 5], [10, 4, 11, 3], [4, 12, 5, 11]]"
11a_326_190,"[[4, 12, 5, 11], [22, 8, 1, 7], [12, 17, 13, 18], [6, 13, 7, 14], [2, 20, 3, 19], [16, 9, 17, 10], [8, 22, 9, 21], [20, 15, 21, 16], [14, 1, 15, 2], [18, 6, 19, 5], [10, 4, 11, 3]]"
11a_326_191,"[[10, 4, 11, 3], [4, 12, 5, 11], [22, 8, 1, 7], [12, 17, 13, 18], [6, 13, 7, 14], [2, 20, 3, 19], [16, 9, 17, 10], [8, 22, 9, 21], [20, 15, 21, 16], [14, 1, 15, 2], [18, 6, 19, 5]]"
11a_326_192,"[[18, 6, 19, 5], [10, 4, 11, 3], [4, 12, 5, 11], [22, 8, 1, 7], [12, 17, 13, 18], [6, 13, 7, 14], [2, 20, 3, 19], [16, 9, 17, 10], [8, 22, 9, 21], [20, 15, 21, 16], [14, 1, 15, 2]]"
11a_326_193,"[[14, 1, 15, 2], [18, 6, 19, 5], [10, 4, 11, 3], [4, 12, 5, 11], [22, 8, 1, 7], [12, 17, 13, 18], [6, 13, 7, 14], [2, 20, 3, 19], [16, 9, 17, 10], [8, 22, 9, 21], [20, 15, 21, 16]]"
11a_326_194,"[[20, 15, 21, 16], [14, 1, 15, 2], [18, 6, 19, 5], [10, 4, 11, 3], [4, 12, 5, 11], [22, 8, 1, 7], [12, 17, 13, 18], [6, 13, 7, 14], [2, 20, 3, 19], [16, 9, 17, 10], [8, 22, 9, 21]]"
11a_326_195,"[[8, 22, 9, 21], [20, 15, 21, 16], [14, 1, 15, 2], [18, 6, 19, 5], [10, 4, 11, 3], [4, 12, 5, 11], [22, 8, 1, 7], [12, 17, 13, 18], [6, 13, 7, 14], [2, 20, 3, 19], [16, 9, 17, 10]]"
11a_326_196,"[[16, 9, 17, 10], [8, 22, 9, 21], [20, 15, 21, 16], [14, 1, 15, 2], [18, 6, 19, 5], [10, 4, 11, 3], [4, 12, 5, 11], [22, 8, 1, 7], [12, 17, 13, 18], [6, 13, 7, 14], [2, 20, 3, 19]]"
11a_326_197,"[[2, 20, 3, 19], [16, 9, 17, 10], [8, 22, 9, 21], [20, 15, 21, 16], [14, 1, 15, 2], [18, 6, 19, 5], [10, 4, 11, 3], [4, 12, 5, 11], [22, 8, 1, 7], [12, 17, 13, 18], [6, 13, 7, 14]]"
11a_326_198,"[[7, 14, 8, 15], [3, 21, 4, 20], [17, 10, 18, 11], [9, 1, 10, 22], [21, 16, 22, 17], [15, 2, 16, 3], [19, 7, 20, 6], [11, 5, 12, 4], [5, 13, 6, 12], [1, 9, 2, 8], [13, 18, 14, 19]]"
11a_326_199,"[[13, 18, 14, 19], [7, 14, 8, 15], [3, 21, 4, 20], [17, 10, 18, 11], [9, 1, 10, 22], [21, 16, 22, 17], [15, 2, 16, 3], [19, 7, 20, 6], [11, 5, 12, 4], [5, 13, 6, 12], [1, 9, 2, 8]]"
11a_326_200,"[[1, 9, 2, 8], [13, 18, 14, 19], [7, 14, 8, 15], [3, 21, 4, 20], [17, 10, 18, 11], [9, 1, 10, 22], [21, 16, 22, 17], [15, 2, 16, 3], [19, 7, 20, 6], [11, 5, 12, 4], [5, 13, 6, 12]]"
11a_326_201,"[[5, 13, 6, 12], [1, 9, 2, 8], [13, 18, 14, 19], [7, 14, 8, 15], [3, 21, 4, 20], [17, 10, 18, 11], [9, 1, 10, 22], [21, 16, 22, 17], [15, 2, 16, 3], [19, 7, 20, 6], [11, 5, 12, 4]]"
11a_326_202,"[[11, 5, 12, 4], [5, 13, 6, 12], [1, 9, 2, 8], [13, 18, 14, 19], [7, 14, 8, 15], [3, 21, 4, 20], [17, 10, 18, 11], [9, 1, 10, 22], [21, 16, 22, 17], [15, 2, 16, 3], [19, 7, 20, 6]]"
11a_326_203,"[[19, 7, 20, 6], [11, 5, 12, 4], [5, 13, 6, 12], [1, 9, 2, 8], [13, 18, 14, 19], [7, 14, 8, 15], [3, 21, 4, 20], [17, 10, 18, 11], [9, 1, 10, 22], [21, 16, 22, 17], [15, 2, 16, 3]]"
