name,pd_notation
11a_351_0,"[[1, 17, 2, 16], [7, 3, 8, 2], [15, 9, 16, 8], [17, 6, 18, 7], [3, 14, 4, 15], [13, 19, 14, 18], [19, 5, 20, 4], [5, 13, 6, 12], [21, 10, 22, 11], [9, 20, 10, 21], [11, 22, 12, 1]]"
11a_351_1,"[[11, 22, 12, 1], [1, 17, 2, 16], [7, 3, 8, 2], [15, 9, 16, 8], [17, 6, 18, 7], [3, 14, 4, 15], [13, 19, 14, 18], [19, 5, 20, 4], [5, 13, 6, 12], [21, 10, 22, 11], [9, 20, 10, 21]]"
11a_351_2,"[[9, 20, 10, 21], [11, 22, 12, 1], [1, 17, 2, 16], [7, 3, 8, 2], [15, 9, 16, 8], [17, 6, 18, 7], [3, 14, 4, 15], [13, 19, 14, 18], [19, 5, 20, 4], [5, 13, 6, 12], [21, 10, 22, 11]]"
11a_351_3,"[[21, 10, 22, 11], [9, 20, 10, 21], [11, 22, 12, 1], [1, 17, 2, 16], [7, 3, 8, 2], [15, 9, 16, 8], [17, 6, 18, 7], [3, 14, 4, 15], [13, 19, 14, 18], [19, 5, 20, 4], [5, 13, 6, 12]]"
11a_351_4,"[[5, 13, 6, 12], [21, 10, 22, 11], [9, 20, 10, 21], [11, 22, 12, 1], [1, 17, 2, 16], [7, 3, 8, 2], [15, 9, 16, 8], [17, 6, 18, 7], [3, 14, 4, 15], [13, 19, 14, 18], [19, 5, 20, 4]]"
11a_351_5,"[[19, 5, 20, 4], [5, 13, 6, 12], [21, 10, 22, 11], [9, 20, 10, 21], [11, 22, 12, 1], [1, 17, 2, 16], [7, 3, 8, 2], [15, 9, 16, 8], [17, 6, 18, 7], [3, 14, 4, 15], [13, 19, 14, 18]]"
11a_351_6,"[[13, 19, 14, 18], [19, 5, 20, 4], [5, 13, 6, 12], [21, 10, 22, 11], [9, 20, 10, 21], [11, 22, 12, 1], [1, 17, 2, 16], [7, 3, 8, 2], [15, 9, 16, 8], [17, 6, 18, 7], [3, 14, 4, 15]]"
11a_351_7,"[[3, 14, 4, 15], [13, 19, 14, 18], [19, 5, 20, 4], [5, 13, 6, 12], [21, 10, 22, 11], [9, 20, 10, 21], [11, 22, 12, 1], [1, 17, 2, 16], [7, 3, 8, 2], [15, 9, 16, 8], [17, 6, 18, 7]]"
11a_351_8,"[[17, 6, 18, 7], [3, 14, 4, 15], [13, 19, 14, 18], [19, 5, 20, 4], [5, 13, 6, 12], [21, 10, 22, 11], [9, 20, 10, 21], [11, 22, 12, 1], [1, 17, 2, 16], [7, 3, 8, 2], [15, 9, 16, 8]]"
11a_351_9,"[[15, 9, 16, 8], [17, 6, 18, 7], [3, 14, 4, 15], [13, 19, 14, 18], [19, 5, 20, 4], [5, 13, 6, 12], [21, 10, 22, 11], [9, 20, 10, 21], [11, 22, 12, 1], [1, 17, 2, 16], [7, 3, 8, 2]]"
11a_351_10,"[[7, 3, 8, 2], [15, 9, 16, 8], [17, 6, 18, 7], [3, 14, 4, 15], [13, 19, 14, 18], [19, 5, 20, 4], [5, 13, 6, 12], [21, 10, 22, 11], [9, 20, 10, 21], [11, 22, 12, 1], [1, 17, 2, 16]]"
11a_351_11,"[[2, 18, 3, 17], [8, 4, 9, 3], [16, 10, 17, 9], [18, 7, 19, 8], [4, 15, 5, 16], [14, 20, 15, 19], [20, 6, 21, 5], [6, 14, 7, 13], [22, 11, 1, 12], [10, 21, 11, 22], [12, 1, 13, 2]]"
11a_351_12,"[[12, 1, 13, 2], [2, 18, 3, 17], [8, 4, 9, 3], [16, 10, 17, 9], [18, 7, 19, 8], [4, 15, 5, 16], [14, 20, 15, 19], [20, 6, 21, 5], [6, 14, 7, 13], [22, 11, 1, 12], [10, 21, 11, 22]]"
11a_351_13,"[[10, 21, 11, 22], [12, 1, 13, 2], [2, 18, 3, 17], [8, 4, 9, 3], [16, 10, 17, 9], [18, 7, 19, 8], [4, 15, 5, 16], [14, 20, 15, 19], [20, 6, 21, 5], [6, 14, 7, 13], [22, 11, 1, 12]]"
11a_351_14,"[[22, 11, 1, 12], [10, 21, 11, 22], [12, 1, 13, 2], [2, 18, 3, 17], [8, 4, 9, 3], [16, 10, 17, 9], [18, 7, 19, 8], [4, 15, 5, 16], [14, 20, 15, 19], [20, 6, 21, 5], [6, 14, 7, 13]]"
11a_351_15,"[[6, 14, 7, 13], [22, 11, 1, 12], [10, 21, 11, 22], [12, 1, 13, 2], [2, 18, 3, 17], [8, 4, 9, 3], [16, 10, 17, 9], [18, 7, 19, 8], [4, 15, 5, 16], [14, 20, 15, 19], [20, 6, 21, 5]]"
11a_351_16,"[[20, 6, 21, 5], [6, 14, 7, 13], [22, 11, 1, 12], [10, 21, 11, 22], [12, 1, 13, 2], [2, 18, 3, 17], [8, 4, 9, 3], [16, 10, 17, 9], [18, 7, 19, 8], [4, 15, 5, 16], [14, 20, 15, 19]]"
11a_351_17,"[[14, 20, 15, 19], [20, 6, 21, 5], [6, 14, 7, 13], [22, 11, 1, 12], [10, 21, 11, 22], [12, 1, 13, 2], [2, 18, 3, 17], [8, 4, 9, 3], [16, 10, 17, 9], [18, 7, 19, 8], [4, 15, 5, 16]]"
11a_351_18,"[[4, 15, 5, 16], [14, 20, 15, 19], [20, 6, 21, 5], [6, 14, 7, 13], [22, 11, 1, 12], [10, 21, 11, 22], [12, 1, 13, 2], [2, 18, 3, 17], [8, 4, 9, 3], [16, 10, 17, 9], [18, 7, 19, 8]]"
11a_351_19,"[[18, 7, 19, 8], [4, 15, 5, 16], [14, 20, 15, 19], [20, 6, 21, 5], [6, 14, 7, 13], [22, 11, 1, 12], [10, 21, 11, 22], [12, 1, 13, 2], [2, 18, 3, 17], [8, 4, 9, 3], [16, 10, 17, 9]]"
11a_351_20,"[[16, 10, 17, 9], [18, 7, 19, 8], [4, 15, 5, 16], [14, 20, 15, 19], [20, 6, 21, 5], [6, 14, 7, 13], [22, 11, 1, 12], [10, 21, 11, 22], [12, 1, 13, 2], [2, 18, 3, 17], [8, 4, 9, 3]]"
11a_351_21,"[[8, 4, 9, 3], [16, 10, 17, 9], [18, 7, 19, 8], [4, 15, 5, 16], [14, 20, 15, 19], [20, 6, 21, 5], [6, 14, 7, 13], [22, 11, 1, 12], [10, 21, 11, 22], [12, 1, 13, 2], [2, 18, 3, 17]]"
11a_351_22,"[[3, 19, 4, 18], [9, 5, 10, 4], [17, 11, 18, 10], [19, 8, 20, 9], [5, 16, 6, 17], [15, 21, 16, 20], [21, 7, 22, 6], [7, 15, 8, 14], [1, 12, 2, 13], [11, 22, 12, 1], [13, 2, 14, 3]]"
11a_351_23,"[[13, 2, 14, 3], [3, 19, 4, 18], [9, 5, 10, 4], [17, 11, 18, 10], [19, 8, 20, 9], [5, 16, 6, 17], [15, 21, 16, 20], [21, 7, 22, 6], [7, 15, 8, 14], [1, 12, 2, 13], [11, 22, 12, 1]]"
11a_351_24,"[[11, 22, 12, 1], [13, 2, 14, 3], [3, 19, 4, 18], [9, 5, 10, 4], [17, 11, 18, 10], [19, 8, 20, 9], [5, 16, 6, 17], [15, 21, 16, 20], [21, 7, 22, 6], [7, 15, 8, 14], [1, 12, 2, 13]]"
11a_351_25,"[[1, 12, 2, 13], [11, 22, 12, 1], [13, 2, 14, 3], [3, 19, 4, 18], [9, 5, 10, 4], [17, 11, 18, 10], [19, 8, 20, 9], [5, 16, 6, 17], [15, 21, 16, 20], [21, 7, 22, 6], [7, 15, 8, 14]]"
11a_351_26,"[[7, 15, 8, 14], [1, 12, 2, 13], [11, 22, 12, 1], [13, 2, 14, 3], [3, 19, 4, 18], [9, 5, 10, 4], [17, 11, 18, 10], [19, 8, 20, 9], [5, 16, 6, 17], [15, 21, 16, 20], [21, 7, 22, 6]]"
11a_351_27,"[[21, 7, 22, 6], [7, 15, 8, 14], [1, 12, 2, 13], [11, 22, 12, 1], [13, 2, 14, 3], [3, 19, 4, 18], [9, 5, 10, 4], [17, 11, 18, 10], [19, 8, 20, 9], [5, 16, 6, 17], [15, 21, 16, 20]]"
11a_351_28,"[[15, 21, 16, 20], [21, 7, 22, 6], [7, 15, 8, 14], [1, 12, 2, 13], [11, 22, 12, 1], [13, 2, 14, 3], [3, 19, 4, 18], [9, 5, 10, 4], [17, 11, 18, 10], [19, 8, 20, 9], [5, 16, 6, 17]]"
11a_351_29,"[[5, 16, 6, 17], [15, 21, 16, 20], [21, 7, 22, 6], [7, 15, 8, 14], [1, 12, 2, 13], [11, 22, 12, 1], [13, 2, 14, 3], [3, 19, 4, 18], [9, 5, 10, 4], [17, 11, 18, 10], [19, 8, 20, 9]]"
11a_351_30,"[[19, 8, 20, 9], [5, 16, 6, 17], [15, 21, 16, 20], [21, 7, 22, 6], [7, 15, 8, 14], [1, 12, 2, 13], [11, 22, 12, 1], [13, 2, 14, 3], [3, 19, 4, 18], [9, 5, 10, 4], [17, 11, 18, 10]]"
11a_351_31,"[[17, 11, 18, 10], [19, 8, 20, 9], [5, 16, 6, 17], [15, 21, 16, 20], [21, 7, 22, 6], [7, 15, 8, 14], [1, 12, 2, 13], [11, 22, 12, 1], [13, 2, 14, 3], [3, 19, 4, 18], [9, 5, 10, 4]]"
11a_351_32,"[[9, 5, 10, 4], [17, 11, 18, 10], [19, 8, 20, 9], [5, 16, 6, 17], [15, 21, 16, 20], [21, 7, 22, 6], [7, 15, 8, 14], [1, 12, 2, 13], [11, 22, 12, 1], [13, 2, 14, 3], [3, 19, 4, 18]]"
11a_351_33,"[[4, 20, 5, 19], [10, 6, 11, 5], [18, 12, 19, 11], [20, 9, 21, 10], [6, 17, 7, 18], [16, 22, 17, 21], [22, 8, 1, 7], [8, 16, 9, 15], [2, 13, 3, 14], [12, 1, 13, 2], [14, 3, 15, 4]]"
11a_351_34,"[[14, 3, 15, 4], [4, 20, 5, 19], [10, 6, 11, 5], [18, 12, 19, 11], [20, 9, 21, 10], [6, 17, 7, 18], [16, 22, 17, 21], [22, 8, 1, 7], [8, 16, 9, 15], [2, 13, 3, 14], [12, 1, 13, 2]]"
11a_351_35,"[[12, 1, 13, 2], [14, 3, 15, 4], [4, 20, 5, 19], [10, 6, 11, 5], [18, 12, 19, 11], [20, 9, 21, 10], [6, 17, 7, 18], [16, 22, 17, 21], [22, 8, 1, 7], [8, 16, 9, 15], [2, 13, 3, 14]]"
11a_351_36,"[[2, 13, 3, 14], [12, 1, 13, 2], [14, 3, 15, 4], [4, 20, 5, 19], [10, 6, 11, 5], [18, 12, 19, 11], [20, 9, 21, 10], [6, 17, 7, 18], [16, 22, 17, 21], [22, 8, 1, 7], [8, 16, 9, 15]]"
11a_351_37,"[[8, 16, 9, 15], [2, 13, 3, 14], [12, 1, 13, 2], [14, 3, 15, 4], [4, 20, 5, 19], [10, 6, 11, 5], [18, 12, 19, 11], [20, 9, 21, 10], [6, 17, 7, 18], [16, 22, 17, 21], [22, 8, 1, 7]]"
11a_351_38,"[[22, 8, 1, 7], [8, 16, 9, 15], [2, 13, 3, 14], [12, 1, 13, 2], [14, 3, 15, 4], [4, 20, 5, 19], [10, 6, 11, 5], [18, 12, 19, 11], [20, 9, 21, 10], [6, 17, 7, 18], [16, 22, 17, 21]]"
11a_351_39,"[[16, 22, 17, 21], [22, 8, 1, 7], [8, 16, 9, 15], [2, 13, 3, 14], [12, 1, 13, 2], [14, 3, 15, 4], [4, 20, 5, 19], [10, 6, 11, 5], [18, 12, 19, 11], [20, 9, 21, 10], [6, 17, 7, 18]]"
11a_351_40,"[[6, 17, 7, 18], [16, 22, 17, 21], [22, 8, 1, 7], [8, 16, 9, 15], [2, 13, 3, 14], [12, 1, 13, 2], [14, 3, 15, 4], [4, 20, 5, 19], [10, 6, 11, 5], [18, 12, 19, 11], [20, 9, 21, 10]]"
11a_351_41,"[[20, 9, 21, 10], [6, 17, 7, 18], [16, 22, 17, 21], [22, 8, 1, 7], [8, 16, 9, 15], [2, 13, 3, 14], [12, 1, 13, 2], [14, 3, 15, 4], [4, 20, 5, 19], [10, 6, 11, 5], [18, 12, 19, 11]]"
11a_351_42,"[[18, 12, 19, 11], [20, 9, 21, 10], [6, 17, 7, 18], [16, 22, 17, 21], [22, 8, 1, 7], [8, 16, 9, 15], [2, 13, 3, 14], [12, 1, 13, 2], [14, 3, 15, 4], [4, 20, 5, 19], [10, 6, 11, 5]]"
11a_351_43,"[[10, 6, 11, 5], [18, 12, 19, 11], [20, 9, 21, 10], [6, 17, 7, 18], [16, 22, 17, 21], [22, 8, 1, 7], [8, 16, 9, 15], [2, 13, 3, 14], [12, 1, 13, 2], [14, 3, 15, 4], [4, 20, 5, 19]]"
11a_351_44,"[[5, 21, 6, 20], [11, 7, 12, 6], [19, 13, 20, 12], [21, 10, 22, 11], [7, 18, 8, 19], [17, 1, 18, 22], [1, 9, 2, 8], [9, 17, 10, 16], [3, 14, 4, 15], [13, 2, 14, 3], [15, 4, 16, 5]]"
11a_351_45,"[[15, 4, 16, 5], [5, 21, 6, 20], [11, 7, 12, 6], [19, 13, 20, 12], [21, 10, 22, 11], [7, 18, 8, 19], [17, 1, 18, 22], [1, 9, 2, 8], [9, 17, 10, 16], [3, 14, 4, 15], [13, 2, 14, 3]]"
11a_351_46,"[[13, 2, 14, 3], [15, 4, 16, 5], [5, 21, 6, 20], [11, 7, 12, 6], [19, 13, 20, 12], [21, 10, 22, 11], [7, 18, 8, 19], [17, 1, 18, 22], [1, 9, 2, 8], [9, 17, 10, 16], [3, 14, 4, 15]]"
11a_351_47,"[[3, 14, 4, 15], [13, 2, 14, 3], [15, 4, 16, 5], [5, 21, 6, 20], [11, 7, 12, 6], [19, 13, 20, 12], [21, 10, 22, 11], [7, 18, 8, 19], [17, 1, 18, 22], [1, 9, 2, 8], [9, 17, 10, 16]]"
11a_351_48,"[[9, 17, 10, 16], [3, 14, 4, 15], [13, 2, 14, 3], [15, 4, 16, 5], [5, 21, 6, 20], [11, 7, 12, 6], [19, 13, 20, 12], [21, 10, 22, 11], [7, 18, 8, 19], [17, 1, 18, 22], [1, 9, 2, 8]]"
11a_351_49,"[[1, 9, 2, 8], [9, 17, 10, 16], [3, 14, 4, 15], [13, 2, 14, 3], [15, 4, 16, 5], [5, 21, 6, 20], [11, 7, 12, 6], [19, 13, 20, 12], [21, 10, 22, 11], [7, 18, 8, 19], [17, 1, 18, 22]]"
11a_351_50,"[[17, 1, 18, 22], [1, 9, 2, 8], [9, 17, 10, 16], [3, 14, 4, 15], [13, 2, 14, 3], [15, 4, 16, 5], [5, 21, 6, 20], [11, 7, 12, 6], [19, 13, 20, 12], [21, 10, 22, 11], [7, 18, 8, 19]]"
11a_351_51,"[[7, 18, 8, 19], [17, 1, 18, 22], [1, 9, 2, 8], [9, 17, 10, 16], [3, 14, 4, 15], [13, 2, 14, 3], [15, 4, 16, 5], [5, 21, 6, 20], [11, 7, 12, 6], [19, 13, 20, 12], [21, 10, 22, 11]]"
11a_351_52,"[[21, 10, 22, 11], [7, 18, 8, 19], [17, 1, 18, 22], [1, 9, 2, 8], [9, 17, 10, 16], [3, 14, 4, 15], [13, 2, 14, 3], [15, 4, 16, 5], [5, 21, 6, 20], [11, 7, 12, 6], [19, 13, 20, 12]]"
11a_351_53,"[[19, 13, 20, 12], [21, 10, 22, 11], [7, 18, 8, 19], [17, 1, 18, 22], [1, 9, 2, 8], [9, 17, 10, 16], [3, 14, 4, 15], [13, 2, 14, 3], [15, 4, 16, 5], [5, 21, 6, 20], [11, 7, 12, 6]]"
11a_351_54,"[[11, 7, 12, 6], [19, 13, 20, 12], [21, 10, 22, 11], [7, 18, 8, 19], [17, 1, 18, 22], [1, 9, 2, 8], [9, 17, 10, 16], [3, 14, 4, 15], [13, 2, 14, 3], [15, 4, 16, 5], [5, 21, 6, 20]]"
11a_351_55,"[[6, 22, 7, 21], [12, 8, 13, 7], [20, 14, 21, 13], [22, 11, 1, 12], [8, 19, 9, 20], [18, 2, 19, 1], [2, 10, 3, 9], [10, 18, 11, 17], [4, 15, 5, 16], [14, 3, 15, 4], [16, 5, 17, 6]]"
11a_351_56,"[[16, 5, 17, 6], [6, 22, 7, 21], [12, 8, 13, 7], [20, 14, 21, 13], [22, 11, 1, 12], [8, 19, 9, 20], [18, 2, 19, 1], [2, 10, 3, 9], [10, 18, 11, 17], [4, 15, 5, 16], [14, 3, 15, 4]]"
11a_351_57,"[[14, 3, 15, 4], [16, 5, 17, 6], [6, 22, 7, 21], [12, 8, 13, 7], [20, 14, 21, 13], [22, 11, 1, 12], [8, 19, 9, 20], [18, 2, 19, 1], [2, 10, 3, 9], [10, 18, 11, 17], [4, 15, 5, 16]]"
11a_351_58,"[[4, 15, 5, 16], [14, 3, 15, 4], [16, 5, 17, 6], [6, 22, 7, 21], [12, 8, 13, 7], [20, 14, 21, 13], [22, 11, 1, 12], [8, 19, 9, 20], [18, 2, 19, 1], [2, 10, 3, 9], [10, 18, 11, 17]]"
11a_351_59,"[[10, 18, 11, 17], [4, 15, 5, 16], [14, 3, 15, 4], [16, 5, 17, 6], [6, 22, 7, 21], [12, 8, 13, 7], [20, 14, 21, 13], [22, 11, 1, 12], [8, 19, 9, 20], [18, 2, 19, 1], [2, 10, 3, 9]]"
11a_351_60,"[[2, 10, 3, 9], [10, 18, 11, 17], [4, 15, 5, 16], [14, 3, 15, 4], [16, 5, 17, 6], [6, 22, 7, 21], [12, 8, 13, 7], [20, 14, 21, 13], [22, 11, 1, 12], [8, 19, 9, 20], [18, 2, 19, 1]]"
11a_351_61,"[[18, 2, 19, 1], [2, 10, 3, 9], [10, 18, 11, 17], [4, 15, 5, 16], [14, 3, 15, 4], [16, 5, 17, 6], [6, 22, 7, 21], [12, 8, 13, 7], [20, 14, 21, 13], [22, 11, 1, 12], [8, 19, 9, 20]]"
11a_351_62,"[[8, 19, 9, 20], [18, 2, 19, 1], [2, 10, 3, 9], [10, 18, 11, 17], [4, 15, 5, 16], [14, 3, 15, 4], [16, 5, 17, 6], [6, 22, 7, 21], [12, 8, 13, 7], [20, 14, 21, 13], [22, 11, 1, 12]]"
11a_351_63,"[[22, 11, 1, 12], [8, 19, 9, 20], [18, 2, 19, 1], [2, 10, 3, 9], [10, 18, 11, 17], [4, 15, 5, 16], [14, 3, 15, 4], [16, 5, 17, 6], [6, 22, 7, 21], [12, 8, 13, 7], [20, 14, 21, 13]]"
11a_351_64,"[[20, 14, 21, 13], [22, 11, 1, 12], [8, 19, 9, 20], [18, 2, 19, 1], [2, 10, 3, 9], [10, 18, 11, 17], [4, 15, 5, 16], [14, 3, 15, 4], [16, 5, 17, 6], [6, 22, 7, 21], [12, 8, 13, 7]]"
11a_351_65,"[[12, 8, 13, 7], [20, 14, 21, 13], [22, 11, 1, 12], [8, 19, 9, 20], [18, 2, 19, 1], [2, 10, 3, 9], [10, 18, 11, 17], [4, 15, 5, 16], [14, 3, 15, 4], [16, 5, 17, 6], [6, 22, 7, 21]]"
11a_351_66,"[[7, 1, 8, 22], [13, 9, 14, 8], [21, 15, 22, 14], [1, 12, 2, 13], [9, 20, 10, 21], [19, 3, 20, 2], [3, 11, 4, 10], [11, 19, 12, 18], [5, 16, 6, 17], [15, 4, 16, 5], [17, 6, 18, 7]]"
11a_351_67,"[[17, 6, 18, 7], [7, 1, 8, 22], [13, 9, 14, 8], [21, 15, 22, 14], [1, 12, 2, 13], [9, 20, 10, 21], [19, 3, 20, 2], [3, 11, 4, 10], [11, 19, 12, 18], [5, 16, 6, 17], [15, 4, 16, 5]]"
11a_351_68,"[[15, 4, 16, 5], [17, 6, 18, 7], [7, 1, 8, 22], [13, 9, 14, 8], [21, 15, 22, 14], [1, 12, 2, 13], [9, 20, 10, 21], [19, 3, 20, 2], [3, 11, 4, 10], [11, 19, 12, 18], [5, 16, 6, 17]]"
11a_351_69,"[[5, 16, 6, 17], [15, 4, 16, 5], [17, 6, 18, 7], [7, 1, 8, 22], [13, 9, 14, 8], [21, 15, 22, 14], [1, 12, 2, 13], [9, 20, 10, 21], [19, 3, 20, 2], [3, 11, 4, 10], [11, 19, 12, 18]]"
11a_351_70,"[[11, 19, 12, 18], [5, 16, 6, 17], [15, 4, 16, 5], [17, 6, 18, 7], [7, 1, 8, 22], [13, 9, 14, 8], [21, 15, 22, 14], [1, 12, 2, 13], [9, 20, 10, 21], [19, 3, 20, 2], [3, 11, 4, 10]]"
11a_351_71,"[[3, 11, 4, 10], [11, 19, 12, 18], [5, 16, 6, 17], [15, 4, 16, 5], [17, 6, 18, 7], [7, 1, 8, 22], [13, 9, 14, 8], [21, 15, 22, 14], [1, 12, 2, 13], [9, 20, 10, 21], [19, 3, 20, 2]]"
11a_351_72,"[[19, 3, 20, 2], [3, 11, 4, 10], [11, 19, 12, 18], [5, 16, 6, 17], [15, 4, 16, 5], [17, 6, 18, 7], [7, 1, 8, 22], [13, 9, 14, 8], [21, 15, 22, 14], [1, 12, 2, 13], [9, 20, 10, 21]]"
11a_351_73,"[[9, 20, 10, 21], [19, 3, 20, 2], [3, 11, 4, 10], [11, 19, 12, 18], [5, 16, 6, 17], [15, 4, 16, 5], [17, 6, 18, 7], [7, 1, 8, 22], [13, 9, 14, 8], [21, 15, 22, 14], [1, 12, 2, 13]]"
11a_351_74,"[[1, 12, 2, 13], [9, 20, 10, 21], [19, 3, 20, 2], [3, 11, 4, 10], [11, 19, 12, 18], [5, 16, 6, 17], [15, 4, 16, 5], [17, 6, 18, 7], [7, 1, 8, 22], [13, 9, 14, 8], [21, 15, 22, 14]]"
11a_351_75,"[[21, 15, 22, 14], [1, 12, 2, 13], [9, 20, 10, 21], [19, 3, 20, 2], [3, 11, 4, 10], [11, 19, 12, 18], [5, 16, 6, 17], [15, 4, 16, 5], [17, 6, 18, 7], [7, 1, 8, 22], [13, 9, 14, 8]]"
11a_351_76,"[[13, 9, 14, 8], [21, 15, 22, 14], [1, 12, 2, 13], [9, 20, 10, 21], [19, 3, 20, 2], [3, 11, 4, 10], [11, 19, 12, 18], [5, 16, 6, 17], [15, 4, 16, 5], [17, 6, 18, 7], [7, 1, 8, 22]]"
11a_351_77,"[[8, 2, 9, 1], [14, 10, 15, 9], [22, 16, 1, 15], [2, 13, 3, 14], [10, 21, 11, 22], [20, 4, 21, 3], [4, 12, 5, 11], [12, 20, 13, 19], [6, 17, 7, 18], [16, 5, 17, 6], [18, 7, 19, 8]]"
11a_351_78,"[[18, 7, 19, 8], [8, 2, 9, 1], [14, 10, 15, 9], [22, 16, 1, 15], [2, 13, 3, 14], [10, 21, 11, 22], [20, 4, 21, 3], [4, 12, 5, 11], [12, 20, 13, 19], [6, 17, 7, 18], [16, 5, 17, 6]]"
11a_351_79,"[[16, 5, 17, 6], [18, 7, 19, 8], [8, 2, 9, 1], [14, 10, 15, 9], [22, 16, 1, 15], [2, 13, 3, 14], [10, 21, 11, 22], [20, 4, 21, 3], [4, 12, 5, 11], [12, 20, 13, 19], [6, 17, 7, 18]]"
11a_351_80,"[[6, 17, 7, 18], [16, 5, 17, 6], [18, 7, 19, 8], [8, 2, 9, 1], [14, 10, 15, 9], [22, 16, 1, 15], [2, 13, 3, 14], [10, 21, 11, 22], [20, 4, 21, 3], [4, 12, 5, 11], [12, 20, 13, 19]]"
11a_351_81,"[[12, 20, 13, 19], [6, 17, 7, 18], [16, 5, 17, 6], [18, 7, 19, 8], [8, 2, 9, 1], [14, 10, 15, 9], [22, 16, 1, 15], [2, 13, 3, 14], [10, 21, 11, 22], [20, 4, 21, 3], [4, 12, 5, 11]]"
11a_351_82,"[[4, 12, 5, 11], [12, 20, 13, 19], [6, 17, 7, 18], [16, 5, 17, 6], [18, 7, 19, 8], [8, 2, 9, 1], [14, 10, 15, 9], [22, 16, 1, 15], [2, 13, 3, 14], [10, 21, 11, 22], [20, 4, 21, 3]]"
11a_351_83,"[[20, 4, 21, 3], [4, 12, 5, 11], [12, 20, 13, 19], [6, 17, 7, 18], [16, 5, 17, 6], [18, 7, 19, 8], [8, 2, 9, 1], [14, 10, 15, 9], [22, 16, 1, 15], [2, 13, 3, 14], [10, 21, 11, 22]]"
11a_351_84,"[[10, 21, 11, 22], [20, 4, 21, 3], [4, 12, 5, 11], [12, 20, 13, 19], [6, 17, 7, 18], [16, 5, 17, 6], [18, 7, 19, 8], [8, 2, 9, 1], [14, 10, 15, 9], [22, 16, 1, 15], [2, 13, 3, 14]]"
11a_351_85,"[[2, 13, 3, 14], [10, 21, 11, 22], [20, 4, 21, 3], [4, 12, 5, 11], [12, 20, 13, 19], [6, 17, 7, 18], [16, 5, 17, 6], [18, 7, 19, 8], [8, 2, 9, 1], [14, 10, 15, 9], [22, 16, 1, 15]]"
11a_351_86,"[[22, 16, 1, 15], [2, 13, 3, 14], [10, 21, 11, 22], [20, 4, 21, 3], [4, 12, 5, 11], [12, 20, 13, 19], [6, 17, 7, 18], [16, 5, 17, 6], [18, 7, 19, 8], [8, 2, 9, 1], [14, 10, 15, 9]]"
11a_351_87,"[[14, 10, 15, 9], [22, 16, 1, 15], [2, 13, 3, 14], [10, 21, 11, 22], [20, 4, 21, 3], [4, 12, 5, 11], [12, 20, 13, 19], [6, 17, 7, 18], [16, 5, 17, 6], [18, 7, 19, 8], [8, 2, 9, 1]]"
11a_351_88,"[[9, 3, 10, 2], [15, 11, 16, 10], [1, 17, 2, 16], [3, 14, 4, 15], [11, 22, 12, 1], [21, 5, 22, 4], [5, 13, 6, 12], [13, 21, 14, 20], [7, 18, 8, 19], [17, 6, 18, 7], [19, 8, 20, 9]]"
11a_351_89,"[[19, 8, 20, 9], [9, 3, 10, 2], [15, 11, 16, 10], [1, 17, 2, 16], [3, 14, 4, 15], [11, 22, 12, 1], [21, 5, 22, 4], [5, 13, 6, 12], [13, 21, 14, 20], [7, 18, 8, 19], [17, 6, 18, 7]]"
11a_351_90,"[[17, 6, 18, 7], [19, 8, 20, 9], [9, 3, 10, 2], [15, 11, 16, 10], [1, 17, 2, 16], [3, 14, 4, 15], [11, 22, 12, 1], [21, 5, 22, 4], [5, 13, 6, 12], [13, 21, 14, 20], [7, 18, 8, 19]]"
11a_351_91,"[[7, 18, 8, 19], [17, 6, 18, 7], [19, 8, 20, 9], [9, 3, 10, 2], [15, 11, 16, 10], [1, 17, 2, 16], [3, 14, 4, 15], [11, 22, 12, 1], [21, 5, 22, 4], [5, 13, 6, 12], [13, 21, 14, 20]]"
11a_351_92,"[[13, 21, 14, 20], [7, 18, 8, 19], [17, 6, 18, 7], [19, 8, 20, 9], [9, 3, 10, 2], [15, 11, 16, 10], [1, 17, 2, 16], [3, 14, 4, 15], [11, 22, 12, 1], [21, 5, 22, 4], [5, 13, 6, 12]]"
11a_351_93,"[[5, 13, 6, 12], [13, 21, 14, 20], [7, 18, 8, 19], [17, 6, 18, 7], [19, 8, 20, 9], [9, 3, 10, 2], [15, 11, 16, 10], [1, 17, 2, 16], [3, 14, 4, 15], [11, 22, 12, 1], [21, 5, 22, 4]]"
11a_351_94,"[[21, 5, 22, 4], [5, 13, 6, 12], [13, 21, 14, 20], [7, 18, 8, 19], [17, 6, 18, 7], [19, 8, 20, 9], [9, 3, 10, 2], [15, 11, 16, 10], [1, 17, 2, 16], [3, 14, 4, 15], [11, 22, 12, 1]]"
11a_351_95,"[[11, 22, 12, 1], [21, 5, 22, 4], [5, 13, 6, 12], [13, 21, 14, 20], [7, 18, 8, 19], [17, 6, 18, 7], [19, 8, 20, 9], [9, 3, 10, 2], [15, 11, 16, 10], [1, 17, 2, 16], [3, 14, 4, 15]]"
11a_351_96,"[[3, 14, 4, 15], [11, 22, 12, 1], [21, 5, 22, 4], [5, 13, 6, 12], [13, 21, 14, 20], [7, 18, 8, 19], [17, 6, 18, 7], [19, 8, 20, 9], [9, 3, 10, 2], [15, 11, 16, 10], [1, 17, 2, 16]]"
11a_351_97,"[[1, 17, 2, 16], [3, 14, 4, 15], [11, 22, 12, 1], [21, 5, 22, 4], [5, 13, 6, 12], [13, 21, 14, 20], [7, 18, 8, 19], [17, 6, 18, 7], [19, 8, 20, 9], [9, 3, 10, 2], [15, 11, 16, 10]]"
11a_351_98,"[[15, 11, 16, 10], [1, 17, 2, 16], [3, 14, 4, 15], [11, 22, 12, 1], [21, 5, 22, 4], [5, 13, 6, 12], [13, 21, 14, 20], [7, 18, 8, 19], [17, 6, 18, 7], [19, 8, 20, 9], [9, 3, 10, 2]]"
11a_351_99,"[[10, 4, 11, 3], [16, 12, 17, 11], [2, 18, 3, 17], [4, 15, 5, 16], [12, 1, 13, 2], [22, 6, 1, 5], [6, 14, 7, 13], [14, 22, 15, 21], [8, 19, 9, 20], [18, 7, 19, 8], [20, 9, 21, 10]]"
11a_351_100,"[[20, 9, 21, 10], [10, 4, 11, 3], [16, 12, 17, 11], [2, 18, 3, 17], [4, 15, 5, 16], [12, 1, 13, 2], [22, 6, 1, 5], [6, 14, 7, 13], [14, 22, 15, 21], [8, 19, 9, 20], [18, 7, 19, 8]]"
11a_351_101,"[[18, 7, 19, 8], [20, 9, 21, 10], [10, 4, 11, 3], [16, 12, 17, 11], [2, 18, 3, 17], [4, 15, 5, 16], [12, 1, 13, 2], [22, 6, 1, 5], [6, 14, 7, 13], [14, 22, 15, 21], [8, 19, 9, 20]]"
11a_351_102,"[[8, 19, 9, 20], [18, 7, 19, 8], [20, 9, 21, 10], [10, 4, 11, 3], [16, 12, 17, 11], [2, 18, 3, 17], [4, 15, 5, 16], [12, 1, 13, 2], [22, 6, 1, 5], [6, 14, 7, 13], [14, 22, 15, 21]]"
11a_351_103,"[[14, 22, 15, 21], [8, 19, 9, 20], [18, 7, 19, 8], [20, 9, 21, 10], [10, 4, 11, 3], [16, 12, 17, 11], [2, 18, 3, 17], [4, 15, 5, 16], [12, 1, 13, 2], [22, 6, 1, 5], [6, 14, 7, 13]]"
11a_351_104,"[[6, 14, 7, 13], [14, 22, 15, 21], [8, 19, 9, 20], [18, 7, 19, 8], [20, 9, 21, 10], [10, 4, 11, 3], [16, 12, 17, 11], [2, 18, 3, 17], [4, 15, 5, 16], [12, 1, 13, 2], [22, 6, 1, 5]]"
11a_351_105,"[[22, 6, 1, 5], [6, 14, 7, 13], [14, 22, 15, 21], [8, 19, 9, 20], [18, 7, 19, 8], [20, 9, 21, 10], [10, 4, 11, 3], [16, 12, 17, 11], [2, 18, 3, 17], [4, 15, 5, 16], [12, 1, 13, 2]]"
11a_351_106,"[[12, 1, 13, 2], [22, 6, 1, 5], [6, 14, 7, 13], [14, 22, 15, 21], [8, 19, 9, 20], [18, 7, 19, 8], [20, 9, 21, 10], [10, 4, 11, 3], [16, 12, 17, 11], [2, 18, 3, 17], [4, 15, 5, 16]]"
11a_351_107,"[[4, 15, 5, 16], [12, 1, 13, 2], [22, 6, 1, 5], [6, 14, 7, 13], [14, 22, 15, 21], [8, 19, 9, 20], [18, 7, 19, 8], [20, 9, 21, 10], [10, 4, 11, 3], [16, 12, 17, 11], [2, 18, 3, 17]]"
11a_351_108,"[[2, 18, 3, 17], [4, 15, 5, 16], [12, 1, 13, 2], [22, 6, 1, 5], [6, 14, 7, 13], [14, 22, 15, 21], [8, 19, 9, 20], [18, 7, 19, 8], [20, 9, 21, 10], [10, 4, 11, 3], [16, 12, 17, 11]]"
11a_351_109,"[[16, 12, 17, 11], [2, 18, 3, 17], [4, 15, 5, 16], [12, 1, 13, 2], [22, 6, 1, 5], [6, 14, 7, 13], [14, 22, 15, 21], [8, 19, 9, 20], [18, 7, 19, 8], [20, 9, 21, 10], [10, 4, 11, 3]]"
11a_351_110,"[[11, 5, 12, 4], [17, 13, 18, 12], [3, 19, 4, 18], [5, 16, 6, 17], [13, 2, 14, 3], [1, 7, 2, 6], [7, 15, 8, 14], [15, 1, 16, 22], [9, 20, 10, 21], [19, 8, 20, 9], [21, 10, 22, 11]]"
11a_351_111,"[[21, 10, 22, 11], [11, 5, 12, 4], [17, 13, 18, 12], [3, 19, 4, 18], [5, 16, 6, 17], [13, 2, 14, 3], [1, 7, 2, 6], [7, 15, 8, 14], [15, 1, 16, 22], [9, 20, 10, 21], [19, 8, 20, 9]]"
11a_351_112,"[[19, 8, 20, 9], [21, 10, 22, 11], [11, 5, 12, 4], [17, 13, 18, 12], [3, 19, 4, 18], [5, 16, 6, 17], [13, 2, 14, 3], [1, 7, 2, 6], [7, 15, 8, 14], [15, 1, 16, 22], [9, 20, 10, 21]]"
11a_351_113,"[[9, 20, 10, 21], [19, 8, 20, 9], [21, 10, 22, 11], [11, 5, 12, 4], [17, 13, 18, 12], [3, 19, 4, 18], [5, 16, 6, 17], [13, 2, 14, 3], [1, 7, 2, 6], [7, 15, 8, 14], [15, 1, 16, 22]]"
11a_351_114,"[[15, 1, 16, 22], [9, 20, 10, 21], [19, 8, 20, 9], [21, 10, 22, 11], [11, 5, 12, 4], [17, 13, 18, 12], [3, 19, 4, 18], [5, 16, 6, 17], [13, 2, 14, 3], [1, 7, 2, 6], [7, 15, 8, 14]]"
11a_351_115,"[[7, 15, 8, 14], [15, 1, 16, 22], [9, 20, 10, 21], [19, 8, 20, 9], [21, 10, 22, 11], [11, 5, 12, 4], [17, 13, 18, 12], [3, 19, 4, 18], [5, 16, 6, 17], [13, 2, 14, 3], [1, 7, 2, 6]]"
11a_351_116,"[[1, 7, 2, 6], [7, 15, 8, 14], [15, 1, 16, 22], [9, 20, 10, 21], [19, 8, 20, 9], [21, 10, 22, 11], [11, 5, 12, 4], [17, 13, 18, 12], [3, 19, 4, 18], [5, 16, 6, 17], [13, 2, 14, 3]]"
11a_351_117,"[[13, 2, 14, 3], [1, 7, 2, 6], [7, 15, 8, 14], [15, 1, 16, 22], [9, 20, 10, 21], [19, 8, 20, 9], [21, 10, 22, 11], [11, 5, 12, 4], [17, 13, 18, 12], [3, 19, 4, 18], [5, 16, 6, 17]]"
11a_351_118,"[[5, 16, 6, 17], [13, 2, 14, 3], [1, 7, 2, 6], [7, 15, 8, 14], [15, 1, 16, 22], [9, 20, 10, 21], [19, 8, 20, 9], [21, 10, 22, 11], [11, 5, 12, 4], [17, 13, 18, 12], [3, 19, 4, 18]]"
11a_351_119,"[[3, 19, 4, 18], [5, 16, 6, 17], [13, 2, 14, 3], [1, 7, 2, 6], [7, 15, 8, 14], [15, 1, 16, 22], [9, 20, 10, 21], [19, 8, 20, 9], [21, 10, 22, 11], [11, 5, 12, 4], [17, 13, 18, 12]]"
11a_351_120,"[[17, 13, 18, 12], [3, 19, 4, 18], [5, 16, 6, 17], [13, 2, 14, 3], [1, 7, 2, 6], [7, 15, 8, 14], [15, 1, 16, 22], [9, 20, 10, 21], [19, 8, 20, 9], [21, 10, 22, 11], [11, 5, 12, 4]]"
11a_351_121,"[[12, 6, 13, 5], [18, 14, 19, 13], [4, 20, 5, 19], [6, 17, 7, 18], [14, 3, 15, 4], [2, 8, 3, 7], [8, 16, 9, 15], [16, 2, 17, 1], [10, 21, 11, 22], [20, 9, 21, 10], [22, 11, 1, 12]]"
11a_351_122,"[[22, 11, 1, 12], [12, 6, 13, 5], [18, 14, 19, 13], [4, 20, 5, 19], [6, 17, 7, 18], [14, 3, 15, 4], [2, 8, 3, 7], [8, 16, 9, 15], [16, 2, 17, 1], [10, 21, 11, 22], [20, 9, 21, 10]]"
11a_351_123,"[[20, 9, 21, 10], [22, 11, 1, 12], [12, 6, 13, 5], [18, 14, 19, 13], [4, 20, 5, 19], [6, 17, 7, 18], [14, 3, 15, 4], [2, 8, 3, 7], [8, 16, 9, 15], [16, 2, 17, 1], [10, 21, 11, 22]]"
11a_351_124,"[[10, 21, 11, 22], [20, 9, 21, 10], [22, 11, 1, 12], [12, 6, 13, 5], [18, 14, 19, 13], [4, 20, 5, 19], [6, 17, 7, 18], [14, 3, 15, 4], [2, 8, 3, 7], [8, 16, 9, 15], [16, 2, 17, 1]]"
11a_351_125,"[[16, 2, 17, 1], [10, 21, 11, 22], [20, 9, 21, 10], [22, 11, 1, 12], [12, 6, 13, 5], [18, 14, 19, 13], [4, 20, 5, 19], [6, 17, 7, 18], [14, 3, 15, 4], [2, 8, 3, 7], [8, 16, 9, 15]]"
11a_351_126,"[[8, 16, 9, 15], [16, 2, 17, 1], [10, 21, 11, 22], [20, 9, 21, 10], [22, 11, 1, 12], [12, 6, 13, 5], [18, 14, 19, 13], [4, 20, 5, 19], [6, 17, 7, 18], [14, 3, 15, 4], [2, 8, 3, 7]]"
11a_351_127,"[[2, 8, 3, 7], [8, 16, 9, 15], [16, 2, 17, 1], [10, 21, 11, 22], [20, 9, 21, 10], [22, 11, 1, 12], [12, 6, 13, 5], [18, 14, 19, 13], [4, 20, 5, 19], [6, 17, 7, 18], [14, 3, 15, 4]]"
11a_351_128,"[[14, 3, 15, 4], [2, 8, 3, 7], [8, 16, 9, 15], [16, 2, 17, 1], [10, 21, 11, 22], [20, 9, 21, 10], [22, 11, 1, 12], [12, 6, 13, 5], [18, 14, 19, 13], [4, 20, 5, 19], [6, 17, 7, 18]]"
11a_351_129,"[[6, 17, 7, 18], [14, 3, 15, 4], [2, 8, 3, 7], [8, 16, 9, 15], [16, 2, 17, 1], [10, 21, 11, 22], [20, 9, 21, 10], [22, 11, 1, 12], [12, 6, 13, 5], [18, 14, 19, 13], [4, 20, 5, 19]]"
11a_351_130,"[[4, 20, 5, 19], [6, 17, 7, 18], [14, 3, 15, 4], [2, 8, 3, 7], [8, 16, 9, 15], [16, 2, 17, 1], [10, 21, 11, 22], [20, 9, 21, 10], [22, 11, 1, 12], [12, 6, 13, 5], [18, 14, 19, 13]]"
11a_351_131,"[[18, 14, 19, 13], [4, 20, 5, 19], [6, 17, 7, 18], [14, 3, 15, 4], [2, 8, 3, 7], [8, 16, 9, 15], [16, 2, 17, 1], [10, 21, 11, 22], [20, 9, 21, 10], [22, 11, 1, 12], [12, 6, 13, 5]]"
11a_351_132,"[[13, 7, 14, 6], [19, 15, 20, 14], [5, 21, 6, 20], [7, 18, 8, 19], [15, 4, 16, 5], [3, 9, 4, 8], [9, 17, 10, 16], [17, 3, 18, 2], [11, 22, 12, 1], [21, 10, 22, 11], [1, 12, 2, 13]]"
11a_351_133,"[[1, 12, 2, 13], [13, 7, 14, 6], [19, 15, 20, 14], [5, 21, 6, 20], [7, 18, 8, 19], [15, 4, 16, 5], [3, 9, 4, 8], [9, 17, 10, 16], [17, 3, 18, 2], [11, 22, 12, 1], [21, 10, 22, 11]]"
11a_351_134,"[[21, 10, 22, 11], [1, 12, 2, 13], [13, 7, 14, 6], [19, 15, 20, 14], [5, 21, 6, 20], [7, 18, 8, 19], [15, 4, 16, 5], [3, 9, 4, 8], [9, 17, 10, 16], [17, 3, 18, 2], [11, 22, 12, 1]]"
11a_351_135,"[[11, 22, 12, 1], [21, 10, 22, 11], [1, 12, 2, 13], [13, 7, 14, 6], [19, 15, 20, 14], [5, 21, 6, 20], [7, 18, 8, 19], [15, 4, 16, 5], [3, 9, 4, 8], [9, 17, 10, 16], [17, 3, 18, 2]]"
11a_351_136,"[[17, 3, 18, 2], [11, 22, 12, 1], [21, 10, 22, 11], [1, 12, 2, 13], [13, 7, 14, 6], [19, 15, 20, 14], [5, 21, 6, 20], [7, 18, 8, 19], [15, 4, 16, 5], [3, 9, 4, 8], [9, 17, 10, 16]]"
11a_351_137,"[[9, 17, 10, 16], [17, 3, 18, 2], [11, 22, 12, 1], [21, 10, 22, 11], [1, 12, 2, 13], [13, 7, 14, 6], [19, 15, 20, 14], [5, 21, 6, 20], [7, 18, 8, 19], [15, 4, 16, 5], [3, 9, 4, 8]]"
11a_351_138,"[[3, 9, 4, 8], [9, 17, 10, 16], [17, 3, 18, 2], [11, 22, 12, 1], [21, 10, 22, 11], [1, 12, 2, 13], [13, 7, 14, 6], [19, 15, 20, 14], [5, 21, 6, 20], [7, 18, 8, 19], [15, 4, 16, 5]]"
11a_351_139,"[[15, 4, 16, 5], [3, 9, 4, 8], [9, 17, 10, 16], [17, 3, 18, 2], [11, 22, 12, 1], [21, 10, 22, 11], [1, 12, 2, 13], [13, 7, 14, 6], [19, 15, 20, 14], [5, 21, 6, 20], [7, 18, 8, 19]]"
11a_351_140,"[[7, 18, 8, 19], [15, 4, 16, 5], [3, 9, 4, 8], [9, 17, 10, 16], [17, 3, 18, 2], [11, 22, 12, 1], [21, 10, 22, 11], [1, 12, 2, 13], [13, 7, 14, 6], [19, 15, 20, 14], [5, 21, 6, 20]]"
11a_351_141,"[[5, 21, 6, 20], [7, 18, 8, 19], [15, 4, 16, 5], [3, 9, 4, 8], [9, 17, 10, 16], [17, 3, 18, 2], [11, 22, 12, 1], [21, 10, 22, 11], [1, 12, 2, 13], [13, 7, 14, 6], [19, 15, 20, 14]]"
11a_351_142,"[[19, 15, 20, 14], [5, 21, 6, 20], [7, 18, 8, 19], [15, 4, 16, 5], [3, 9, 4, 8], [9, 17, 10, 16], [17, 3, 18, 2], [11, 22, 12, 1], [21, 10, 22, 11], [1, 12, 2, 13], [13, 7, 14, 6]]"
11a_351_143,"[[14, 8, 15, 7], [20, 16, 21, 15], [6, 22, 7, 21], [8, 19, 9, 20], [16, 5, 17, 6], [4, 10, 5, 9], [10, 18, 11, 17], [18, 4, 19, 3], [12, 1, 13, 2], [22, 11, 1, 12], [2, 13, 3, 14]]"
11a_351_144,"[[2, 13, 3, 14], [14, 8, 15, 7], [20, 16, 21, 15], [6, 22, 7, 21], [8, 19, 9, 20], [16, 5, 17, 6], [4, 10, 5, 9], [10, 18, 11, 17], [18, 4, 19, 3], [12, 1, 13, 2], [22, 11, 1, 12]]"
11a_351_145,"[[22, 11, 1, 12], [2, 13, 3, 14], [14, 8, 15, 7], [20, 16, 21, 15], [6, 22, 7, 21], [8, 19, 9, 20], [16, 5, 17, 6], [4, 10, 5, 9], [10, 18, 11, 17], [18, 4, 19, 3], [12, 1, 13, 2]]"
11a_351_146,"[[12, 1, 13, 2], [22, 11, 1, 12], [2, 13, 3, 14], [14, 8, 15, 7], [20, 16, 21, 15], [6, 22, 7, 21], [8, 19, 9, 20], [16, 5, 17, 6], [4, 10, 5, 9], [10, 18, 11, 17], [18, 4, 19, 3]]"
11a_351_147,"[[18, 4, 19, 3], [12, 1, 13, 2], [22, 11, 1, 12], [2, 13, 3, 14], [14, 8, 15, 7], [20, 16, 21, 15], [6, 22, 7, 21], [8, 19, 9, 20], [16, 5, 17, 6], [4, 10, 5, 9], [10, 18, 11, 17]]"
11a_351_148,"[[10, 18, 11, 17], [18, 4, 19, 3], [12, 1, 13, 2], [22, 11, 1, 12], [2, 13, 3, 14], [14, 8, 15, 7], [20, 16, 21, 15], [6, 22, 7, 21], [8, 19, 9, 20], [16, 5, 17, 6], [4, 10, 5, 9]]"
11a_351_149,"[[4, 10, 5, 9], [10, 18, 11, 17], [18, 4, 19, 3], [12, 1, 13, 2], [22, 11, 1, 12], [2, 13, 3, 14], [14, 8, 15, 7], [20, 16, 21, 15], [6, 22, 7, 21], [8, 19, 9, 20], [16, 5, 17, 6]]"
11a_351_150,"[[16, 5, 17, 6], [4, 10, 5, 9], [10, 18, 11, 17], [18, 4, 19, 3], [12, 1, 13, 2], [22, 11, 1, 12], [2, 13, 3, 14], [14, 8, 15, 7], [20, 16, 21, 15], [6, 22, 7, 21], [8, 19, 9, 20]]"
11a_351_151,"[[8, 19, 9, 20], [16, 5, 17, 6], [4, 10, 5, 9], [10, 18, 11, 17], [18, 4, 19, 3], [12, 1, 13, 2], [22, 11, 1, 12], [2, 13, 3, 14], [14, 8, 15, 7], [20, 16, 21, 15], [6, 22, 7, 21]]"
11a_351_152,"[[6, 22, 7, 21], [8, 19, 9, 20], [16, 5, 17, 6], [4, 10, 5, 9], [10, 18, 11, 17], [18, 4, 19, 3], [12, 1, 13, 2], [22, 11, 1, 12], [2, 13, 3, 14], [14, 8, 15, 7], [20, 16, 21, 15]]"
11a_351_153,"[[20, 16, 21, 15], [6, 22, 7, 21], [8, 19, 9, 20], [16, 5, 17, 6], [4, 10, 5, 9], [10, 18, 11, 17], [18, 4, 19, 3], [12, 1, 13, 2], [22, 11, 1, 12], [2, 13, 3, 14], [14, 8, 15, 7]]"
11a_351_154,"[[15, 9, 16, 8], [21, 17, 22, 16], [7, 1, 8, 22], [9, 20, 10, 21], [17, 6, 18, 7], [5, 11, 6, 10], [11, 19, 12, 18], [19, 5, 20, 4], [13, 2, 14, 3], [1, 12, 2, 13], [3, 14, 4, 15]]"
11a_351_155,"[[3, 14, 4, 15], [15, 9, 16, 8], [21, 17, 22, 16], [7, 1, 8, 22], [9, 20, 10, 21], [17, 6, 18, 7], [5, 11, 6, 10], [11, 19, 12, 18], [19, 5, 20, 4], [13, 2, 14, 3], [1, 12, 2, 13]]"
11a_351_156,"[[1, 12, 2, 13], [3, 14, 4, 15], [15, 9, 16, 8], [21, 17, 22, 16], [7, 1, 8, 22], [9, 20, 10, 21], [17, 6, 18, 7], [5, 11, 6, 10], [11, 19, 12, 18], [19, 5, 20, 4], [13, 2, 14, 3]]"
11a_351_157,"[[13, 2, 14, 3], [1, 12, 2, 13], [3, 14, 4, 15], [15, 9, 16, 8], [21, 17, 22, 16], [7, 1, 8, 22], [9, 20, 10, 21], [17, 6, 18, 7], [5, 11, 6, 10], [11, 19, 12, 18], [19, 5, 20, 4]]"
11a_351_158,"[[19, 5, 20, 4], [13, 2, 14, 3], [1, 12, 2, 13], [3, 14, 4, 15], [15, 9, 16, 8], [21, 17, 22, 16], [7, 1, 8, 22], [9, 20, 10, 21], [17, 6, 18, 7], [5, 11, 6, 10], [11, 19, 12, 18]]"
11a_351_159,"[[11, 19, 12, 18], [19, 5, 20, 4], [13, 2, 14, 3], [1, 12, 2, 13], [3, 14, 4, 15], [15, 9, 16, 8], [21, 17, 22, 16], [7, 1, 8, 22], [9, 20, 10, 21], [17, 6, 18, 7], [5, 11, 6, 10]]"
11a_351_160,"[[5, 11, 6, 10], [11, 19, 12, 18], [19, 5, 20, 4], [13, 2, 14, 3], [1, 12, 2, 13], [3, 14, 4, 15], [15, 9, 16, 8], [21, 17, 22, 16], [7, 1, 8, 22], [9, 20, 10, 21], [17, 6, 18, 7]]"
11a_351_161,"[[17, 6, 18, 7], [5, 11, 6, 10], [11, 19, 12, 18], [19, 5, 20, 4], [13, 2, 14, 3], [1, 12, 2, 13], [3, 14, 4, 15], [15, 9, 16, 8], [21, 17, 22, 16], [7, 1, 8, 22], [9, 20, 10, 21]]"
11a_351_162,"[[9, 20, 10, 21], [17, 6, 18, 7], [5, 11, 6, 10], [11, 19, 12, 18], [19, 5, 20, 4], [13, 2, 14, 3], [1, 12, 2, 13], [3, 14, 4, 15], [15, 9, 16, 8], [21, 17, 22, 16], [7, 1, 8, 22]]"
11a_351_163,"[[7, 1, 8, 22], [9, 20, 10, 21], [17, 6, 18, 7], [5, 11, 6, 10], [11, 19, 12, 18], [19, 5, 20, 4], [13, 2, 14, 3], [1, 12, 2, 13], [3, 14, 4, 15], [15, 9, 16, 8], [21, 17, 22, 16]]"
11a_351_164,"[[21, 17, 22, 16], [7, 1, 8, 22], [9, 20, 10, 21], [17, 6, 18, 7], [5, 11, 6, 10], [11, 19, 12, 18], [19, 5, 20, 4], [13, 2, 14, 3], [1, 12, 2, 13], [3, 14, 4, 15], [15, 9, 16, 8]]"
11a_351_165,"[[16, 10, 17, 9], [22, 18, 1, 17], [8, 2, 9, 1], [10, 21, 11, 22], [18, 7, 19, 8], [6, 12, 7, 11], [12, 20, 13, 19], [20, 6, 21, 5], [14, 3, 15, 4], [2, 13, 3, 14], [4, 15, 5, 16]]"
11a_351_166,"[[4, 15, 5, 16], [16, 10, 17, 9], [22, 18, 1, 17], [8, 2, 9, 1], [10, 21, 11, 22], [18, 7, 19, 8], [6, 12, 7, 11], [12, 20, 13, 19], [20, 6, 21, 5], [14, 3, 15, 4], [2, 13, 3, 14]]"
11a_351_167,"[[2, 13, 3, 14], [4, 15, 5, 16], [16, 10, 17, 9], [22, 18, 1, 17], [8, 2, 9, 1], [10, 21, 11, 22], [18, 7, 19, 8], [6, 12, 7, 11], [12, 20, 13, 19], [20, 6, 21, 5], [14, 3, 15, 4]]"
11a_351_168,"[[14, 3, 15, 4], [2, 13, 3, 14], [4, 15, 5, 16], [16, 10, 17, 9], [22, 18, 1, 17], [8, 2, 9, 1], [10, 21, 11, 22], [18, 7, 19, 8], [6, 12, 7, 11], [12, 20, 13, 19], [20, 6, 21, 5]]"
11a_351_169,"[[20, 6, 21, 5], [14, 3, 15, 4], [2, 13, 3, 14], [4, 15, 5, 16], [16, 10, 17, 9], [22, 18, 1, 17], [8, 2, 9, 1], [10, 21, 11, 22], [18, 7, 19, 8], [6, 12, 7, 11], [12, 20, 13, 19]]"
11a_351_170,"[[12, 20, 13, 19], [20, 6, 21, 5], [14, 3, 15, 4], [2, 13, 3, 14], [4, 15, 5, 16], [16, 10, 17, 9], [22, 18, 1, 17], [8, 2, 9, 1], [10, 21, 11, 22], [18, 7, 19, 8], [6, 12, 7, 11]]"
11a_351_171,"[[6, 12, 7, 11], [12, 20, 13, 19], [20, 6, 21, 5], [14, 3, 15, 4], [2, 13, 3, 14], [4, 15, 5, 16], [16, 10, 17, 9], [22, 18, 1, 17], [8, 2, 9, 1], [10, 21, 11, 22], [18, 7, 19, 8]]"
11a_351_172,"[[18, 7, 19, 8], [6, 12, 7, 11], [12, 20, 13, 19], [20, 6, 21, 5], [14, 3, 15, 4], [2, 13, 3, 14], [4, 15, 5, 16], [16, 10, 17, 9], [22, 18, 1, 17], [8, 2, 9, 1], [10, 21, 11, 22]]"
11a_351_173,"[[10, 21, 11, 22], [18, 7, 19, 8], [6, 12, 7, 11], [12, 20, 13, 19], [20, 6, 21, 5], [14, 3, 15, 4], [2, 13, 3, 14], [4, 15, 5, 16], [16, 10, 17, 9], [22, 18, 1, 17], [8, 2, 9, 1]]"
11a_351_174,"[[8, 2, 9, 1], [10, 21, 11, 22], [18, 7, 19, 8], [6, 12, 7, 11], [12, 20, 13, 19], [20, 6, 21, 5], [14, 3, 15, 4], [2, 13, 3, 14], [4, 15, 5, 16], [16, 10, 17, 9], [22, 18, 1, 17]]"
11a_351_175,"[[22, 18, 1, 17], [8, 2, 9, 1], [10, 21, 11, 22], [18, 7, 19, 8], [6, 12, 7, 11], [12, 20, 13, 19], [20, 6, 21, 5], [14, 3, 15, 4], [2, 13, 3, 14], [4, 15, 5, 16], [16, 10, 17, 9]]"
11a_351_176,"[[17, 11, 18, 10], [1, 19, 2, 18], [9, 3, 10, 2], [11, 22, 12, 1], [19, 8, 20, 9], [7, 13, 8, 12], [13, 21, 14, 20], [21, 7, 22, 6], [15, 4, 16, 5], [3, 14, 4, 15], [5, 16, 6, 17]]"
11a_351_177,"[[5, 16, 6, 17], [17, 11, 18, 10], [1, 19, 2, 18], [9, 3, 10, 2], [11, 22, 12, 1], [19, 8, 20, 9], [7, 13, 8, 12], [13, 21, 14, 20], [21, 7, 22, 6], [15, 4, 16, 5], [3, 14, 4, 15]]"
11a_351_178,"[[3, 14, 4, 15], [5, 16, 6, 17], [17, 11, 18, 10], [1, 19, 2, 18], [9, 3, 10, 2], [11, 22, 12, 1], [19, 8, 20, 9], [7, 13, 8, 12], [13, 21, 14, 20], [21, 7, 22, 6], [15, 4, 16, 5]]"
11a_351_179,"[[15, 4, 16, 5], [3, 14, 4, 15], [5, 16, 6, 17], [17, 11, 18, 10], [1, 19, 2, 18], [9, 3, 10, 2], [11, 22, 12, 1], [19, 8, 20, 9], [7, 13, 8, 12], [13, 21, 14, 20], [21, 7, 22, 6]]"
11a_351_180,"[[21, 7, 22, 6], [15, 4, 16, 5], [3, 14, 4, 15], [5, 16, 6, 17], [17, 11, 18, 10], [1, 19, 2, 18], [9, 3, 10, 2], [11, 22, 12, 1], [19, 8, 20, 9], [7, 13, 8, 12], [13, 21, 14, 20]]"
11a_351_181,"[[13, 21, 14, 20], [21, 7, 22, 6], [15, 4, 16, 5], [3, 14, 4, 15], [5, 16, 6, 17], [17, 11, 18, 10], [1, 19, 2, 18], [9, 3, 10, 2], [11, 22, 12, 1], [19, 8, 20, 9], [7, 13, 8, 12]]"
11a_351_182,"[[7, 13, 8, 12], [13, 21, 14, 20], [21, 7, 22, 6], [15, 4, 16, 5], [3, 14, 4, 15], [5, 16, 6, 17], [17, 11, 18, 10], [1, 19, 2, 18], [9, 3, 10, 2], [11, 22, 12, 1], [19, 8, 20, 9]]"
11a_351_183,"[[19, 8, 20, 9], [7, 13, 8, 12], [13, 21, 14, 20], [21, 7, 22, 6], [15, 4, 16, 5], [3, 14, 4, 15], [5, 16, 6, 17], [17, 11, 18, 10], [1, 19, 2, 18], [9, 3, 10, 2], [11, 22, 12, 1]]"
11a_351_184,"[[11, 22, 12, 1], [19, 8, 20, 9], [7, 13, 8, 12], [13, 21, 14, 20], [21, 7, 22, 6], [15, 4, 16, 5], [3, 14, 4, 15], [5, 16, 6, 17], [17, 11, 18, 10], [1, 19, 2, 18], [9, 3, 10, 2]]"
11a_351_185,"[[9, 3, 10, 2], [11, 22, 12, 1], [19, 8, 20, 9], [7, 13, 8, 12], [13, 21, 14, 20], [21, 7, 22, 6], [15, 4, 16, 5], [3, 14, 4, 15], [5, 16, 6, 17], [17, 11, 18, 10], [1, 19, 2, 18]]"
11a_351_186,"[[1, 19, 2, 18], [9, 3, 10, 2], [11, 22, 12, 1], [19, 8, 20, 9], [7, 13, 8, 12], [13, 21, 14, 20], [21, 7, 22, 6], [15, 4, 16, 5], [3, 14, 4, 15], [5, 16, 6, 17], [17, 11, 18, 10]]"
11a_351_187,"[[18, 12, 19, 11], [2, 20, 3, 19], [10, 4, 11, 3], [12, 1, 13, 2], [20, 9, 21, 10], [8, 14, 9, 13], [14, 22, 15, 21], [22, 8, 1, 7], [16, 5, 17, 6], [4, 15, 5, 16], [6, 17, 7, 18]]"
11a_351_188,"[[6, 17, 7, 18], [18, 12, 19, 11], [2, 20, 3, 19], [10, 4, 11, 3], [12, 1, 13, 2], [20, 9, 21, 10], [8, 14, 9, 13], [14, 22, 15, 21], [22, 8, 1, 7], [16, 5, 17, 6], [4, 15, 5, 16]]"
11a_351_189,"[[4, 15, 5, 16], [6, 17, 7, 18], [18, 12, 19, 11], [2, 20, 3, 19], [10, 4, 11, 3], [12, 1, 13, 2], [20, 9, 21, 10], [8, 14, 9, 13], [14, 22, 15, 21], [22, 8, 1, 7], [16, 5, 17, 6]]"
11a_351_190,"[[16, 5, 17, 6], [4, 15, 5, 16], [6, 17, 7, 18], [18, 12, 19, 11], [2, 20, 3, 19], [10, 4, 11, 3], [12, 1, 13, 2], [20, 9, 21, 10], [8, 14, 9, 13], [14, 22, 15, 21], [22, 8, 1, 7]]"
11a_351_191,"[[22, 8, 1, 7], [16, 5, 17, 6], [4, 15, 5, 16], [6, 17, 7, 18], [18, 12, 19, 11], [2, 20, 3, 19], [10, 4, 11, 3], [12, 1, 13, 2], [20, 9, 21, 10], [8, 14, 9, 13], [14, 22, 15, 21]]"
11a_351_192,"[[14, 22, 15, 21], [22, 8, 1, 7], [16, 5, 17, 6], [4, 15, 5, 16], [6, 17, 7, 18], [18, 12, 19, 11], [2, 20, 3, 19], [10, 4, 11, 3], [12, 1, 13, 2], [20, 9, 21, 10], [8, 14, 9, 13]]"
11a_351_193,"[[8, 14, 9, 13], [14, 22, 15, 21], [22, 8, 1, 7], [16, 5, 17, 6], [4, 15, 5, 16], [6, 17, 7, 18], [18, 12, 19, 11], [2, 20, 3, 19], [10, 4, 11, 3], [12, 1, 13, 2], [20, 9, 21, 10]]"
11a_351_194,"[[20, 9, 21, 10], [8, 14, 9, 13], [14, 22, 15, 21], [22, 8, 1, 7], [16, 5, 17, 6], [4, 15, 5, 16], [6, 17, 7, 18], [18, 12, 19, 11], [2, 20, 3, 19], [10, 4, 11, 3], [12, 1, 13, 2]]"
11a_351_195,"[[12, 1, 13, 2], [20, 9, 21, 10], [8, 14, 9, 13], [14, 22, 15, 21], [22, 8, 1, 7], [16, 5, 17, 6], [4, 15, 5, 16], [6, 17, 7, 18], [18, 12, 19, 11], [2, 20, 3, 19], [10, 4, 11, 3]]"
11a_351_196,"[[10, 4, 11, 3], [12, 1, 13, 2], [20, 9, 21, 10], [8, 14, 9, 13], [14, 22, 15, 21], [22, 8, 1, 7], [16, 5, 17, 6], [4, 15, 5, 16], [6, 17, 7, 18], [18, 12, 19, 11], [2, 20, 3, 19]]"
11a_351_197,"[[2, 20, 3, 19], [10, 4, 11, 3], [12, 1, 13, 2], [20, 9, 21, 10], [8, 14, 9, 13], [14, 22, 15, 21], [22, 8, 1, 7], [16, 5, 17, 6], [4, 15, 5, 16], [6, 17, 7, 18], [18, 12, 19, 11]]"
11a_351_198,"[[19, 13, 20, 12], [3, 21, 4, 20], [11, 5, 12, 4], [13, 2, 14, 3], [21, 10, 22, 11], [9, 15, 10, 14], [15, 1, 16, 22], [1, 9, 2, 8], [17, 6, 18, 7], [5, 16, 6, 17], [7, 18, 8, 19]]"
11a_351_199,"[[7, 18, 8, 19], [19, 13, 20, 12], [3, 21, 4, 20], [11, 5, 12, 4], [13, 2, 14, 3], [21, 10, 22, 11], [9, 15, 10, 14], [15, 1, 16, 22], [1, 9, 2, 8], [17, 6, 18, 7], [5, 16, 6, 17]]"
11a_351_200,"[[5, 16, 6, 17], [7, 18, 8, 19], [19, 13, 20, 12], [3, 21, 4, 20], [11, 5, 12, 4], [13, 2, 14, 3], [21, 10, 22, 11], [9, 15, 10, 14], [15, 1, 16, 22], [1, 9, 2, 8], [17, 6, 18, 7]]"
11a_351_201,"[[17, 6, 18, 7], [5, 16, 6, 17], [7, 18, 8, 19], [19, 13, 20, 12], [3, 21, 4, 20], [11, 5, 12, 4], [13, 2, 14, 3], [21, 10, 22, 11], [9, 15, 10, 14], [15, 1, 16, 22], [1, 9, 2, 8]]"
11a_351_202,"[[1, 9, 2, 8], [17, 6, 18, 7], [5, 16, 6, 17], [7, 18, 8, 19], [19, 13, 20, 12], [3, 21, 4, 20], [11, 5, 12, 4], [13, 2, 14, 3], [21, 10, 22, 11], [9, 15, 10, 14], [15, 1, 16, 22]]"
11a_351_203,"[[15, 1, 16, 22], [1, 9, 2, 8], [17, 6, 18, 7], [5, 16, 6, 17], [7, 18, 8, 19], [19, 13, 20, 12], [3, 21, 4, 20], [11, 5, 12, 4], [13, 2, 14, 3], [21, 10, 22, 11], [9, 15, 10, 14]]"
