name,pd_notation
11a_315_0,"[[9, 21, 10, 20], [7, 3, 8, 2], [19, 9, 20, 8], [13, 5, 14, 4], [3, 18, 4, 19], [17, 6, 18, 7], [5, 13, 6, 12], [21, 14, 22, 15], [1, 11, 2, 10], [15, 22, 16, 1], [11, 16, 12, 17]]"
11a_315_1,"[[11, 16, 12, 17], [9, 21, 10, 20], [7, 3, 8, 2], [19, 9, 20, 8], [13, 5, 14, 4], [3, 18, 4, 19], [17, 6, 18, 7], [5, 13, 6, 12], [21, 14, 22, 15], [1, 11, 2, 10], [15, 22, 16, 1]]"
11a_315_2,"[[15, 22, 16, 1], [11, 16, 12, 17], [9, 21, 10, 20], [7, 3, 8, 2], [19, 9, 20, 8], [13, 5, 14, 4], [3, 18, 4, 19], [17, 6, 18, 7], [5, 13, 6, 12], [21, 14, 22, 15], [1, 11, 2, 10]]"
11a_315_3,"[[1, 11, 2, 10], [15, 22, 16, 1], [11, 16, 12, 17], [9, 21, 10, 20], [7, 3, 8, 2], [19, 9, 20, 8], [13, 5, 14, 4], [3, 18, 4, 19], [17, 6, 18, 7], [5, 13, 6, 12], [21, 14, 22, 15]]"
11a_315_4,"[[21, 14, 22, 15], [1, 11, 2, 10], [15, 22, 16, 1], [11, 16, 12, 17], [9, 21, 10, 20], [7, 3, 8, 2], [19, 9, 20, 8], [13, 5, 14, 4], [3, 18, 4, 19], [17, 6, 18, 7], [5, 13, 6, 12]]"
11a_315_5,"[[5, 13, 6, 12], [21, 14, 22, 15], [1, 11, 2, 10], [15, 22, 16, 1], [11, 16, 12, 17], [9, 21, 10, 20], [7, 3, 8, 2], [19, 9, 20, 8], [13, 5, 14, 4], [3, 18, 4, 19], [17, 6, 18, 7]]"
11a_315_6,"[[17, 6, 18, 7], [5, 13, 6, 12], [21, 14, 22, 15], [1, 11, 2, 10], [15, 22, 16, 1], [11, 16, 12, 17], [9, 21, 10, 20], [7, 3, 8, 2], [19, 9, 20, 8], [13, 5, 14, 4], [3, 18, 4, 19]]"
11a_315_7,"[[3, 18, 4, 19], [17, 6, 18, 7], [5, 13, 6, 12], [21, 14, 22, 15], [1, 11, 2, 10], [15, 22, 16, 1], [11, 16, 12, 17], [9, 21, 10, 20], [7, 3, 8, 2], [19, 9, 20, 8], [13, 5, 14, 4]]"
11a_315_8,"[[13, 5, 14, 4], [3, 18, 4, 19], [17, 6, 18, 7], [5, 13, 6, 12], [21, 14, 22, 15], [1, 11, 2, 10], [15, 22, 16, 1], [11, 16, 12, 17], [9, 21, 10, 20], [7, 3, 8, 2], [19, 9, 20, 8]]"
11a_315_9,"[[19, 9, 20, 8], [13, 5, 14, 4], [3, 18, 4, 19], [17, 6, 18, 7], [5, 13, 6, 12], [21, 14, 22, 15], [1, 11, 2, 10], [15, 22, 16, 1], [11, 16, 12, 17], [9, 21, 10, 20], [7, 3, 8, 2]]"
11a_315_10,"[[7, 3, 8, 2], [19, 9, 20, 8], [13, 5, 14, 4], [3, 18, 4, 19], [17, 6, 18, 7], [5, 13, 6, 12], [21, 14, 22, 15], [1, 11, 2, 10], [15, 22, 16, 1], [11, 16, 12, 17], [9, 21, 10, 20]]"
11a_315_11,"[[10, 22, 11, 21], [8, 4, 9, 3], [20, 10, 21, 9], [14, 6, 15, 5], [4, 19, 5, 20], [18, 7, 19, 8], [6, 14, 7, 13], [22, 15, 1, 16], [2, 12, 3, 11], [16, 1, 17, 2], [12, 17, 13, 18]]"
11a_315_12,"[[12, 17, 13, 18], [10, 22, 11, 21], [8, 4, 9, 3], [20, 10, 21, 9], [14, 6, 15, 5], [4, 19, 5, 20], [18, 7, 19, 8], [6, 14, 7, 13], [22, 15, 1, 16], [2, 12, 3, 11], [16, 1, 17, 2]]"
11a_315_13,"[[16, 1, 17, 2], [12, 17, 13, 18], [10, 22, 11, 21], [8, 4, 9, 3], [20, 10, 21, 9], [14, 6, 15, 5], [4, 19, 5, 20], [18, 7, 19, 8], [6, 14, 7, 13], [22, 15, 1, 16], [2, 12, 3, 11]]"
11a_315_14,"[[2, 12, 3, 11], [16, 1, 17, 2], [12, 17, 13, 18], [10, 22, 11, 21], [8, 4, 9, 3], [20, 10, 21, 9], [14, 6, 15, 5], [4, 19, 5, 20], [18, 7, 19, 8], [6, 14, 7, 13], [22, 15, 1, 16]]"
11a_315_15,"[[22, 15, 1, 16], [2, 12, 3, 11], [16, 1, 17, 2], [12, 17, 13, 18], [10, 22, 11, 21], [8, 4, 9, 3], [20, 10, 21, 9], [14, 6, 15, 5], [4, 19, 5, 20], [18, 7, 19, 8], [6, 14, 7, 13]]"
11a_315_16,"[[6, 14, 7, 13], [22, 15, 1, 16], [2, 12, 3, 11], [16, 1, 17, 2], [12, 17, 13, 18], [10, 22, 11, 21], [8, 4, 9, 3], [20, 10, 21, 9], [14, 6, 15, 5], [4, 19, 5, 20], [18, 7, 19, 8]]"
11a_315_17,"[[18, 7, 19, 8], [6, 14, 7, 13], [22, 15, 1, 16], [2, 12, 3, 11], [16, 1, 17, 2], [12, 17, 13, 18], [10, 22, 11, 21], [8, 4, 9, 3], [20, 10, 21, 9], [14, 6, 15, 5], [4, 19, 5, 20]]"
11a_315_18,"[[4, 19, 5, 20], [18, 7, 19, 8], [6, 14, 7, 13], [22, 15, 1, 16], [2, 12, 3, 11], [16, 1, 17, 2], [12, 17, 13, 18], [10, 22, 11, 21], [8, 4, 9, 3], [20, 10, 21, 9], [14, 6, 15, 5]]"
11a_315_19,"[[14, 6, 15, 5], [4, 19, 5, 20], [18, 7, 19, 8], [6, 14, 7, 13], [22, 15, 1, 16], [2, 12, 3, 11], [16, 1, 17, 2], [12, 17, 13, 18], [10, 22, 11, 21], [8, 4, 9, 3], [20, 10, 21, 9]]"
11a_315_20,"[[20, 10, 21, 9], [14, 6, 15, 5], [4, 19, 5, 20], [18, 7, 19, 8], [6, 14, 7, 13], [22, 15, 1, 16], [2, 12, 3, 11], [16, 1, 17, 2], [12, 17, 13, 18], [10, 22, 11, 21], [8, 4, 9, 3]]"
11a_315_21,"[[8, 4, 9, 3], [20, 10, 21, 9], [14, 6, 15, 5], [4, 19, 5, 20], [18, 7, 19, 8], [6, 14, 7, 13], [22, 15, 1, 16], [2, 12, 3, 11], [16, 1, 17, 2], [12, 17, 13, 18], [10, 22, 11, 21]]"
11a_315_22,"[[11, 1, 12, 22], [9, 5, 10, 4], [21, 11, 22, 10], [15, 7, 16, 6], [5, 20, 6, 21], [19, 8, 20, 9], [7, 15, 8, 14], [1, 16, 2, 17], [3, 13, 4, 12], [17, 2, 18, 3], [13, 18, 14, 19]]"
11a_315_23,"[[13, 18, 14, 19], [11, 1, 12, 22], [9, 5, 10, 4], [21, 11, 22, 10], [15, 7, 16, 6], [5, 20, 6, 21], [19, 8, 20, 9], [7, 15, 8, 14], [1, 16, 2, 17], [3, 13, 4, 12], [17, 2, 18, 3]]"
11a_315_24,"[[17, 2, 18, 3], [13, 18, 14, 19], [11, 1, 12, 22], [9, 5, 10, 4], [21, 11, 22, 10], [15, 7, 16, 6], [5, 20, 6, 21], [19, 8, 20, 9], [7, 15, 8, 14], [1, 16, 2, 17], [3, 13, 4, 12]]"
11a_315_25,"[[3, 13, 4, 12], [17, 2, 18, 3], [13, 18, 14, 19], [11, 1, 12, 22], [9, 5, 10, 4], [21, 11, 22, 10], [15, 7, 16, 6], [5, 20, 6, 21], [19, 8, 20, 9], [7, 15, 8, 14], [1, 16, 2, 17]]"
11a_315_26,"[[1, 16, 2, 17], [3, 13, 4, 12], [17, 2, 18, 3], [13, 18, 14, 19], [11, 1, 12, 22], [9, 5, 10, 4], [21, 11, 22, 10], [15, 7, 16, 6], [5, 20, 6, 21], [19, 8, 20, 9], [7, 15, 8, 14]]"
11a_315_27,"[[7, 15, 8, 14], [1, 16, 2, 17], [3, 13, 4, 12], [17, 2, 18, 3], [13, 18, 14, 19], [11, 1, 12, 22], [9, 5, 10, 4], [21, 11, 22, 10], [15, 7, 16, 6], [5, 20, 6, 21], [19, 8, 20, 9]]"
11a_315_28,"[[19, 8, 20, 9], [7, 15, 8, 14], [1, 16, 2, 17], [3, 13, 4, 12], [17, 2, 18, 3], [13, 18, 14, 19], [11, 1, 12, 22], [9, 5, 10, 4], [21, 11, 22, 10], [15, 7, 16, 6], [5, 20, 6, 21]]"
11a_315_29,"[[5, 20, 6, 21], [19, 8, 20, 9], [7, 15, 8, 14], [1, 16, 2, 17], [3, 13, 4, 12], [17, 2, 18, 3], [13, 18, 14, 19], [11, 1, 12, 22], [9, 5, 10, 4], [21, 11, 22, 10], [15, 7, 16, 6]]"
11a_315_30,"[[15, 7, 16, 6], [5, 20, 6, 21], [19, 8, 20, 9], [7, 15, 8, 14], [1, 16, 2, 17], [3, 13, 4, 12], [17, 2, 18, 3], [13, 18, 14, 19], [11, 1, 12, 22], [9, 5, 10, 4], [21, 11, 22, 10]]"
11a_315_31,"[[21, 11, 22, 10], [15, 7, 16, 6], [5, 20, 6, 21], [19, 8, 20, 9], [7, 15, 8, 14], [1, 16, 2, 17], [3, 13, 4, 12], [17, 2, 18, 3], [13, 18, 14, 19], [11, 1, 12, 22], [9, 5, 10, 4]]"
11a_315_32,"[[9, 5, 10, 4], [21, 11, 22, 10], [15, 7, 16, 6], [5, 20, 6, 21], [19, 8, 20, 9], [7, 15, 8, 14], [1, 16, 2, 17], [3, 13, 4, 12], [17, 2, 18, 3], [13, 18, 14, 19], [11, 1, 12, 22]]"
11a_315_33,"[[12, 2, 13, 1], [10, 6, 11, 5], [22, 12, 1, 11], [16, 8, 17, 7], [6, 21, 7, 22], [20, 9, 21, 10], [8, 16, 9, 15], [2, 17, 3, 18], [4, 14, 5, 13], [18, 3, 19, 4], [14, 19, 15, 20]]"
11a_315_34,"[[14, 19, 15, 20], [12, 2, 13, 1], [10, 6, 11, 5], [22, 12, 1, 11], [16, 8, 17, 7], [6, 21, 7, 22], [20, 9, 21, 10], [8, 16, 9, 15], [2, 17, 3, 18], [4, 14, 5, 13], [18, 3, 19, 4]]"
11a_315_35,"[[18, 3, 19, 4], [14, 19, 15, 20], [12, 2, 13, 1], [10, 6, 11, 5], [22, 12, 1, 11], [16, 8, 17, 7], [6, 21, 7, 22], [20, 9, 21, 10], [8, 16, 9, 15], [2, 17, 3, 18], [4, 14, 5, 13]]"
11a_315_36,"[[4, 14, 5, 13], [18, 3, 19, 4], [14, 19, 15, 20], [12, 2, 13, 1], [10, 6, 11, 5], [22, 12, 1, 11], [16, 8, 17, 7], [6, 21, 7, 22], [20, 9, 21, 10], [8, 16, 9, 15], [2, 17, 3, 18]]"
11a_315_37,"[[2, 17, 3, 18], [4, 14, 5, 13], [18, 3, 19, 4], [14, 19, 15, 20], [12, 2, 13, 1], [10, 6, 11, 5], [22, 12, 1, 11], [16, 8, 17, 7], [6, 21, 7, 22], [20, 9, 21, 10], [8, 16, 9, 15]]"
11a_315_38,"[[8, 16, 9, 15], [2, 17, 3, 18], [4, 14, 5, 13], [18, 3, 19, 4], [14, 19, 15, 20], [12, 2, 13, 1], [10, 6, 11, 5], [22, 12, 1, 11], [16, 8, 17, 7], [6, 21, 7, 22], [20, 9, 21, 10]]"
11a_315_39,"[[20, 9, 21, 10], [8, 16, 9, 15], [2, 17, 3, 18], [4, 14, 5, 13], [18, 3, 19, 4], [14, 19, 15, 20], [12, 2, 13, 1], [10, 6, 11, 5], [22, 12, 1, 11], [16, 8, 17, 7], [6, 21, 7, 22]]"
11a_315_40,"[[6, 21, 7, 22], [20, 9, 21, 10], [8, 16, 9, 15], [2, 17, 3, 18], [4, 14, 5, 13], [18, 3, 19, 4], [14, 19, 15, 20], [12, 2, 13, 1], [10, 6, 11, 5], [22, 12, 1, 11], [16, 8, 17, 7]]"
11a_315_41,"[[16, 8, 17, 7], [6, 21, 7, 22], [20, 9, 21, 10], [8, 16, 9, 15], [2, 17, 3, 18], [4, 14, 5, 13], [18, 3, 19, 4], [14, 19, 15, 20], [12, 2, 13, 1], [10, 6, 11, 5], [22, 12, 1, 11]]"
11a_315_42,"[[22, 12, 1, 11], [16, 8, 17, 7], [6, 21, 7, 22], [20, 9, 21, 10], [8, 16, 9, 15], [2, 17, 3, 18], [4, 14, 5, 13], [18, 3, 19, 4], [14, 19, 15, 20], [12, 2, 13, 1], [10, 6, 11, 5]]"
11a_315_43,"[[10, 6, 11, 5], [22, 12, 1, 11], [16, 8, 17, 7], [6, 21, 7, 22], [20, 9, 21, 10], [8, 16, 9, 15], [2, 17, 3, 18], [4, 14, 5, 13], [18, 3, 19, 4], [14, 19, 15, 20], [12, 2, 13, 1]]"
11a_315_44,"[[13, 3, 14, 2], [11, 7, 12, 6], [1, 13, 2, 12], [17, 9, 18, 8], [7, 22, 8, 1], [21, 10, 22, 11], [9, 17, 10, 16], [3, 18, 4, 19], [5, 15, 6, 14], [19, 4, 20, 5], [15, 20, 16, 21]]"
11a_315_45,"[[15, 20, 16, 21], [13, 3, 14, 2], [11, 7, 12, 6], [1, 13, 2, 12], [17, 9, 18, 8], [7, 22, 8, 1], [21, 10, 22, 11], [9, 17, 10, 16], [3, 18, 4, 19], [5, 15, 6, 14], [19, 4, 20, 5]]"
11a_315_46,"[[19, 4, 20, 5], [15, 20, 16, 21], [13, 3, 14, 2], [11, 7, 12, 6], [1, 13, 2, 12], [17, 9, 18, 8], [7, 22, 8, 1], [21, 10, 22, 11], [9, 17, 10, 16], [3, 18, 4, 19], [5, 15, 6, 14]]"
11a_315_47,"[[5, 15, 6, 14], [19, 4, 20, 5], [15, 20, 16, 21], [13, 3, 14, 2], [11, 7, 12, 6], [1, 13, 2, 12], [17, 9, 18, 8], [7, 22, 8, 1], [21, 10, 22, 11], [9, 17, 10, 16], [3, 18, 4, 19]]"
11a_315_48,"[[3, 18, 4, 19], [5, 15, 6, 14], [19, 4, 20, 5], [15, 20, 16, 21], [13, 3, 14, 2], [11, 7, 12, 6], [1, 13, 2, 12], [17, 9, 18, 8], [7, 22, 8, 1], [21, 10, 22, 11], [9, 17, 10, 16]]"
11a_315_49,"[[9, 17, 10, 16], [3, 18, 4, 19], [5, 15, 6, 14], [19, 4, 20, 5], [15, 20, 16, 21], [13, 3, 14, 2], [11, 7, 12, 6], [1, 13, 2, 12], [17, 9, 18, 8], [7, 22, 8, 1], [21, 10, 22, 11]]"
11a_315_50,"[[21, 10, 22, 11], [9, 17, 10, 16], [3, 18, 4, 19], [5, 15, 6, 14], [19, 4, 20, 5], [15, 20, 16, 21], [13, 3, 14, 2], [11, 7, 12, 6], [1, 13, 2, 12], [17, 9, 18, 8], [7, 22, 8, 1]]"
11a_315_51,"[[7, 22, 8, 1], [21, 10, 22, 11], [9, 17, 10, 16], [3, 18, 4, 19], [5, 15, 6, 14], [19, 4, 20, 5], [15, 20, 16, 21], [13, 3, 14, 2], [11, 7, 12, 6], [1, 13, 2, 12], [17, 9, 18, 8]]"
11a_315_52,"[[17, 9, 18, 8], [7, 22, 8, 1], [21, 10, 22, 11], [9, 17, 10, 16], [3, 18, 4, 19], [5, 15, 6, 14], [19, 4, 20, 5], [15, 20, 16, 21], [13, 3, 14, 2], [11, 7, 12, 6], [1, 13, 2, 12]]"
11a_315_53,"[[1, 13, 2, 12], [17, 9, 18, 8], [7, 22, 8, 1], [21, 10, 22, 11], [9, 17, 10, 16], [3, 18, 4, 19], [5, 15, 6, 14], [19, 4, 20, 5], [15, 20, 16, 21], [13, 3, 14, 2], [11, 7, 12, 6]]"
11a_315_54,"[[11, 7, 12, 6], [1, 13, 2, 12], [17, 9, 18, 8], [7, 22, 8, 1], [21, 10, 22, 11], [9, 17, 10, 16], [3, 18, 4, 19], [5, 15, 6, 14], [19, 4, 20, 5], [15, 20, 16, 21], [13, 3, 14, 2]]"
11a_315_55,"[[14, 4, 15, 3], [12, 8, 13, 7], [2, 14, 3, 13], [18, 10, 19, 9], [8, 1, 9, 2], [22, 11, 1, 12], [10, 18, 11, 17], [4, 19, 5, 20], [6, 16, 7, 15], [20, 5, 21, 6], [16, 21, 17, 22]]"
11a_315_56,"[[16, 21, 17, 22], [14, 4, 15, 3], [12, 8, 13, 7], [2, 14, 3, 13], [18, 10, 19, 9], [8, 1, 9, 2], [22, 11, 1, 12], [10, 18, 11, 17], [4, 19, 5, 20], [6, 16, 7, 15], [20, 5, 21, 6]]"
11a_315_57,"[[20, 5, 21, 6], [16, 21, 17, 22], [14, 4, 15, 3], [12, 8, 13, 7], [2, 14, 3, 13], [18, 10, 19, 9], [8, 1, 9, 2], [22, 11, 1, 12], [10, 18, 11, 17], [4, 19, 5, 20], [6, 16, 7, 15]]"
11a_315_58,"[[6, 16, 7, 15], [20, 5, 21, 6], [16, 21, 17, 22], [14, 4, 15, 3], [12, 8, 13, 7], [2, 14, 3, 13], [18, 10, 19, 9], [8, 1, 9, 2], [22, 11, 1, 12], [10, 18, 11, 17], [4, 19, 5, 20]]"
11a_315_59,"[[4, 19, 5, 20], [6, 16, 7, 15], [20, 5, 21, 6], [16, 21, 17, 22], [14, 4, 15, 3], [12, 8, 13, 7], [2, 14, 3, 13], [18, 10, 19, 9], [8, 1, 9, 2], [22, 11, 1, 12], [10, 18, 11, 17]]"
11a_315_60,"[[10, 18, 11, 17], [4, 19, 5, 20], [6, 16, 7, 15], [20, 5, 21, 6], [16, 21, 17, 22], [14, 4, 15, 3], [12, 8, 13, 7], [2, 14, 3, 13], [18, 10, 19, 9], [8, 1, 9, 2], [22, 11, 1, 12]]"
11a_315_61,"[[22, 11, 1, 12], [10, 18, 11, 17], [4, 19, 5, 20], [6, 16, 7, 15], [20, 5, 21, 6], [16, 21, 17, 22], [14, 4, 15, 3], [12, 8, 13, 7], [2, 14, 3, 13], [18, 10, 19, 9], [8, 1, 9, 2]]"
11a_315_62,"[[8, 1, 9, 2], [22, 11, 1, 12], [10, 18, 11, 17], [4, 19, 5, 20], [6, 16, 7, 15], [20, 5, 21, 6], [16, 21, 17, 22], [14, 4, 15, 3], [12, 8, 13, 7], [2, 14, 3, 13], [18, 10, 19, 9]]"
11a_315_63,"[[18, 10, 19, 9], [8, 1, 9, 2], [22, 11, 1, 12], [10, 18, 11, 17], [4, 19, 5, 20], [6, 16, 7, 15], [20, 5, 21, 6], [16, 21, 17, 22], [14, 4, 15, 3], [12, 8, 13, 7], [2, 14, 3, 13]]"
11a_315_64,"[[2, 14, 3, 13], [18, 10, 19, 9], [8, 1, 9, 2], [22, 11, 1, 12], [10, 18, 11, 17], [4, 19, 5, 20], [6, 16, 7, 15], [20, 5, 21, 6], [16, 21, 17, 22], [14, 4, 15, 3], [12, 8, 13, 7]]"
11a_315_65,"[[12, 8, 13, 7], [2, 14, 3, 13], [18, 10, 19, 9], [8, 1, 9, 2], [22, 11, 1, 12], [10, 18, 11, 17], [4, 19, 5, 20], [6, 16, 7, 15], [20, 5, 21, 6], [16, 21, 17, 22], [14, 4, 15, 3]]"
11a_315_66,"[[15, 5, 16, 4], [13, 9, 14, 8], [3, 15, 4, 14], [19, 11, 20, 10], [9, 2, 10, 3], [1, 12, 2, 13], [11, 19, 12, 18], [5, 20, 6, 21], [7, 17, 8, 16], [21, 6, 22, 7], [17, 22, 18, 1]]"
11a_315_67,"[[17, 22, 18, 1], [15, 5, 16, 4], [13, 9, 14, 8], [3, 15, 4, 14], [19, 11, 20, 10], [9, 2, 10, 3], [1, 12, 2, 13], [11, 19, 12, 18], [5, 20, 6, 21], [7, 17, 8, 16], [21, 6, 22, 7]]"
11a_315_68,"[[21, 6, 22, 7], [17, 22, 18, 1], [15, 5, 16, 4], [13, 9, 14, 8], [3, 15, 4, 14], [19, 11, 20, 10], [9, 2, 10, 3], [1, 12, 2, 13], [11, 19, 12, 18], [5, 20, 6, 21], [7, 17, 8, 16]]"
11a_315_69,"[[7, 17, 8, 16], [21, 6, 22, 7], [17, 22, 18, 1], [15, 5, 16, 4], [13, 9, 14, 8], [3, 15, 4, 14], [19, 11, 20, 10], [9, 2, 10, 3], [1, 12, 2, 13], [11, 19, 12, 18], [5, 20, 6, 21]]"
11a_315_70,"[[5, 20, 6, 21], [7, 17, 8, 16], [21, 6, 22, 7], [17, 22, 18, 1], [15, 5, 16, 4], [13, 9, 14, 8], [3, 15, 4, 14], [19, 11, 20, 10], [9, 2, 10, 3], [1, 12, 2, 13], [11, 19, 12, 18]]"
11a_315_71,"[[11, 19, 12, 18], [5, 20, 6, 21], [7, 17, 8, 16], [21, 6, 22, 7], [17, 22, 18, 1], [15, 5, 16, 4], [13, 9, 14, 8], [3, 15, 4, 14], [19, 11, 20, 10], [9, 2, 10, 3], [1, 12, 2, 13]]"
11a_315_72,"[[1, 12, 2, 13], [11, 19, 12, 18], [5, 20, 6, 21], [7, 17, 8, 16], [21, 6, 22, 7], [17, 22, 18, 1], [15, 5, 16, 4], [13, 9, 14, 8], [3, 15, 4, 14], [19, 11, 20, 10], [9, 2, 10, 3]]"
11a_315_73,"[[9, 2, 10, 3], [1, 12, 2, 13], [11, 19, 12, 18], [5, 20, 6, 21], [7, 17, 8, 16], [21, 6, 22, 7], [17, 22, 18, 1], [15, 5, 16, 4], [13, 9, 14, 8], [3, 15, 4, 14], [19, 11, 20, 10]]"
11a_315_74,"[[19, 11, 20, 10], [9, 2, 10, 3], [1, 12, 2, 13], [11, 19, 12, 18], [5, 20, 6, 21], [7, 17, 8, 16], [21, 6, 22, 7], [17, 22, 18, 1], [15, 5, 16, 4], [13, 9, 14, 8], [3, 15, 4, 14]]"
11a_315_75,"[[3, 15, 4, 14], [19, 11, 20, 10], [9, 2, 10, 3], [1, 12, 2, 13], [11, 19, 12, 18], [5, 20, 6, 21], [7, 17, 8, 16], [21, 6, 22, 7], [17, 22, 18, 1], [15, 5, 16, 4], [13, 9, 14, 8]]"
11a_315_76,"[[13, 9, 14, 8], [3, 15, 4, 14], [19, 11, 20, 10], [9, 2, 10, 3], [1, 12, 2, 13], [11, 19, 12, 18], [5, 20, 6, 21], [7, 17, 8, 16], [21, 6, 22, 7], [17, 22, 18, 1], [15, 5, 16, 4]]"
11a_315_77,"[[16, 6, 17, 5], [14, 10, 15, 9], [4, 16, 5, 15], [20, 12, 21, 11], [10, 3, 11, 4], [2, 13, 3, 14], [12, 20, 13, 19], [6, 21, 7, 22], [8, 18, 9, 17], [22, 7, 1, 8], [18, 1, 19, 2]]"
11a_315_78,"[[18, 1, 19, 2], [16, 6, 17, 5], [14, 10, 15, 9], [4, 16, 5, 15], [20, 12, 21, 11], [10, 3, 11, 4], [2, 13, 3, 14], [12, 20, 13, 19], [6, 21, 7, 22], [8, 18, 9, 17], [22, 7, 1, 8]]"
11a_315_79,"[[22, 7, 1, 8], [18, 1, 19, 2], [16, 6, 17, 5], [14, 10, 15, 9], [4, 16, 5, 15], [20, 12, 21, 11], [10, 3, 11, 4], [2, 13, 3, 14], [12, 20, 13, 19], [6, 21, 7, 22], [8, 18, 9, 17]]"
11a_315_80,"[[8, 18, 9, 17], [22, 7, 1, 8], [18, 1, 19, 2], [16, 6, 17, 5], [14, 10, 15, 9], [4, 16, 5, 15], [20, 12, 21, 11], [10, 3, 11, 4], [2, 13, 3, 14], [12, 20, 13, 19], [6, 21, 7, 22]]"
11a_315_81,"[[6, 21, 7, 22], [8, 18, 9, 17], [22, 7, 1, 8], [18, 1, 19, 2], [16, 6, 17, 5], [14, 10, 15, 9], [4, 16, 5, 15], [20, 12, 21, 11], [10, 3, 11, 4], [2, 13, 3, 14], [12, 20, 13, 19]]"
11a_315_82,"[[12, 20, 13, 19], [6, 21, 7, 22], [8, 18, 9, 17], [22, 7, 1, 8], [18, 1, 19, 2], [16, 6, 17, 5], [14, 10, 15, 9], [4, 16, 5, 15], [20, 12, 21, 11], [10, 3, 11, 4], [2, 13, 3, 14]]"
11a_315_83,"[[2, 13, 3, 14], [12, 20, 13, 19], [6, 21, 7, 22], [8, 18, 9, 17], [22, 7, 1, 8], [18, 1, 19, 2], [16, 6, 17, 5], [14, 10, 15, 9], [4, 16, 5, 15], [20, 12, 21, 11], [10, 3, 11, 4]]"
11a_315_84,"[[10, 3, 11, 4], [2, 13, 3, 14], [12, 20, 13, 19], [6, 21, 7, 22], [8, 18, 9, 17], [22, 7, 1, 8], [18, 1, 19, 2], [16, 6, 17, 5], [14, 10, 15, 9], [4, 16, 5, 15], [20, 12, 21, 11]]"
11a_315_85,"[[20, 12, 21, 11], [10, 3, 11, 4], [2, 13, 3, 14], [12, 20, 13, 19], [6, 21, 7, 22], [8, 18, 9, 17], [22, 7, 1, 8], [18, 1, 19, 2], [16, 6, 17, 5], [14, 10, 15, 9], [4, 16, 5, 15]]"
11a_315_86,"[[4, 16, 5, 15], [20, 12, 21, 11], [10, 3, 11, 4], [2, 13, 3, 14], [12, 20, 13, 19], [6, 21, 7, 22], [8, 18, 9, 17], [22, 7, 1, 8], [18, 1, 19, 2], [16, 6, 17, 5], [14, 10, 15, 9]]"
11a_315_87,"[[14, 10, 15, 9], [4, 16, 5, 15], [20, 12, 21, 11], [10, 3, 11, 4], [2, 13, 3, 14], [12, 20, 13, 19], [6, 21, 7, 22], [8, 18, 9, 17], [22, 7, 1, 8], [18, 1, 19, 2], [16, 6, 17, 5]]"
11a_315_88,"[[17, 7, 18, 6], [15, 11, 16, 10], [5, 17, 6, 16], [21, 13, 22, 12], [11, 4, 12, 5], [3, 14, 4, 15], [13, 21, 14, 20], [7, 22, 8, 1], [9, 19, 10, 18], [1, 8, 2, 9], [19, 2, 20, 3]]"
11a_315_89,"[[19, 2, 20, 3], [17, 7, 18, 6], [15, 11, 16, 10], [5, 17, 6, 16], [21, 13, 22, 12], [11, 4, 12, 5], [3, 14, 4, 15], [13, 21, 14, 20], [7, 22, 8, 1], [9, 19, 10, 18], [1, 8, 2, 9]]"
11a_315_90,"[[1, 8, 2, 9], [19, 2, 20, 3], [17, 7, 18, 6], [15, 11, 16, 10], [5, 17, 6, 16], [21, 13, 22, 12], [11, 4, 12, 5], [3, 14, 4, 15], [13, 21, 14, 20], [7, 22, 8, 1], [9, 19, 10, 18]]"
11a_315_91,"[[9, 19, 10, 18], [1, 8, 2, 9], [19, 2, 20, 3], [17, 7, 18, 6], [15, 11, 16, 10], [5, 17, 6, 16], [21, 13, 22, 12], [11, 4, 12, 5], [3, 14, 4, 15], [13, 21, 14, 20], [7, 22, 8, 1]]"
11a_315_92,"[[7, 22, 8, 1], [9, 19, 10, 18], [1, 8, 2, 9], [19, 2, 20, 3], [17, 7, 18, 6], [15, 11, 16, 10], [5, 17, 6, 16], [21, 13, 22, 12], [11, 4, 12, 5], [3, 14, 4, 15], [13, 21, 14, 20]]"
11a_315_93,"[[13, 21, 14, 20], [7, 22, 8, 1], [9, 19, 10, 18], [1, 8, 2, 9], [19, 2, 20, 3], [17, 7, 18, 6], [15, 11, 16, 10], [5, 17, 6, 16], [21, 13, 22, 12], [11, 4, 12, 5], [3, 14, 4, 15]]"
11a_315_94,"[[3, 14, 4, 15], [13, 21, 14, 20], [7, 22, 8, 1], [9, 19, 10, 18], [1, 8, 2, 9], [19, 2, 20, 3], [17, 7, 18, 6], [15, 11, 16, 10], [5, 17, 6, 16], [21, 13, 22, 12], [11, 4, 12, 5]]"
11a_315_95,"[[11, 4, 12, 5], [3, 14, 4, 15], [13, 21, 14, 20], [7, 22, 8, 1], [9, 19, 10, 18], [1, 8, 2, 9], [19, 2, 20, 3], [17, 7, 18, 6], [15, 11, 16, 10], [5, 17, 6, 16], [21, 13, 22, 12]]"
11a_315_96,"[[21, 13, 22, 12], [11, 4, 12, 5], [3, 14, 4, 15], [13, 21, 14, 20], [7, 22, 8, 1], [9, 19, 10, 18], [1, 8, 2, 9], [19, 2, 20, 3], [17, 7, 18, 6], [15, 11, 16, 10], [5, 17, 6, 16]]"
11a_315_97,"[[5, 17, 6, 16], [21, 13, 22, 12], [11, 4, 12, 5], [3, 14, 4, 15], [13, 21, 14, 20], [7, 22, 8, 1], [9, 19, 10, 18], [1, 8, 2, 9], [19, 2, 20, 3], [17, 7, 18, 6], [15, 11, 16, 10]]"
11a_315_98,"[[15, 11, 16, 10], [5, 17, 6, 16], [21, 13, 22, 12], [11, 4, 12, 5], [3, 14, 4, 15], [13, 21, 14, 20], [7, 22, 8, 1], [9, 19, 10, 18], [1, 8, 2, 9], [19, 2, 20, 3], [17, 7, 18, 6]]"
11a_315_99,"[[18, 8, 19, 7], [16, 12, 17, 11], [6, 18, 7, 17], [22, 14, 1, 13], [12, 5, 13, 6], [4, 15, 5, 16], [14, 22, 15, 21], [8, 1, 9, 2], [10, 20, 11, 19], [2, 9, 3, 10], [20, 3, 21, 4]]"
11a_315_100,"[[20, 3, 21, 4], [18, 8, 19, 7], [16, 12, 17, 11], [6, 18, 7, 17], [22, 14, 1, 13], [12, 5, 13, 6], [4, 15, 5, 16], [14, 22, 15, 21], [8, 1, 9, 2], [10, 20, 11, 19], [2, 9, 3, 10]]"
11a_315_101,"[[2, 9, 3, 10], [20, 3, 21, 4], [18, 8, 19, 7], [16, 12, 17, 11], [6, 18, 7, 17], [22, 14, 1, 13], [12, 5, 13, 6], [4, 15, 5, 16], [14, 22, 15, 21], [8, 1, 9, 2], [10, 20, 11, 19]]"
11a_315_102,"[[10, 20, 11, 19], [2, 9, 3, 10], [20, 3, 21, 4], [18, 8, 19, 7], [16, 12, 17, 11], [6, 18, 7, 17], [22, 14, 1, 13], [12, 5, 13, 6], [4, 15, 5, 16], [14, 22, 15, 21], [8, 1, 9, 2]]"
11a_315_103,"[[8, 1, 9, 2], [10, 20, 11, 19], [2, 9, 3, 10], [20, 3, 21, 4], [18, 8, 19, 7], [16, 12, 17, 11], [6, 18, 7, 17], [22, 14, 1, 13], [12, 5, 13, 6], [4, 15, 5, 16], [14, 22, 15, 21]]"
11a_315_104,"[[14, 22, 15, 21], [8, 1, 9, 2], [10, 20, 11, 19], [2, 9, 3, 10], [20, 3, 21, 4], [18, 8, 19, 7], [16, 12, 17, 11], [6, 18, 7, 17], [22, 14, 1, 13], [12, 5, 13, 6], [4, 15, 5, 16]]"
11a_315_105,"[[4, 15, 5, 16], [14, 22, 15, 21], [8, 1, 9, 2], [10, 20, 11, 19], [2, 9, 3, 10], [20, 3, 21, 4], [18, 8, 19, 7], [16, 12, 17, 11], [6, 18, 7, 17], [22, 14, 1, 13], [12, 5, 13, 6]]"
11a_315_106,"[[12, 5, 13, 6], [4, 15, 5, 16], [14, 22, 15, 21], [8, 1, 9, 2], [10, 20, 11, 19], [2, 9, 3, 10], [20, 3, 21, 4], [18, 8, 19, 7], [16, 12, 17, 11], [6, 18, 7, 17], [22, 14, 1, 13]]"
11a_315_107,"[[22, 14, 1, 13], [12, 5, 13, 6], [4, 15, 5, 16], [14, 22, 15, 21], [8, 1, 9, 2], [10, 20, 11, 19], [2, 9, 3, 10], [20, 3, 21, 4], [18, 8, 19, 7], [16, 12, 17, 11], [6, 18, 7, 17]]"
11a_315_108,"[[6, 18, 7, 17], [22, 14, 1, 13], [12, 5, 13, 6], [4, 15, 5, 16], [14, 22, 15, 21], [8, 1, 9, 2], [10, 20, 11, 19], [2, 9, 3, 10], [20, 3, 21, 4], [18, 8, 19, 7], [16, 12, 17, 11]]"
11a_315_109,"[[16, 12, 17, 11], [6, 18, 7, 17], [22, 14, 1, 13], [12, 5, 13, 6], [4, 15, 5, 16], [14, 22, 15, 21], [8, 1, 9, 2], [10, 20, 11, 19], [2, 9, 3, 10], [20, 3, 21, 4], [18, 8, 19, 7]]"
11a_315_110,"[[19, 9, 20, 8], [17, 13, 18, 12], [7, 19, 8, 18], [1, 15, 2, 14], [13, 6, 14, 7], [5, 16, 6, 17], [15, 1, 16, 22], [9, 2, 10, 3], [11, 21, 12, 20], [3, 10, 4, 11], [21, 4, 22, 5]]"
11a_315_111,"[[21, 4, 22, 5], [19, 9, 20, 8], [17, 13, 18, 12], [7, 19, 8, 18], [1, 15, 2, 14], [13, 6, 14, 7], [5, 16, 6, 17], [15, 1, 16, 22], [9, 2, 10, 3], [11, 21, 12, 20], [3, 10, 4, 11]]"
11a_315_112,"[[3, 10, 4, 11], [21, 4, 22, 5], [19, 9, 20, 8], [17, 13, 18, 12], [7, 19, 8, 18], [1, 15, 2, 14], [13, 6, 14, 7], [5, 16, 6, 17], [15, 1, 16, 22], [9, 2, 10, 3], [11, 21, 12, 20]]"
11a_315_113,"[[11, 21, 12, 20], [3, 10, 4, 11], [21, 4, 22, 5], [19, 9, 20, 8], [17, 13, 18, 12], [7, 19, 8, 18], [1, 15, 2, 14], [13, 6, 14, 7], [5, 16, 6, 17], [15, 1, 16, 22], [9, 2, 10, 3]]"
11a_315_114,"[[9, 2, 10, 3], [11, 21, 12, 20], [3, 10, 4, 11], [21, 4, 22, 5], [19, 9, 20, 8], [17, 13, 18, 12], [7, 19, 8, 18], [1, 15, 2, 14], [13, 6, 14, 7], [5, 16, 6, 17], [15, 1, 16, 22]]"
11a_315_115,"[[15, 1, 16, 22], [9, 2, 10, 3], [11, 21, 12, 20], [3, 10, 4, 11], [21, 4, 22, 5], [19, 9, 20, 8], [17, 13, 18, 12], [7, 19, 8, 18], [1, 15, 2, 14], [13, 6, 14, 7], [5, 16, 6, 17]]"
11a_315_116,"[[5, 16, 6, 17], [15, 1, 16, 22], [9, 2, 10, 3], [11, 21, 12, 20], [3, 10, 4, 11], [21, 4, 22, 5], [19, 9, 20, 8], [17, 13, 18, 12], [7, 19, 8, 18], [1, 15, 2, 14], [13, 6, 14, 7]]"
11a_315_117,"[[13, 6, 14, 7], [5, 16, 6, 17], [15, 1, 16, 22], [9, 2, 10, 3], [11, 21, 12, 20], [3, 10, 4, 11], [21, 4, 22, 5], [19, 9, 20, 8], [17, 13, 18, 12], [7, 19, 8, 18], [1, 15, 2, 14]]"
11a_315_118,"[[1, 15, 2, 14], [13, 6, 14, 7], [5, 16, 6, 17], [15, 1, 16, 22], [9, 2, 10, 3], [11, 21, 12, 20], [3, 10, 4, 11], [21, 4, 22, 5], [19, 9, 20, 8], [17, 13, 18, 12], [7, 19, 8, 18]]"
11a_315_119,"[[7, 19, 8, 18], [1, 15, 2, 14], [13, 6, 14, 7], [5, 16, 6, 17], [15, 1, 16, 22], [9, 2, 10, 3], [11, 21, 12, 20], [3, 10, 4, 11], [21, 4, 22, 5], [19, 9, 20, 8], [17, 13, 18, 12]]"
11a_315_120,"[[17, 13, 18, 12], [7, 19, 8, 18], [1, 15, 2, 14], [13, 6, 14, 7], [5, 16, 6, 17], [15, 1, 16, 22], [9, 2, 10, 3], [11, 21, 12, 20], [3, 10, 4, 11], [21, 4, 22, 5], [19, 9, 20, 8]]"
11a_315_121,"[[20, 10, 21, 9], [18, 14, 19, 13], [8, 20, 9, 19], [2, 16, 3, 15], [14, 7, 15, 8], [6, 17, 7, 18], [16, 2, 17, 1], [10, 3, 11, 4], [12, 22, 13, 21], [4, 11, 5, 12], [22, 5, 1, 6]]"
11a_315_122,"[[22, 5, 1, 6], [20, 10, 21, 9], [18, 14, 19, 13], [8, 20, 9, 19], [2, 16, 3, 15], [14, 7, 15, 8], [6, 17, 7, 18], [16, 2, 17, 1], [10, 3, 11, 4], [12, 22, 13, 21], [4, 11, 5, 12]]"
11a_315_123,"[[4, 11, 5, 12], [22, 5, 1, 6], [20, 10, 21, 9], [18, 14, 19, 13], [8, 20, 9, 19], [2, 16, 3, 15], [14, 7, 15, 8], [6, 17, 7, 18], [16, 2, 17, 1], [10, 3, 11, 4], [12, 22, 13, 21]]"
11a_315_124,"[[12, 22, 13, 21], [4, 11, 5, 12], [22, 5, 1, 6], [20, 10, 21, 9], [18, 14, 19, 13], [8, 20, 9, 19], [2, 16, 3, 15], [14, 7, 15, 8], [6, 17, 7, 18], [16, 2, 17, 1], [10, 3, 11, 4]]"
11a_315_125,"[[10, 3, 11, 4], [12, 22, 13, 21], [4, 11, 5, 12], [22, 5, 1, 6], [20, 10, 21, 9], [18, 14, 19, 13], [8, 20, 9, 19], [2, 16, 3, 15], [14, 7, 15, 8], [6, 17, 7, 18], [16, 2, 17, 1]]"
11a_315_126,"[[16, 2, 17, 1], [10, 3, 11, 4], [12, 22, 13, 21], [4, 11, 5, 12], [22, 5, 1, 6], [20, 10, 21, 9], [18, 14, 19, 13], [8, 20, 9, 19], [2, 16, 3, 15], [14, 7, 15, 8], [6, 17, 7, 18]]"
11a_315_127,"[[6, 17, 7, 18], [16, 2, 17, 1], [10, 3, 11, 4], [12, 22, 13, 21], [4, 11, 5, 12], [22, 5, 1, 6], [20, 10, 21, 9], [18, 14, 19, 13], [8, 20, 9, 19], [2, 16, 3, 15], [14, 7, 15, 8]]"
11a_315_128,"[[14, 7, 15, 8], [6, 17, 7, 18], [16, 2, 17, 1], [10, 3, 11, 4], [12, 22, 13, 21], [4, 11, 5, 12], [22, 5, 1, 6], [20, 10, 21, 9], [18, 14, 19, 13], [8, 20, 9, 19], [2, 16, 3, 15]]"
11a_315_129,"[[2, 16, 3, 15], [14, 7, 15, 8], [6, 17, 7, 18], [16, 2, 17, 1], [10, 3, 11, 4], [12, 22, 13, 21], [4, 11, 5, 12], [22, 5, 1, 6], [20, 10, 21, 9], [18, 14, 19, 13], [8, 20, 9, 19]]"
11a_315_130,"[[8, 20, 9, 19], [2, 16, 3, 15], [14, 7, 15, 8], [6, 17, 7, 18], [16, 2, 17, 1], [10, 3, 11, 4], [12, 22, 13, 21], [4, 11, 5, 12], [22, 5, 1, 6], [20, 10, 21, 9], [18, 14, 19, 13]]"
11a_315_131,"[[18, 14, 19, 13], [8, 20, 9, 19], [2, 16, 3, 15], [14, 7, 15, 8], [6, 17, 7, 18], [16, 2, 17, 1], [10, 3, 11, 4], [12, 22, 13, 21], [4, 11, 5, 12], [22, 5, 1, 6], [20, 10, 21, 9]]"
11a_315_132,"[[21, 11, 22, 10], [19, 15, 20, 14], [9, 21, 10, 20], [3, 17, 4, 16], [15, 8, 16, 9], [7, 18, 8, 19], [17, 3, 18, 2], [11, 4, 12, 5], [13, 1, 14, 22], [5, 12, 6, 13], [1, 6, 2, 7]]"
11a_315_133,"[[1, 6, 2, 7], [21, 11, 22, 10], [19, 15, 20, 14], [9, 21, 10, 20], [3, 17, 4, 16], [15, 8, 16, 9], [7, 18, 8, 19], [17, 3, 18, 2], [11, 4, 12, 5], [13, 1, 14, 22], [5, 12, 6, 13]]"
11a_315_134,"[[5, 12, 6, 13], [1, 6, 2, 7], [21, 11, 22, 10], [19, 15, 20, 14], [9, 21, 10, 20], [3, 17, 4, 16], [15, 8, 16, 9], [7, 18, 8, 19], [17, 3, 18, 2], [11, 4, 12, 5], [13, 1, 14, 22]]"
11a_315_135,"[[13, 1, 14, 22], [5, 12, 6, 13], [1, 6, 2, 7], [21, 11, 22, 10], [19, 15, 20, 14], [9, 21, 10, 20], [3, 17, 4, 16], [15, 8, 16, 9], [7, 18, 8, 19], [17, 3, 18, 2], [11, 4, 12, 5]]"
11a_315_136,"[[11, 4, 12, 5], [13, 1, 14, 22], [5, 12, 6, 13], [1, 6, 2, 7], [21, 11, 22, 10], [19, 15, 20, 14], [9, 21, 10, 20], [3, 17, 4, 16], [15, 8, 16, 9], [7, 18, 8, 19], [17, 3, 18, 2]]"
11a_315_137,"[[17, 3, 18, 2], [11, 4, 12, 5], [13, 1, 14, 22], [5, 12, 6, 13], [1, 6, 2, 7], [21, 11, 22, 10], [19, 15, 20, 14], [9, 21, 10, 20], [3, 17, 4, 16], [15, 8, 16, 9], [7, 18, 8, 19]]"
11a_315_138,"[[7, 18, 8, 19], [17, 3, 18, 2], [11, 4, 12, 5], [13, 1, 14, 22], [5, 12, 6, 13], [1, 6, 2, 7], [21, 11, 22, 10], [19, 15, 20, 14], [9, 21, 10, 20], [3, 17, 4, 16], [15, 8, 16, 9]]"
11a_315_139,"[[15, 8, 16, 9], [7, 18, 8, 19], [17, 3, 18, 2], [11, 4, 12, 5], [13, 1, 14, 22], [5, 12, 6, 13], [1, 6, 2, 7], [21, 11, 22, 10], [19, 15, 20, 14], [9, 21, 10, 20], [3, 17, 4, 16]]"
11a_315_140,"[[3, 17, 4, 16], [15, 8, 16, 9], [7, 18, 8, 19], [17, 3, 18, 2], [11, 4, 12, 5], [13, 1, 14, 22], [5, 12, 6, 13], [1, 6, 2, 7], [21, 11, 22, 10], [19, 15, 20, 14], [9, 21, 10, 20]]"
11a_315_141,"[[9, 21, 10, 20], [3, 17, 4, 16], [15, 8, 16, 9], [7, 18, 8, 19], [17, 3, 18, 2], [11, 4, 12, 5], [13, 1, 14, 22], [5, 12, 6, 13], [1, 6, 2, 7], [21, 11, 22, 10], [19, 15, 20, 14]]"
11a_315_142,"[[19, 15, 20, 14], [9, 21, 10, 20], [3, 17, 4, 16], [15, 8, 16, 9], [7, 18, 8, 19], [17, 3, 18, 2], [11, 4, 12, 5], [13, 1, 14, 22], [5, 12, 6, 13], [1, 6, 2, 7], [21, 11, 22, 10]]"
11a_315_143,"[[22, 12, 1, 11], [20, 16, 21, 15], [10, 22, 11, 21], [4, 18, 5, 17], [16, 9, 17, 10], [8, 19, 9, 20], [18, 4, 19, 3], [12, 5, 13, 6], [14, 2, 15, 1], [6, 13, 7, 14], [2, 7, 3, 8]]"
11a_315_144,"[[2, 7, 3, 8], [22, 12, 1, 11], [20, 16, 21, 15], [10, 22, 11, 21], [4, 18, 5, 17], [16, 9, 17, 10], [8, 19, 9, 20], [18, 4, 19, 3], [12, 5, 13, 6], [14, 2, 15, 1], [6, 13, 7, 14]]"
11a_315_145,"[[6, 13, 7, 14], [2, 7, 3, 8], [22, 12, 1, 11], [20, 16, 21, 15], [10, 22, 11, 21], [4, 18, 5, 17], [16, 9, 17, 10], [8, 19, 9, 20], [18, 4, 19, 3], [12, 5, 13, 6], [14, 2, 15, 1]]"
11a_315_146,"[[14, 2, 15, 1], [6, 13, 7, 14], [2, 7, 3, 8], [22, 12, 1, 11], [20, 16, 21, 15], [10, 22, 11, 21], [4, 18, 5, 17], [16, 9, 17, 10], [8, 19, 9, 20], [18, 4, 19, 3], [12, 5, 13, 6]]"
11a_315_147,"[[12, 5, 13, 6], [14, 2, 15, 1], [6, 13, 7, 14], [2, 7, 3, 8], [22, 12, 1, 11], [20, 16, 21, 15], [10, 22, 11, 21], [4, 18, 5, 17], [16, 9, 17, 10], [8, 19, 9, 20], [18, 4, 19, 3]]"
11a_315_148,"[[18, 4, 19, 3], [12, 5, 13, 6], [14, 2, 15, 1], [6, 13, 7, 14], [2, 7, 3, 8], [22, 12, 1, 11], [20, 16, 21, 15], [10, 22, 11, 21], [4, 18, 5, 17], [16, 9, 17, 10], [8, 19, 9, 20]]"
11a_315_149,"[[8, 19, 9, 20], [18, 4, 19, 3], [12, 5, 13, 6], [14, 2, 15, 1], [6, 13, 7, 14], [2, 7, 3, 8], [22, 12, 1, 11], [20, 16, 21, 15], [10, 22, 11, 21], [4, 18, 5, 17], [16, 9, 17, 10]]"
11a_315_150,"[[16, 9, 17, 10], [8, 19, 9, 20], [18, 4, 19, 3], [12, 5, 13, 6], [14, 2, 15, 1], [6, 13, 7, 14], [2, 7, 3, 8], [22, 12, 1, 11], [20, 16, 21, 15], [10, 22, 11, 21], [4, 18, 5, 17]]"
11a_315_151,"[[4, 18, 5, 17], [16, 9, 17, 10], [8, 19, 9, 20], [18, 4, 19, 3], [12, 5, 13, 6], [14, 2, 15, 1], [6, 13, 7, 14], [2, 7, 3, 8], [22, 12, 1, 11], [20, 16, 21, 15], [10, 22, 11, 21]]"
11a_315_152,"[[10, 22, 11, 21], [4, 18, 5, 17], [16, 9, 17, 10], [8, 19, 9, 20], [18, 4, 19, 3], [12, 5, 13, 6], [14, 2, 15, 1], [6, 13, 7, 14], [2, 7, 3, 8], [22, 12, 1, 11], [20, 16, 21, 15]]"
11a_315_153,"[[20, 16, 21, 15], [10, 22, 11, 21], [4, 18, 5, 17], [16, 9, 17, 10], [8, 19, 9, 20], [18, 4, 19, 3], [12, 5, 13, 6], [14, 2, 15, 1], [6, 13, 7, 14], [2, 7, 3, 8], [22, 12, 1, 11]]"
11a_315_154,"[[1, 13, 2, 12], [21, 17, 22, 16], [11, 1, 12, 22], [5, 19, 6, 18], [17, 10, 18, 11], [9, 20, 10, 21], [19, 5, 20, 4], [13, 6, 14, 7], [15, 3, 16, 2], [7, 14, 8, 15], [3, 8, 4, 9]]"
11a_315_155,"[[3, 8, 4, 9], [1, 13, 2, 12], [21, 17, 22, 16], [11, 1, 12, 22], [5, 19, 6, 18], [17, 10, 18, 11], [9, 20, 10, 21], [19, 5, 20, 4], [13, 6, 14, 7], [15, 3, 16, 2], [7, 14, 8, 15]]"
11a_315_156,"[[7, 14, 8, 15], [3, 8, 4, 9], [1, 13, 2, 12], [21, 17, 22, 16], [11, 1, 12, 22], [5, 19, 6, 18], [17, 10, 18, 11], [9, 20, 10, 21], [19, 5, 20, 4], [13, 6, 14, 7], [15, 3, 16, 2]]"
11a_315_157,"[[15, 3, 16, 2], [7, 14, 8, 15], [3, 8, 4, 9], [1, 13, 2, 12], [21, 17, 22, 16], [11, 1, 12, 22], [5, 19, 6, 18], [17, 10, 18, 11], [9, 20, 10, 21], [19, 5, 20, 4], [13, 6, 14, 7]]"
11a_315_158,"[[13, 6, 14, 7], [15, 3, 16, 2], [7, 14, 8, 15], [3, 8, 4, 9], [1, 13, 2, 12], [21, 17, 22, 16], [11, 1, 12, 22], [5, 19, 6, 18], [17, 10, 18, 11], [9, 20, 10, 21], [19, 5, 20, 4]]"
11a_315_159,"[[19, 5, 20, 4], [13, 6, 14, 7], [15, 3, 16, 2], [7, 14, 8, 15], [3, 8, 4, 9], [1, 13, 2, 12], [21, 17, 22, 16], [11, 1, 12, 22], [5, 19, 6, 18], [17, 10, 18, 11], [9, 20, 10, 21]]"
11a_315_160,"[[9, 20, 10, 21], [19, 5, 20, 4], [13, 6, 14, 7], [15, 3, 16, 2], [7, 14, 8, 15], [3, 8, 4, 9], [1, 13, 2, 12], [21, 17, 22, 16], [11, 1, 12, 22], [5, 19, 6, 18], [17, 10, 18, 11]]"
11a_315_161,"[[17, 10, 18, 11], [9, 20, 10, 21], [19, 5, 20, 4], [13, 6, 14, 7], [15, 3, 16, 2], [7, 14, 8, 15], [3, 8, 4, 9], [1, 13, 2, 12], [21, 17, 22, 16], [11, 1, 12, 22], [5, 19, 6, 18]]"
11a_315_162,"[[5, 19, 6, 18], [17, 10, 18, 11], [9, 20, 10, 21], [19, 5, 20, 4], [13, 6, 14, 7], [15, 3, 16, 2], [7, 14, 8, 15], [3, 8, 4, 9], [1, 13, 2, 12], [21, 17, 22, 16], [11, 1, 12, 22]]"
11a_315_163,"[[11, 1, 12, 22], [5, 19, 6, 18], [17, 10, 18, 11], [9, 20, 10, 21], [19, 5, 20, 4], [13, 6, 14, 7], [15, 3, 16, 2], [7, 14, 8, 15], [3, 8, 4, 9], [1, 13, 2, 12], [21, 17, 22, 16]]"
11a_315_164,"[[21, 17, 22, 16], [11, 1, 12, 22], [5, 19, 6, 18], [17, 10, 18, 11], [9, 20, 10, 21], [19, 5, 20, 4], [13, 6, 14, 7], [15, 3, 16, 2], [7, 14, 8, 15], [3, 8, 4, 9], [1, 13, 2, 12]]"
11a_315_165,"[[2, 14, 3, 13], [22, 18, 1, 17], [12, 2, 13, 1], [6, 20, 7, 19], [18, 11, 19, 12], [10, 21, 11, 22], [20, 6, 21, 5], [14, 7, 15, 8], [16, 4, 17, 3], [8, 15, 9, 16], [4, 9, 5, 10]]"
11a_315_166,"[[4, 9, 5, 10], [2, 14, 3, 13], [22, 18, 1, 17], [12, 2, 13, 1], [6, 20, 7, 19], [18, 11, 19, 12], [10, 21, 11, 22], [20, 6, 21, 5], [14, 7, 15, 8], [16, 4, 17, 3], [8, 15, 9, 16]]"
11a_315_167,"[[8, 15, 9, 16], [4, 9, 5, 10], [2, 14, 3, 13], [22, 18, 1, 17], [12, 2, 13, 1], [6, 20, 7, 19], [18, 11, 19, 12], [10, 21, 11, 22], [20, 6, 21, 5], [14, 7, 15, 8], [16, 4, 17, 3]]"
11a_315_168,"[[16, 4, 17, 3], [8, 15, 9, 16], [4, 9, 5, 10], [2, 14, 3, 13], [22, 18, 1, 17], [12, 2, 13, 1], [6, 20, 7, 19], [18, 11, 19, 12], [10, 21, 11, 22], [20, 6, 21, 5], [14, 7, 15, 8]]"
11a_315_169,"[[14, 7, 15, 8], [16, 4, 17, 3], [8, 15, 9, 16], [4, 9, 5, 10], [2, 14, 3, 13], [22, 18, 1, 17], [12, 2, 13, 1], [6, 20, 7, 19], [18, 11, 19, 12], [10, 21, 11, 22], [20, 6, 21, 5]]"
11a_315_170,"[[20, 6, 21, 5], [14, 7, 15, 8], [16, 4, 17, 3], [8, 15, 9, 16], [4, 9, 5, 10], [2, 14, 3, 13], [22, 18, 1, 17], [12, 2, 13, 1], [6, 20, 7, 19], [18, 11, 19, 12], [10, 21, 11, 22]]"
11a_315_171,"[[10, 21, 11, 22], [20, 6, 21, 5], [14, 7, 15, 8], [16, 4, 17, 3], [8, 15, 9, 16], [4, 9, 5, 10], [2, 14, 3, 13], [22, 18, 1, 17], [12, 2, 13, 1], [6, 20, 7, 19], [18, 11, 19, 12]]"
11a_315_172,"[[18, 11, 19, 12], [10, 21, 11, 22], [20, 6, 21, 5], [14, 7, 15, 8], [16, 4, 17, 3], [8, 15, 9, 16], [4, 9, 5, 10], [2, 14, 3, 13], [22, 18, 1, 17], [12, 2, 13, 1], [6, 20, 7, 19]]"
11a_315_173,"[[6, 20, 7, 19], [18, 11, 19, 12], [10, 21, 11, 22], [20, 6, 21, 5], [14, 7, 15, 8], [16, 4, 17, 3], [8, 15, 9, 16], [4, 9, 5, 10], [2, 14, 3, 13], [22, 18, 1, 17], [12, 2, 13, 1]]"
11a_315_174,"[[12, 2, 13, 1], [6, 20, 7, 19], [18, 11, 19, 12], [10, 21, 11, 22], [20, 6, 21, 5], [14, 7, 15, 8], [16, 4, 17, 3], [8, 15, 9, 16], [4, 9, 5, 10], [2, 14, 3, 13], [22, 18, 1, 17]]"
11a_315_175,"[[22, 18, 1, 17], [12, 2, 13, 1], [6, 20, 7, 19], [18, 11, 19, 12], [10, 21, 11, 22], [20, 6, 21, 5], [14, 7, 15, 8], [16, 4, 17, 3], [8, 15, 9, 16], [4, 9, 5, 10], [2, 14, 3, 13]]"
11a_315_176,"[[3, 15, 4, 14], [1, 19, 2, 18], [13, 3, 14, 2], [7, 21, 8, 20], [19, 12, 20, 13], [11, 22, 12, 1], [21, 7, 22, 6], [15, 8, 16, 9], [17, 5, 18, 4], [9, 16, 10, 17], [5, 10, 6, 11]]"
11a_315_177,"[[5, 10, 6, 11], [3, 15, 4, 14], [1, 19, 2, 18], [13, 3, 14, 2], [7, 21, 8, 20], [19, 12, 20, 13], [11, 22, 12, 1], [21, 7, 22, 6], [15, 8, 16, 9], [17, 5, 18, 4], [9, 16, 10, 17]]"
11a_315_178,"[[9, 16, 10, 17], [5, 10, 6, 11], [3, 15, 4, 14], [1, 19, 2, 18], [13, 3, 14, 2], [7, 21, 8, 20], [19, 12, 20, 13], [11, 22, 12, 1], [21, 7, 22, 6], [15, 8, 16, 9], [17, 5, 18, 4]]"
11a_315_179,"[[17, 5, 18, 4], [9, 16, 10, 17], [5, 10, 6, 11], [3, 15, 4, 14], [1, 19, 2, 18], [13, 3, 14, 2], [7, 21, 8, 20], [19, 12, 20, 13], [11, 22, 12, 1], [21, 7, 22, 6], [15, 8, 16, 9]]"
11a_315_180,"[[15, 8, 16, 9], [17, 5, 18, 4], [9, 16, 10, 17], [5, 10, 6, 11], [3, 15, 4, 14], [1, 19, 2, 18], [13, 3, 14, 2], [7, 21, 8, 20], [19, 12, 20, 13], [11, 22, 12, 1], [21, 7, 22, 6]]"
11a_315_181,"[[21, 7, 22, 6], [15, 8, 16, 9], [17, 5, 18, 4], [9, 16, 10, 17], [5, 10, 6, 11], [3, 15, 4, 14], [1, 19, 2, 18], [13, 3, 14, 2], [7, 21, 8, 20], [19, 12, 20, 13], [11, 22, 12, 1]]"
11a_315_182,"[[11, 22, 12, 1], [21, 7, 22, 6], [15, 8, 16, 9], [17, 5, 18, 4], [9, 16, 10, 17], [5, 10, 6, 11], [3, 15, 4, 14], [1, 19, 2, 18], [13, 3, 14, 2], [7, 21, 8, 20], [19, 12, 20, 13]]"
11a_315_183,"[[19, 12, 20, 13], [11, 22, 12, 1], [21, 7, 22, 6], [15, 8, 16, 9], [17, 5, 18, 4], [9, 16, 10, 17], [5, 10, 6, 11], [3, 15, 4, 14], [1, 19, 2, 18], [13, 3, 14, 2], [7, 21, 8, 20]]"
11a_315_184,"[[7, 21, 8, 20], [19, 12, 20, 13], [11, 22, 12, 1], [21, 7, 22, 6], [15, 8, 16, 9], [17, 5, 18, 4], [9, 16, 10, 17], [5, 10, 6, 11], [3, 15, 4, 14], [1, 19, 2, 18], [13, 3, 14, 2]]"
11a_315_185,"[[13, 3, 14, 2], [7, 21, 8, 20], [19, 12, 20, 13], [11, 22, 12, 1], [21, 7, 22, 6], [15, 8, 16, 9], [17, 5, 18, 4], [9, 16, 10, 17], [5, 10, 6, 11], [3, 15, 4, 14], [1, 19, 2, 18]]"
11a_315_186,"[[1, 19, 2, 18], [13, 3, 14, 2], [7, 21, 8, 20], [19, 12, 20, 13], [11, 22, 12, 1], [21, 7, 22, 6], [15, 8, 16, 9], [17, 5, 18, 4], [9, 16, 10, 17], [5, 10, 6, 11], [3, 15, 4, 14]]"
11a_315_187,"[[4, 16, 5, 15], [2, 20, 3, 19], [14, 4, 15, 3], [8, 22, 9, 21], [20, 13, 21, 14], [12, 1, 13, 2], [22, 8, 1, 7], [16, 9, 17, 10], [18, 6, 19, 5], [10, 17, 11, 18], [6, 11, 7, 12]]"
11a_315_188,"[[6, 11, 7, 12], [4, 16, 5, 15], [2, 20, 3, 19], [14, 4, 15, 3], [8, 22, 9, 21], [20, 13, 21, 14], [12, 1, 13, 2], [22, 8, 1, 7], [16, 9, 17, 10], [18, 6, 19, 5], [10, 17, 11, 18]]"
11a_315_189,"[[10, 17, 11, 18], [6, 11, 7, 12], [4, 16, 5, 15], [2, 20, 3, 19], [14, 4, 15, 3], [8, 22, 9, 21], [20, 13, 21, 14], [12, 1, 13, 2], [22, 8, 1, 7], [16, 9, 17, 10], [18, 6, 19, 5]]"
11a_315_190,"[[18, 6, 19, 5], [10, 17, 11, 18], [6, 11, 7, 12], [4, 16, 5, 15], [2, 20, 3, 19], [14, 4, 15, 3], [8, 22, 9, 21], [20, 13, 21, 14], [12, 1, 13, 2], [22, 8, 1, 7], [16, 9, 17, 10]]"
11a_315_191,"[[16, 9, 17, 10], [18, 6, 19, 5], [10, 17, 11, 18], [6, 11, 7, 12], [4, 16, 5, 15], [2, 20, 3, 19], [14, 4, 15, 3], [8, 22, 9, 21], [20, 13, 21, 14], [12, 1, 13, 2], [22, 8, 1, 7]]"
11a_315_192,"[[22, 8, 1, 7], [16, 9, 17, 10], [18, 6, 19, 5], [10, 17, 11, 18], [6, 11, 7, 12], [4, 16, 5, 15], [2, 20, 3, 19], [14, 4, 15, 3], [8, 22, 9, 21], [20, 13, 21, 14], [12, 1, 13, 2]]"
11a_315_193,"[[12, 1, 13, 2], [22, 8, 1, 7], [16, 9, 17, 10], [18, 6, 19, 5], [10, 17, 11, 18], [6, 11, 7, 12], [4, 16, 5, 15], [2, 20, 3, 19], [14, 4, 15, 3], [8, 22, 9, 21], [20, 13, 21, 14]]"
11a_315_194,"[[20, 13, 21, 14], [12, 1, 13, 2], [22, 8, 1, 7], [16, 9, 17, 10], [18, 6, 19, 5], [10, 17, 11, 18], [6, 11, 7, 12], [4, 16, 5, 15], [2, 20, 3, 19], [14, 4, 15, 3], [8, 22, 9, 21]]"
11a_315_195,"[[8, 22, 9, 21], [20, 13, 21, 14], [12, 1, 13, 2], [22, 8, 1, 7], [16, 9, 17, 10], [18, 6, 19, 5], [10, 17, 11, 18], [6, 11, 7, 12], [4, 16, 5, 15], [2, 20, 3, 19], [14, 4, 15, 3]]"
11a_315_196,"[[14, 4, 15, 3], [8, 22, 9, 21], [20, 13, 21, 14], [12, 1, 13, 2], [22, 8, 1, 7], [16, 9, 17, 10], [18, 6, 19, 5], [10, 17, 11, 18], [6, 11, 7, 12], [4, 16, 5, 15], [2, 20, 3, 19]]"
11a_315_197,"[[2, 20, 3, 19], [14, 4, 15, 3], [8, 22, 9, 21], [20, 13, 21, 14], [12, 1, 13, 2], [22, 8, 1, 7], [16, 9, 17, 10], [18, 6, 19, 5], [10, 17, 11, 18], [6, 11, 7, 12], [4, 16, 5, 15]]"
11a_315_198,"[[5, 17, 6, 16], [3, 21, 4, 20], [15, 5, 16, 4], [9, 1, 10, 22], [21, 14, 22, 15], [13, 2, 14, 3], [1, 9, 2, 8], [17, 10, 18, 11], [19, 7, 20, 6], [11, 18, 12, 19], [7, 12, 8, 13]]"
11a_315_199,"[[7, 12, 8, 13], [5, 17, 6, 16], [3, 21, 4, 20], [15, 5, 16, 4], [9, 1, 10, 22], [21, 14, 22, 15], [13, 2, 14, 3], [1, 9, 2, 8], [17, 10, 18, 11], [19, 7, 20, 6], [11, 18, 12, 19]]"
11a_315_200,"[[11, 18, 12, 19], [7, 12, 8, 13], [5, 17, 6, 16], [3, 21, 4, 20], [15, 5, 16, 4], [9, 1, 10, 22], [21, 14, 22, 15], [13, 2, 14, 3], [1, 9, 2, 8], [17, 10, 18, 11], [19, 7, 20, 6]]"
11a_315_201,"[[19, 7, 20, 6], [11, 18, 12, 19], [7, 12, 8, 13], [5, 17, 6, 16], [3, 21, 4, 20], [15, 5, 16, 4], [9, 1, 10, 22], [21, 14, 22, 15], [13, 2, 14, 3], [1, 9, 2, 8], [17, 10, 18, 11]]"
11a_315_202,"[[17, 10, 18, 11], [19, 7, 20, 6], [11, 18, 12, 19], [7, 12, 8, 13], [5, 17, 6, 16], [3, 21, 4, 20], [15, 5, 16, 4], [9, 1, 10, 22], [21, 14, 22, 15], [13, 2, 14, 3], [1, 9, 2, 8]]"
11a_315_203,"[[1, 9, 2, 8], [17, 10, 18, 11], [19, 7, 20, 6], [11, 18, 12, 19], [7, 12, 8, 13], [5, 17, 6, 16], [3, 21, 4, 20], [15, 5, 16, 4], [9, 1, 10, 22], [21, 14, 22, 15], [13, 2, 14, 3]]"
