name,pd_notation
11a_6_0,"[[7, 17, 8, 16], [5, 3, 6, 2], [11, 7, 12, 6], [9, 4, 10, 5], [3, 10, 4, 11], [17, 9, 18, 8], [19, 13, 20, 12], [1, 21, 2, 20], [21, 14, 22, 15], [13, 22, 14, 1], [15, 19, 16, 18]]"
11a_6_1,"[[15, 19, 16, 18], [7, 17, 8, 16], [5, 3, 6, 2], [11, 7, 12, 6], [9, 4, 10, 5], [3, 10, 4, 11], [17, 9, 18, 8], [19, 13, 20, 12], [1, 21, 2, 20], [21, 14, 22, 15], [13, 22, 14, 1]]"
11a_6_2,"[[13, 22, 14, 1], [15, 19, 16, 18], [7, 17, 8, 16], [5, 3, 6, 2], [11, 7, 12, 6], [9, 4, 10, 5], [3, 10, 4, 11], [17, 9, 18, 8], [19, 13, 20, 12], [1, 21, 2, 20], [21, 14, 22, 15]]"
11a_6_3,"[[21, 14, 22, 15], [13, 22, 14, 1], [15, 19, 16, 18], [7, 17, 8, 16], [5, 3, 6, 2], [11, 7, 12, 6], [9, 4, 10, 5], [3, 10, 4, 11], [17, 9, 18, 8], [19, 13, 20, 12], [1, 21, 2, 20]]"
11a_6_4,"[[1, 21, 2, 20], [21, 14, 22, 15], [13, 22, 14, 1], [15, 19, 16, 18], [7, 17, 8, 16], [5, 3, 6, 2], [11, 7, 12, 6], [9, 4, 10, 5], [3, 10, 4, 11], [17, 9, 18, 8], [19, 13, 20, 12]]"
11a_6_5,"[[19, 13, 20, 12], [1, 21, 2, 20], [21, 14, 22, 15], [13, 22, 14, 1], [15, 19, 16, 18], [7, 17, 8, 16], [5, 3, 6, 2], [11, 7, 12, 6], [9, 4, 10, 5], [3, 10, 4, 11], [17, 9, 18, 8]]"
11a_6_6,"[[17, 9, 18, 8], [19, 13, 20, 12], [1, 21, 2, 20], [21, 14, 22, 15], [13, 22, 14, 1], [15, 19, 16, 18], [7, 17, 8, 16], [5, 3, 6, 2], [11, 7, 12, 6], [9, 4, 10, 5], [3, 10, 4, 11]]"
11a_6_7,"[[3, 10, 4, 11], [17, 9, 18, 8], [19, 13, 20, 12], [1, 21, 2, 20], [21, 14, 22, 15], [13, 22, 14, 1], [15, 19, 16, 18], [7, 17, 8, 16], [5, 3, 6, 2], [11, 7, 12, 6], [9, 4, 10, 5]]"
11a_6_8,"[[9, 4, 10, 5], [3, 10, 4, 11], [17, 9, 18, 8], [19, 13, 20, 12], [1, 21, 2, 20], [21, 14, 22, 15], [13, 22, 14, 1], [15, 19, 16, 18], [7, 17, 8, 16], [5, 3, 6, 2], [11, 7, 12, 6]]"
11a_6_9,"[[11, 7, 12, 6], [9, 4, 10, 5], [3, 10, 4, 11], [17, 9, 18, 8], [19, 13, 20, 12], [1, 21, 2, 20], [21, 14, 22, 15], [13, 22, 14, 1], [15, 19, 16, 18], [7, 17, 8, 16], [5, 3, 6, 2]]"
11a_6_10,"[[5, 3, 6, 2], [11, 7, 12, 6], [9, 4, 10, 5], [3, 10, 4, 11], [17, 9, 18, 8], [19, 13, 20, 12], [1, 21, 2, 20], [21, 14, 22, 15], [13, 22, 14, 1], [15, 19, 16, 18], [7, 17, 8, 16]]"
11a_6_11,"[[8, 18, 9, 17], [6, 4, 7, 3], [12, 8, 13, 7], [10, 5, 11, 6], [4, 11, 5, 12], [18, 10, 19, 9], [20, 14, 21, 13], [2, 22, 3, 21], [22, 15, 1, 16], [14, 1, 15, 2], [16, 20, 17, 19]]"
11a_6_12,"[[16, 20, 17, 19], [8, 18, 9, 17], [6, 4, 7, 3], [12, 8, 13, 7], [10, 5, 11, 6], [4, 11, 5, 12], [18, 10, 19, 9], [20, 14, 21, 13], [2, 22, 3, 21], [22, 15, 1, 16], [14, 1, 15, 2]]"
11a_6_13,"[[14, 1, 15, 2], [16, 20, 17, 19], [8, 18, 9, 17], [6, 4, 7, 3], [12, 8, 13, 7], [10, 5, 11, 6], [4, 11, 5, 12], [18, 10, 19, 9], [20, 14, 21, 13], [2, 22, 3, 21], [22, 15, 1, 16]]"
11a_6_14,"[[22, 15, 1, 16], [14, 1, 15, 2], [16, 20, 17, 19], [8, 18, 9, 17], [6, 4, 7, 3], [12, 8, 13, 7], [10, 5, 11, 6], [4, 11, 5, 12], [18, 10, 19, 9], [20, 14, 21, 13], [2, 22, 3, 21]]"
11a_6_15,"[[2, 22, 3, 21], [22, 15, 1, 16], [14, 1, 15, 2], [16, 20, 17, 19], [8, 18, 9, 17], [6, 4, 7, 3], [12, 8, 13, 7], [10, 5, 11, 6], [4, 11, 5, 12], [18, 10, 19, 9], [20, 14, 21, 13]]"
11a_6_16,"[[20, 14, 21, 13], [2, 22, 3, 21], [22, 15, 1, 16], [14, 1, 15, 2], [16, 20, 17, 19], [8, 18, 9, 17], [6, 4, 7, 3], [12, 8, 13, 7], [10, 5, 11, 6], [4, 11, 5, 12], [18, 10, 19, 9]]"
11a_6_17,"[[18, 10, 19, 9], [20, 14, 21, 13], [2, 22, 3, 21], [22, 15, 1, 16], [14, 1, 15, 2], [16, 20, 17, 19], [8, 18, 9, 17], [6, 4, 7, 3], [12, 8, 13, 7], [10, 5, 11, 6], [4, 11, 5, 12]]"
11a_6_18,"[[4, 11, 5, 12], [18, 10, 19, 9], [20, 14, 21, 13], [2, 22, 3, 21], [22, 15, 1, 16], [14, 1, 15, 2], [16, 20, 17, 19], [8, 18, 9, 17], [6, 4, 7, 3], [12, 8, 13, 7], [10, 5, 11, 6]]"
11a_6_19,"[[10, 5, 11, 6], [4, 11, 5, 12], [18, 10, 19, 9], [20, 14, 21, 13], [2, 22, 3, 21], [22, 15, 1, 16], [14, 1, 15, 2], [16, 20, 17, 19], [8, 18, 9, 17], [6, 4, 7, 3], [12, 8, 13, 7]]"
11a_6_20,"[[12, 8, 13, 7], [10, 5, 11, 6], [4, 11, 5, 12], [18, 10, 19, 9], [20, 14, 21, 13], [2, 22, 3, 21], [22, 15, 1, 16], [14, 1, 15, 2], [16, 20, 17, 19], [8, 18, 9, 17], [6, 4, 7, 3]]"
11a_6_21,"[[6, 4, 7, 3], [12, 8, 13, 7], [10, 5, 11, 6], [4, 11, 5, 12], [18, 10, 19, 9], [20, 14, 21, 13], [2, 22, 3, 21], [22, 15, 1, 16], [14, 1, 15, 2], [16, 20, 17, 19], [8, 18, 9, 17]]"
11a_6_22,"[[9, 19, 10, 18], [7, 5, 8, 4], [13, 9, 14, 8], [11, 6, 12, 7], [5, 12, 6, 13], [19, 11, 20, 10], [21, 15, 22, 14], [3, 1, 4, 22], [1, 16, 2, 17], [15, 2, 16, 3], [17, 21, 18, 20]]"
11a_6_23,"[[17, 21, 18, 20], [9, 19, 10, 18], [7, 5, 8, 4], [13, 9, 14, 8], [11, 6, 12, 7], [5, 12, 6, 13], [19, 11, 20, 10], [21, 15, 22, 14], [3, 1, 4, 22], [1, 16, 2, 17], [15, 2, 16, 3]]"
11a_6_24,"[[15, 2, 16, 3], [17, 21, 18, 20], [9, 19, 10, 18], [7, 5, 8, 4], [13, 9, 14, 8], [11, 6, 12, 7], [5, 12, 6, 13], [19, 11, 20, 10], [21, 15, 22, 14], [3, 1, 4, 22], [1, 16, 2, 17]]"
11a_6_25,"[[1, 16, 2, 17], [15, 2, 16, 3], [17, 21, 18, 20], [9, 19, 10, 18], [7, 5, 8, 4], [13, 9, 14, 8], [11, 6, 12, 7], [5, 12, 6, 13], [19, 11, 20, 10], [21, 15, 22, 14], [3, 1, 4, 22]]"
11a_6_26,"[[3, 1, 4, 22], [1, 16, 2, 17], [15, 2, 16, 3], [17, 21, 18, 20], [9, 19, 10, 18], [7, 5, 8, 4], [13, 9, 14, 8], [11, 6, 12, 7], [5, 12, 6, 13], [19, 11, 20, 10], [21, 15, 22, 14]]"
11a_6_27,"[[21, 15, 22, 14], [3, 1, 4, 22], [1, 16, 2, 17], [15, 2, 16, 3], [17, 21, 18, 20], [9, 19, 10, 18], [7, 5, 8, 4], [13, 9, 14, 8], [11, 6, 12, 7], [5, 12, 6, 13], [19, 11, 20, 10]]"
11a_6_28,"[[19, 11, 20, 10], [21, 15, 22, 14], [3, 1, 4, 22], [1, 16, 2, 17], [15, 2, 16, 3], [17, 21, 18, 20], [9, 19, 10, 18], [7, 5, 8, 4], [13, 9, 14, 8], [11, 6, 12, 7], [5, 12, 6, 13]]"
11a_6_29,"[[5, 12, 6, 13], [19, 11, 20, 10], [21, 15, 22, 14], [3, 1, 4, 22], [1, 16, 2, 17], [15, 2, 16, 3], [17, 21, 18, 20], [9, 19, 10, 18], [7, 5, 8, 4], [13, 9, 14, 8], [11, 6, 12, 7]]"
11a_6_30,"[[11, 6, 12, 7], [5, 12, 6, 13], [19, 11, 20, 10], [21, 15, 22, 14], [3, 1, 4, 22], [1, 16, 2, 17], [15, 2, 16, 3], [17, 21, 18, 20], [9, 19, 10, 18], [7, 5, 8, 4], [13, 9, 14, 8]]"
11a_6_31,"[[13, 9, 14, 8], [11, 6, 12, 7], [5, 12, 6, 13], [19, 11, 20, 10], [21, 15, 22, 14], [3, 1, 4, 22], [1, 16, 2, 17], [15, 2, 16, 3], [17, 21, 18, 20], [9, 19, 10, 18], [7, 5, 8, 4]]"
11a_6_32,"[[7, 5, 8, 4], [13, 9, 14, 8], [11, 6, 12, 7], [5, 12, 6, 13], [19, 11, 20, 10], [21, 15, 22, 14], [3, 1, 4, 22], [1, 16, 2, 17], [15, 2, 16, 3], [17, 21, 18, 20], [9, 19, 10, 18]]"
11a_6_33,"[[10, 20, 11, 19], [8, 6, 9, 5], [14, 10, 15, 9], [12, 7, 13, 8], [6, 13, 7, 14], [20, 12, 21, 11], [22, 16, 1, 15], [4, 2, 5, 1], [2, 17, 3, 18], [16, 3, 17, 4], [18, 22, 19, 21]]"
11a_6_34,"[[18, 22, 19, 21], [10, 20, 11, 19], [8, 6, 9, 5], [14, 10, 15, 9], [12, 7, 13, 8], [6, 13, 7, 14], [20, 12, 21, 11], [22, 16, 1, 15], [4, 2, 5, 1], [2, 17, 3, 18], [16, 3, 17, 4]]"
11a_6_35,"[[16, 3, 17, 4], [18, 22, 19, 21], [10, 20, 11, 19], [8, 6, 9, 5], [14, 10, 15, 9], [12, 7, 13, 8], [6, 13, 7, 14], [20, 12, 21, 11], [22, 16, 1, 15], [4, 2, 5, 1], [2, 17, 3, 18]]"
11a_6_36,"[[2, 17, 3, 18], [16, 3, 17, 4], [18, 22, 19, 21], [10, 20, 11, 19], [8, 6, 9, 5], [14, 10, 15, 9], [12, 7, 13, 8], [6, 13, 7, 14], [20, 12, 21, 11], [22, 16, 1, 15], [4, 2, 5, 1]]"
11a_6_37,"[[4, 2, 5, 1], [2, 17, 3, 18], [16, 3, 17, 4], [18, 22, 19, 21], [10, 20, 11, 19], [8, 6, 9, 5], [14, 10, 15, 9], [12, 7, 13, 8], [6, 13, 7, 14], [20, 12, 21, 11], [22, 16, 1, 15]]"
11a_6_38,"[[22, 16, 1, 15], [4, 2, 5, 1], [2, 17, 3, 18], [16, 3, 17, 4], [18, 22, 19, 21], [10, 20, 11, 19], [8, 6, 9, 5], [14, 10, 15, 9], [12, 7, 13, 8], [6, 13, 7, 14], [20, 12, 21, 11]]"
11a_6_39,"[[20, 12, 21, 11], [22, 16, 1, 15], [4, 2, 5, 1], [2, 17, 3, 18], [16, 3, 17, 4], [18, 22, 19, 21], [10, 20, 11, 19], [8, 6, 9, 5], [14, 10, 15, 9], [12, 7, 13, 8], [6, 13, 7, 14]]"
11a_6_40,"[[6, 13, 7, 14], [20, 12, 21, 11], [22, 16, 1, 15], [4, 2, 5, 1], [2, 17, 3, 18], [16, 3, 17, 4], [18, 22, 19, 21], [10, 20, 11, 19], [8, 6, 9, 5], [14, 10, 15, 9], [12, 7, 13, 8]]"
11a_6_41,"[[12, 7, 13, 8], [6, 13, 7, 14], [20, 12, 21, 11], [22, 16, 1, 15], [4, 2, 5, 1], [2, 17, 3, 18], [16, 3, 17, 4], [18, 22, 19, 21], [10, 20, 11, 19], [8, 6, 9, 5], [14, 10, 15, 9]]"
11a_6_42,"[[14, 10, 15, 9], [12, 7, 13, 8], [6, 13, 7, 14], [20, 12, 21, 11], [22, 16, 1, 15], [4, 2, 5, 1], [2, 17, 3, 18], [16, 3, 17, 4], [18, 22, 19, 21], [10, 20, 11, 19], [8, 6, 9, 5]]"
11a_6_43,"[[8, 6, 9, 5], [14, 10, 15, 9], [12, 7, 13, 8], [6, 13, 7, 14], [20, 12, 21, 11], [22, 16, 1, 15], [4, 2, 5, 1], [2, 17, 3, 18], [16, 3, 17, 4], [18, 22, 19, 21], [10, 20, 11, 19]]"
11a_6_44,"[[11, 21, 12, 20], [9, 7, 10, 6], [15, 11, 16, 10], [13, 8, 14, 9], [7, 14, 8, 15], [21, 13, 22, 12], [1, 17, 2, 16], [5, 3, 6, 2], [3, 18, 4, 19], [17, 4, 18, 5], [19, 1, 20, 22]]"
11a_6_45,"[[19, 1, 20, 22], [11, 21, 12, 20], [9, 7, 10, 6], [15, 11, 16, 10], [13, 8, 14, 9], [7, 14, 8, 15], [21, 13, 22, 12], [1, 17, 2, 16], [5, 3, 6, 2], [3, 18, 4, 19], [17, 4, 18, 5]]"
11a_6_46,"[[17, 4, 18, 5], [19, 1, 20, 22], [11, 21, 12, 20], [9, 7, 10, 6], [15, 11, 16, 10], [13, 8, 14, 9], [7, 14, 8, 15], [21, 13, 22, 12], [1, 17, 2, 16], [5, 3, 6, 2], [3, 18, 4, 19]]"
11a_6_47,"[[3, 18, 4, 19], [17, 4, 18, 5], [19, 1, 20, 22], [11, 21, 12, 20], [9, 7, 10, 6], [15, 11, 16, 10], [13, 8, 14, 9], [7, 14, 8, 15], [21, 13, 22, 12], [1, 17, 2, 16], [5, 3, 6, 2]]"
11a_6_48,"[[5, 3, 6, 2], [3, 18, 4, 19], [17, 4, 18, 5], [19, 1, 20, 22], [11, 21, 12, 20], [9, 7, 10, 6], [15, 11, 16, 10], [13, 8, 14, 9], [7, 14, 8, 15], [21, 13, 22, 12], [1, 17, 2, 16]]"
11a_6_49,"[[1, 17, 2, 16], [5, 3, 6, 2], [3, 18, 4, 19], [17, 4, 18, 5], [19, 1, 20, 22], [11, 21, 12, 20], [9, 7, 10, 6], [15, 11, 16, 10], [13, 8, 14, 9], [7, 14, 8, 15], [21, 13, 22, 12]]"
11a_6_50,"[[21, 13, 22, 12], [1, 17, 2, 16], [5, 3, 6, 2], [3, 18, 4, 19], [17, 4, 18, 5], [19, 1, 20, 22], [11, 21, 12, 20], [9, 7, 10, 6], [15, 11, 16, 10], [13, 8, 14, 9], [7, 14, 8, 15]]"
11a_6_51,"[[7, 14, 8, 15], [21, 13, 22, 12], [1, 17, 2, 16], [5, 3, 6, 2], [3, 18, 4, 19], [17, 4, 18, 5], [19, 1, 20, 22], [11, 21, 12, 20], [9, 7, 10, 6], [15, 11, 16, 10], [13, 8, 14, 9]]"
11a_6_52,"[[13, 8, 14, 9], [7, 14, 8, 15], [21, 13, 22, 12], [1, 17, 2, 16], [5, 3, 6, 2], [3, 18, 4, 19], [17, 4, 18, 5], [19, 1, 20, 22], [11, 21, 12, 20], [9, 7, 10, 6], [15, 11, 16, 10]]"
11a_6_53,"[[15, 11, 16, 10], [13, 8, 14, 9], [7, 14, 8, 15], [21, 13, 22, 12], [1, 17, 2, 16], [5, 3, 6, 2], [3, 18, 4, 19], [17, 4, 18, 5], [19, 1, 20, 22], [11, 21, 12, 20], [9, 7, 10, 6]]"
11a_6_54,"[[9, 7, 10, 6], [15, 11, 16, 10], [13, 8, 14, 9], [7, 14, 8, 15], [21, 13, 22, 12], [1, 17, 2, 16], [5, 3, 6, 2], [3, 18, 4, 19], [17, 4, 18, 5], [19, 1, 20, 22], [11, 21, 12, 20]]"
11a_6_55,"[[12, 22, 13, 21], [10, 8, 11, 7], [16, 12, 17, 11], [14, 9, 15, 10], [8, 15, 9, 16], [22, 14, 1, 13], [2, 18, 3, 17], [6, 4, 7, 3], [4, 19, 5, 20], [18, 5, 19, 6], [20, 2, 21, 1]]"
11a_6_56,"[[20, 2, 21, 1], [12, 22, 13, 21], [10, 8, 11, 7], [16, 12, 17, 11], [14, 9, 15, 10], [8, 15, 9, 16], [22, 14, 1, 13], [2, 18, 3, 17], [6, 4, 7, 3], [4, 19, 5, 20], [18, 5, 19, 6]]"
11a_6_57,"[[18, 5, 19, 6], [20, 2, 21, 1], [12, 22, 13, 21], [10, 8, 11, 7], [16, 12, 17, 11], [14, 9, 15, 10], [8, 15, 9, 16], [22, 14, 1, 13], [2, 18, 3, 17], [6, 4, 7, 3], [4, 19, 5, 20]]"
11a_6_58,"[[4, 19, 5, 20], [18, 5, 19, 6], [20, 2, 21, 1], [12, 22, 13, 21], [10, 8, 11, 7], [16, 12, 17, 11], [14, 9, 15, 10], [8, 15, 9, 16], [22, 14, 1, 13], [2, 18, 3, 17], [6, 4, 7, 3]]"
11a_6_59,"[[6, 4, 7, 3], [4, 19, 5, 20], [18, 5, 19, 6], [20, 2, 21, 1], [12, 22, 13, 21], [10, 8, 11, 7], [16, 12, 17, 11], [14, 9, 15, 10], [8, 15, 9, 16], [22, 14, 1, 13], [2, 18, 3, 17]]"
11a_6_60,"[[2, 18, 3, 17], [6, 4, 7, 3], [4, 19, 5, 20], [18, 5, 19, 6], [20, 2, 21, 1], [12, 22, 13, 21], [10, 8, 11, 7], [16, 12, 17, 11], [14, 9, 15, 10], [8, 15, 9, 16], [22, 14, 1, 13]]"
11a_6_61,"[[22, 14, 1, 13], [2, 18, 3, 17], [6, 4, 7, 3], [4, 19, 5, 20], [18, 5, 19, 6], [20, 2, 21, 1], [12, 22, 13, 21], [10, 8, 11, 7], [16, 12, 17, 11], [14, 9, 15, 10], [8, 15, 9, 16]]"
11a_6_62,"[[8, 15, 9, 16], [22, 14, 1, 13], [2, 18, 3, 17], [6, 4, 7, 3], [4, 19, 5, 20], [18, 5, 19, 6], [20, 2, 21, 1], [12, 22, 13, 21], [10, 8, 11, 7], [16, 12, 17, 11], [14, 9, 15, 10]]"
11a_6_63,"[[14, 9, 15, 10], [8, 15, 9, 16], [22, 14, 1, 13], [2, 18, 3, 17], [6, 4, 7, 3], [4, 19, 5, 20], [18, 5, 19, 6], [20, 2, 21, 1], [12, 22, 13, 21], [10, 8, 11, 7], [16, 12, 17, 11]]"
11a_6_64,"[[16, 12, 17, 11], [14, 9, 15, 10], [8, 15, 9, 16], [22, 14, 1, 13], [2, 18, 3, 17], [6, 4, 7, 3], [4, 19, 5, 20], [18, 5, 19, 6], [20, 2, 21, 1], [12, 22, 13, 21], [10, 8, 11, 7]]"
11a_6_65,"[[10, 8, 11, 7], [16, 12, 17, 11], [14, 9, 15, 10], [8, 15, 9, 16], [22, 14, 1, 13], [2, 18, 3, 17], [6, 4, 7, 3], [4, 19, 5, 20], [18, 5, 19, 6], [20, 2, 21, 1], [12, 22, 13, 21]]"
11a_6_66,"[[13, 1, 14, 22], [11, 9, 12, 8], [17, 13, 18, 12], [15, 10, 16, 11], [9, 16, 10, 17], [1, 15, 2, 14], [3, 19, 4, 18], [7, 5, 8, 4], [5, 20, 6, 21], [19, 6, 20, 7], [21, 3, 22, 2]]"
11a_6_67,"[[21, 3, 22, 2], [13, 1, 14, 22], [11, 9, 12, 8], [17, 13, 18, 12], [15, 10, 16, 11], [9, 16, 10, 17], [1, 15, 2, 14], [3, 19, 4, 18], [7, 5, 8, 4], [5, 20, 6, 21], [19, 6, 20, 7]]"
11a_6_68,"[[19, 6, 20, 7], [21, 3, 22, 2], [13, 1, 14, 22], [11, 9, 12, 8], [17, 13, 18, 12], [15, 10, 16, 11], [9, 16, 10, 17], [1, 15, 2, 14], [3, 19, 4, 18], [7, 5, 8, 4], [5, 20, 6, 21]]"
11a_6_69,"[[5, 20, 6, 21], [19, 6, 20, 7], [21, 3, 22, 2], [13, 1, 14, 22], [11, 9, 12, 8], [17, 13, 18, 12], [15, 10, 16, 11], [9, 16, 10, 17], [1, 15, 2, 14], [3, 19, 4, 18], [7, 5, 8, 4]]"
11a_6_70,"[[7, 5, 8, 4], [5, 20, 6, 21], [19, 6, 20, 7], [21, 3, 22, 2], [13, 1, 14, 22], [11, 9, 12, 8], [17, 13, 18, 12], [15, 10, 16, 11], [9, 16, 10, 17], [1, 15, 2, 14], [3, 19, 4, 18]]"
11a_6_71,"[[3, 19, 4, 18], [7, 5, 8, 4], [5, 20, 6, 21], [19, 6, 20, 7], [21, 3, 22, 2], [13, 1, 14, 22], [11, 9, 12, 8], [17, 13, 18, 12], [15, 10, 16, 11], [9, 16, 10, 17], [1, 15, 2, 14]]"
11a_6_72,"[[1, 15, 2, 14], [3, 19, 4, 18], [7, 5, 8, 4], [5, 20, 6, 21], [19, 6, 20, 7], [21, 3, 22, 2], [13, 1, 14, 22], [11, 9, 12, 8], [17, 13, 18, 12], [15, 10, 16, 11], [9, 16, 10, 17]]"
11a_6_73,"[[9, 16, 10, 17], [1, 15, 2, 14], [3, 19, 4, 18], [7, 5, 8, 4], [5, 20, 6, 21], [19, 6, 20, 7], [21, 3, 22, 2], [13, 1, 14, 22], [11, 9, 12, 8], [17, 13, 18, 12], [15, 10, 16, 11]]"
11a_6_74,"[[15, 10, 16, 11], [9, 16, 10, 17], [1, 15, 2, 14], [3, 19, 4, 18], [7, 5, 8, 4], [5, 20, 6, 21], [19, 6, 20, 7], [21, 3, 22, 2], [13, 1, 14, 22], [11, 9, 12, 8], [17, 13, 18, 12]]"
11a_6_75,"[[17, 13, 18, 12], [15, 10, 16, 11], [9, 16, 10, 17], [1, 15, 2, 14], [3, 19, 4, 18], [7, 5, 8, 4], [5, 20, 6, 21], [19, 6, 20, 7], [21, 3, 22, 2], [13, 1, 14, 22], [11, 9, 12, 8]]"
11a_6_76,"[[11, 9, 12, 8], [17, 13, 18, 12], [15, 10, 16, 11], [9, 16, 10, 17], [1, 15, 2, 14], [3, 19, 4, 18], [7, 5, 8, 4], [5, 20, 6, 21], [19, 6, 20, 7], [21, 3, 22, 2], [13, 1, 14, 22]]"
11a_6_77,"[[14, 2, 15, 1], [12, 10, 13, 9], [18, 14, 19, 13], [16, 11, 17, 12], [10, 17, 11, 18], [2, 16, 3, 15], [4, 20, 5, 19], [8, 6, 9, 5], [6, 21, 7, 22], [20, 7, 21, 8], [22, 4, 1, 3]]"
11a_6_78,"[[22, 4, 1, 3], [14, 2, 15, 1], [12, 10, 13, 9], [18, 14, 19, 13], [16, 11, 17, 12], [10, 17, 11, 18], [2, 16, 3, 15], [4, 20, 5, 19], [8, 6, 9, 5], [6, 21, 7, 22], [20, 7, 21, 8]]"
11a_6_79,"[[20, 7, 21, 8], [22, 4, 1, 3], [14, 2, 15, 1], [12, 10, 13, 9], [18, 14, 19, 13], [16, 11, 17, 12], [10, 17, 11, 18], [2, 16, 3, 15], [4, 20, 5, 19], [8, 6, 9, 5], [6, 21, 7, 22]]"
11a_6_80,"[[6, 21, 7, 22], [20, 7, 21, 8], [22, 4, 1, 3], [14, 2, 15, 1], [12, 10, 13, 9], [18, 14, 19, 13], [16, 11, 17, 12], [10, 17, 11, 18], [2, 16, 3, 15], [4, 20, 5, 19], [8, 6, 9, 5]]"
11a_6_81,"[[8, 6, 9, 5], [6, 21, 7, 22], [20, 7, 21, 8], [22, 4, 1, 3], [14, 2, 15, 1], [12, 10, 13, 9], [18, 14, 19, 13], [16, 11, 17, 12], [10, 17, 11, 18], [2, 16, 3, 15], [4, 20, 5, 19]]"
11a_6_82,"[[4, 20, 5, 19], [8, 6, 9, 5], [6, 21, 7, 22], [20, 7, 21, 8], [22, 4, 1, 3], [14, 2, 15, 1], [12, 10, 13, 9], [18, 14, 19, 13], [16, 11, 17, 12], [10, 17, 11, 18], [2, 16, 3, 15]]"
11a_6_83,"[[2, 16, 3, 15], [4, 20, 5, 19], [8, 6, 9, 5], [6, 21, 7, 22], [20, 7, 21, 8], [22, 4, 1, 3], [14, 2, 15, 1], [12, 10, 13, 9], [18, 14, 19, 13], [16, 11, 17, 12], [10, 17, 11, 18]]"
11a_6_84,"[[10, 17, 11, 18], [2, 16, 3, 15], [4, 20, 5, 19], [8, 6, 9, 5], [6, 21, 7, 22], [20, 7, 21, 8], [22, 4, 1, 3], [14, 2, 15, 1], [12, 10, 13, 9], [18, 14, 19, 13], [16, 11, 17, 12]]"
11a_6_85,"[[16, 11, 17, 12], [10, 17, 11, 18], [2, 16, 3, 15], [4, 20, 5, 19], [8, 6, 9, 5], [6, 21, 7, 22], [20, 7, 21, 8], [22, 4, 1, 3], [14, 2, 15, 1], [12, 10, 13, 9], [18, 14, 19, 13]]"
11a_6_86,"[[18, 14, 19, 13], [16, 11, 17, 12], [10, 17, 11, 18], [2, 16, 3, 15], [4, 20, 5, 19], [8, 6, 9, 5], [6, 21, 7, 22], [20, 7, 21, 8], [22, 4, 1, 3], [14, 2, 15, 1], [12, 10, 13, 9]]"
11a_6_87,"[[12, 10, 13, 9], [18, 14, 19, 13], [16, 11, 17, 12], [10, 17, 11, 18], [2, 16, 3, 15], [4, 20, 5, 19], [8, 6, 9, 5], [6, 21, 7, 22], [20, 7, 21, 8], [22, 4, 1, 3], [14, 2, 15, 1]]"
11a_6_88,"[[15, 3, 16, 2], [13, 11, 14, 10], [19, 15, 20, 14], [17, 12, 18, 13], [11, 18, 12, 19], [3, 17, 4, 16], [5, 21, 6, 20], [9, 7, 10, 6], [7, 22, 8, 1], [21, 8, 22, 9], [1, 5, 2, 4]]"
11a_6_89,"[[1, 5, 2, 4], [15, 3, 16, 2], [13, 11, 14, 10], [19, 15, 20, 14], [17, 12, 18, 13], [11, 18, 12, 19], [3, 17, 4, 16], [5, 21, 6, 20], [9, 7, 10, 6], [7, 22, 8, 1], [21, 8, 22, 9]]"
11a_6_90,"[[21, 8, 22, 9], [1, 5, 2, 4], [15, 3, 16, 2], [13, 11, 14, 10], [19, 15, 20, 14], [17, 12, 18, 13], [11, 18, 12, 19], [3, 17, 4, 16], [5, 21, 6, 20], [9, 7, 10, 6], [7, 22, 8, 1]]"
11a_6_91,"[[7, 22, 8, 1], [21, 8, 22, 9], [1, 5, 2, 4], [15, 3, 16, 2], [13, 11, 14, 10], [19, 15, 20, 14], [17, 12, 18, 13], [11, 18, 12, 19], [3, 17, 4, 16], [5, 21, 6, 20], [9, 7, 10, 6]]"
11a_6_92,"[[9, 7, 10, 6], [7, 22, 8, 1], [21, 8, 22, 9], [1, 5, 2, 4], [15, 3, 16, 2], [13, 11, 14, 10], [19, 15, 20, 14], [17, 12, 18, 13], [11, 18, 12, 19], [3, 17, 4, 16], [5, 21, 6, 20]]"
11a_6_93,"[[5, 21, 6, 20], [9, 7, 10, 6], [7, 22, 8, 1], [21, 8, 22, 9], [1, 5, 2, 4], [15, 3, 16, 2], [13, 11, 14, 10], [19, 15, 20, 14], [17, 12, 18, 13], [11, 18, 12, 19], [3, 17, 4, 16]]"
11a_6_94,"[[3, 17, 4, 16], [5, 21, 6, 20], [9, 7, 10, 6], [7, 22, 8, 1], [21, 8, 22, 9], [1, 5, 2, 4], [15, 3, 16, 2], [13, 11, 14, 10], [19, 15, 20, 14], [17, 12, 18, 13], [11, 18, 12, 19]]"
11a_6_95,"[[11, 18, 12, 19], [3, 17, 4, 16], [5, 21, 6, 20], [9, 7, 10, 6], [7, 22, 8, 1], [21, 8, 22, 9], [1, 5, 2, 4], [15, 3, 16, 2], [13, 11, 14, 10], [19, 15, 20, 14], [17, 12, 18, 13]]"
11a_6_96,"[[17, 12, 18, 13], [11, 18, 12, 19], [3, 17, 4, 16], [5, 21, 6, 20], [9, 7, 10, 6], [7, 22, 8, 1], [21, 8, 22, 9], [1, 5, 2, 4], [15, 3, 16, 2], [13, 11, 14, 10], [19, 15, 20, 14]]"
11a_6_97,"[[19, 15, 20, 14], [17, 12, 18, 13], [11, 18, 12, 19], [3, 17, 4, 16], [5, 21, 6, 20], [9, 7, 10, 6], [7, 22, 8, 1], [21, 8, 22, 9], [1, 5, 2, 4], [15, 3, 16, 2], [13, 11, 14, 10]]"
11a_6_98,"[[13, 11, 14, 10], [19, 15, 20, 14], [17, 12, 18, 13], [11, 18, 12, 19], [3, 17, 4, 16], [5, 21, 6, 20], [9, 7, 10, 6], [7, 22, 8, 1], [21, 8, 22, 9], [1, 5, 2, 4], [15, 3, 16, 2]]"
11a_6_99,"[[16, 4, 17, 3], [14, 12, 15, 11], [20, 16, 21, 15], [18, 13, 19, 14], [12, 19, 13, 20], [4, 18, 5, 17], [6, 22, 7, 21], [10, 8, 11, 7], [8, 1, 9, 2], [22, 9, 1, 10], [2, 6, 3, 5]]"
11a_6_100,"[[2, 6, 3, 5], [16, 4, 17, 3], [14, 12, 15, 11], [20, 16, 21, 15], [18, 13, 19, 14], [12, 19, 13, 20], [4, 18, 5, 17], [6, 22, 7, 21], [10, 8, 11, 7], [8, 1, 9, 2], [22, 9, 1, 10]]"
11a_6_101,"[[22, 9, 1, 10], [2, 6, 3, 5], [16, 4, 17, 3], [14, 12, 15, 11], [20, 16, 21, 15], [18, 13, 19, 14], [12, 19, 13, 20], [4, 18, 5, 17], [6, 22, 7, 21], [10, 8, 11, 7], [8, 1, 9, 2]]"
11a_6_102,"[[8, 1, 9, 2], [22, 9, 1, 10], [2, 6, 3, 5], [16, 4, 17, 3], [14, 12, 15, 11], [20, 16, 21, 15], [18, 13, 19, 14], [12, 19, 13, 20], [4, 18, 5, 17], [6, 22, 7, 21], [10, 8, 11, 7]]"
11a_6_103,"[[10, 8, 11, 7], [8, 1, 9, 2], [22, 9, 1, 10], [2, 6, 3, 5], [16, 4, 17, 3], [14, 12, 15, 11], [20, 16, 21, 15], [18, 13, 19, 14], [12, 19, 13, 20], [4, 18, 5, 17], [6, 22, 7, 21]]"
11a_6_104,"[[6, 22, 7, 21], [10, 8, 11, 7], [8, 1, 9, 2], [22, 9, 1, 10], [2, 6, 3, 5], [16, 4, 17, 3], [14, 12, 15, 11], [20, 16, 21, 15], [18, 13, 19, 14], [12, 19, 13, 20], [4, 18, 5, 17]]"
11a_6_105,"[[4, 18, 5, 17], [6, 22, 7, 21], [10, 8, 11, 7], [8, 1, 9, 2], [22, 9, 1, 10], [2, 6, 3, 5], [16, 4, 17, 3], [14, 12, 15, 11], [20, 16, 21, 15], [18, 13, 19, 14], [12, 19, 13, 20]]"
11a_6_106,"[[12, 19, 13, 20], [4, 18, 5, 17], [6, 22, 7, 21], [10, 8, 11, 7], [8, 1, 9, 2], [22, 9, 1, 10], [2, 6, 3, 5], [16, 4, 17, 3], [14, 12, 15, 11], [20, 16, 21, 15], [18, 13, 19, 14]]"
11a_6_107,"[[18, 13, 19, 14], [12, 19, 13, 20], [4, 18, 5, 17], [6, 22, 7, 21], [10, 8, 11, 7], [8, 1, 9, 2], [22, 9, 1, 10], [2, 6, 3, 5], [16, 4, 17, 3], [14, 12, 15, 11], [20, 16, 21, 15]]"
11a_6_108,"[[20, 16, 21, 15], [18, 13, 19, 14], [12, 19, 13, 20], [4, 18, 5, 17], [6, 22, 7, 21], [10, 8, 11, 7], [8, 1, 9, 2], [22, 9, 1, 10], [2, 6, 3, 5], [16, 4, 17, 3], [14, 12, 15, 11]]"
11a_6_109,"[[14, 12, 15, 11], [20, 16, 21, 15], [18, 13, 19, 14], [12, 19, 13, 20], [4, 18, 5, 17], [6, 22, 7, 21], [10, 8, 11, 7], [8, 1, 9, 2], [22, 9, 1, 10], [2, 6, 3, 5], [16, 4, 17, 3]]"
11a_6_110,"[[17, 5, 18, 4], [15, 13, 16, 12], [21, 17, 22, 16], [19, 14, 20, 15], [13, 20, 14, 21], [5, 19, 6, 18], [7, 1, 8, 22], [11, 9, 12, 8], [9, 2, 10, 3], [1, 10, 2, 11], [3, 7, 4, 6]]"
11a_6_111,"[[3, 7, 4, 6], [17, 5, 18, 4], [15, 13, 16, 12], [21, 17, 22, 16], [19, 14, 20, 15], [13, 20, 14, 21], [5, 19, 6, 18], [7, 1, 8, 22], [11, 9, 12, 8], [9, 2, 10, 3], [1, 10, 2, 11]]"
11a_6_112,"[[1, 10, 2, 11], [3, 7, 4, 6], [17, 5, 18, 4], [15, 13, 16, 12], [21, 17, 22, 16], [19, 14, 20, 15], [13, 20, 14, 21], [5, 19, 6, 18], [7, 1, 8, 22], [11, 9, 12, 8], [9, 2, 10, 3]]"
11a_6_113,"[[9, 2, 10, 3], [1, 10, 2, 11], [3, 7, 4, 6], [17, 5, 18, 4], [15, 13, 16, 12], [21, 17, 22, 16], [19, 14, 20, 15], [13, 20, 14, 21], [5, 19, 6, 18], [7, 1, 8, 22], [11, 9, 12, 8]]"
11a_6_114,"[[11, 9, 12, 8], [9, 2, 10, 3], [1, 10, 2, 11], [3, 7, 4, 6], [17, 5, 18, 4], [15, 13, 16, 12], [21, 17, 22, 16], [19, 14, 20, 15], [13, 20, 14, 21], [5, 19, 6, 18], [7, 1, 8, 22]]"
11a_6_115,"[[7, 1, 8, 22], [11, 9, 12, 8], [9, 2, 10, 3], [1, 10, 2, 11], [3, 7, 4, 6], [17, 5, 18, 4], [15, 13, 16, 12], [21, 17, 22, 16], [19, 14, 20, 15], [13, 20, 14, 21], [5, 19, 6, 18]]"
11a_6_116,"[[5, 19, 6, 18], [7, 1, 8, 22], [11, 9, 12, 8], [9, 2, 10, 3], [1, 10, 2, 11], [3, 7, 4, 6], [17, 5, 18, 4], [15, 13, 16, 12], [21, 17, 22, 16], [19, 14, 20, 15], [13, 20, 14, 21]]"
11a_6_117,"[[13, 20, 14, 21], [5, 19, 6, 18], [7, 1, 8, 22], [11, 9, 12, 8], [9, 2, 10, 3], [1, 10, 2, 11], [3, 7, 4, 6], [17, 5, 18, 4], [15, 13, 16, 12], [21, 17, 22, 16], [19, 14, 20, 15]]"
11a_6_118,"[[19, 14, 20, 15], [13, 20, 14, 21], [5, 19, 6, 18], [7, 1, 8, 22], [11, 9, 12, 8], [9, 2, 10, 3], [1, 10, 2, 11], [3, 7, 4, 6], [17, 5, 18, 4], [15, 13, 16, 12], [21, 17, 22, 16]]"
11a_6_119,"[[21, 17, 22, 16], [19, 14, 20, 15], [13, 20, 14, 21], [5, 19, 6, 18], [7, 1, 8, 22], [11, 9, 12, 8], [9, 2, 10, 3], [1, 10, 2, 11], [3, 7, 4, 6], [17, 5, 18, 4], [15, 13, 16, 12]]"
11a_6_120,"[[15, 13, 16, 12], [21, 17, 22, 16], [19, 14, 20, 15], [13, 20, 14, 21], [5, 19, 6, 18], [7, 1, 8, 22], [11, 9, 12, 8], [9, 2, 10, 3], [1, 10, 2, 11], [3, 7, 4, 6], [17, 5, 18, 4]]"
11a_6_121,"[[18, 6, 19, 5], [16, 14, 17, 13], [22, 18, 1, 17], [20, 15, 21, 16], [14, 21, 15, 22], [6, 20, 7, 19], [8, 2, 9, 1], [12, 10, 13, 9], [10, 3, 11, 4], [2, 11, 3, 12], [4, 8, 5, 7]]"
11a_6_122,"[[4, 8, 5, 7], [18, 6, 19, 5], [16, 14, 17, 13], [22, 18, 1, 17], [20, 15, 21, 16], [14, 21, 15, 22], [6, 20, 7, 19], [8, 2, 9, 1], [12, 10, 13, 9], [10, 3, 11, 4], [2, 11, 3, 12]]"
11a_6_123,"[[2, 11, 3, 12], [4, 8, 5, 7], [18, 6, 19, 5], [16, 14, 17, 13], [22, 18, 1, 17], [20, 15, 21, 16], [14, 21, 15, 22], [6, 20, 7, 19], [8, 2, 9, 1], [12, 10, 13, 9], [10, 3, 11, 4]]"
11a_6_124,"[[10, 3, 11, 4], [2, 11, 3, 12], [4, 8, 5, 7], [18, 6, 19, 5], [16, 14, 17, 13], [22, 18, 1, 17], [20, 15, 21, 16], [14, 21, 15, 22], [6, 20, 7, 19], [8, 2, 9, 1], [12, 10, 13, 9]]"
11a_6_125,"[[12, 10, 13, 9], [10, 3, 11, 4], [2, 11, 3, 12], [4, 8, 5, 7], [18, 6, 19, 5], [16, 14, 17, 13], [22, 18, 1, 17], [20, 15, 21, 16], [14, 21, 15, 22], [6, 20, 7, 19], [8, 2, 9, 1]]"
11a_6_126,"[[8, 2, 9, 1], [12, 10, 13, 9], [10, 3, 11, 4], [2, 11, 3, 12], [4, 8, 5, 7], [18, 6, 19, 5], [16, 14, 17, 13], [22, 18, 1, 17], [20, 15, 21, 16], [14, 21, 15, 22], [6, 20, 7, 19]]"
11a_6_127,"[[6, 20, 7, 19], [8, 2, 9, 1], [12, 10, 13, 9], [10, 3, 11, 4], [2, 11, 3, 12], [4, 8, 5, 7], [18, 6, 19, 5], [16, 14, 17, 13], [22, 18, 1, 17], [20, 15, 21, 16], [14, 21, 15, 22]]"
11a_6_128,"[[14, 21, 15, 22], [6, 20, 7, 19], [8, 2, 9, 1], [12, 10, 13, 9], [10, 3, 11, 4], [2, 11, 3, 12], [4, 8, 5, 7], [18, 6, 19, 5], [16, 14, 17, 13], [22, 18, 1, 17], [20, 15, 21, 16]]"
11a_6_129,"[[20, 15, 21, 16], [14, 21, 15, 22], [6, 20, 7, 19], [8, 2, 9, 1], [12, 10, 13, 9], [10, 3, 11, 4], [2, 11, 3, 12], [4, 8, 5, 7], [18, 6, 19, 5], [16, 14, 17, 13], [22, 18, 1, 17]]"
11a_6_130,"[[22, 18, 1, 17], [20, 15, 21, 16], [14, 21, 15, 22], [6, 20, 7, 19], [8, 2, 9, 1], [12, 10, 13, 9], [10, 3, 11, 4], [2, 11, 3, 12], [4, 8, 5, 7], [18, 6, 19, 5], [16, 14, 17, 13]]"
11a_6_131,"[[16, 14, 17, 13], [22, 18, 1, 17], [20, 15, 21, 16], [14, 21, 15, 22], [6, 20, 7, 19], [8, 2, 9, 1], [12, 10, 13, 9], [10, 3, 11, 4], [2, 11, 3, 12], [4, 8, 5, 7], [18, 6, 19, 5]]"
11a_6_132,"[[19, 7, 20, 6], [17, 15, 18, 14], [1, 19, 2, 18], [21, 16, 22, 17], [15, 22, 16, 1], [7, 21, 8, 20], [9, 3, 10, 2], [13, 11, 14, 10], [11, 4, 12, 5], [3, 12, 4, 13], [5, 9, 6, 8]]"
11a_6_133,"[[5, 9, 6, 8], [19, 7, 20, 6], [17, 15, 18, 14], [1, 19, 2, 18], [21, 16, 22, 17], [15, 22, 16, 1], [7, 21, 8, 20], [9, 3, 10, 2], [13, 11, 14, 10], [11, 4, 12, 5], [3, 12, 4, 13]]"
11a_6_134,"[[3, 12, 4, 13], [5, 9, 6, 8], [19, 7, 20, 6], [17, 15, 18, 14], [1, 19, 2, 18], [21, 16, 22, 17], [15, 22, 16, 1], [7, 21, 8, 20], [9, 3, 10, 2], [13, 11, 14, 10], [11, 4, 12, 5]]"
11a_6_135,"[[11, 4, 12, 5], [3, 12, 4, 13], [5, 9, 6, 8], [19, 7, 20, 6], [17, 15, 18, 14], [1, 19, 2, 18], [21, 16, 22, 17], [15, 22, 16, 1], [7, 21, 8, 20], [9, 3, 10, 2], [13, 11, 14, 10]]"
11a_6_136,"[[13, 11, 14, 10], [11, 4, 12, 5], [3, 12, 4, 13], [5, 9, 6, 8], [19, 7, 20, 6], [17, 15, 18, 14], [1, 19, 2, 18], [21, 16, 22, 17], [15, 22, 16, 1], [7, 21, 8, 20], [9, 3, 10, 2]]"
11a_6_137,"[[9, 3, 10, 2], [13, 11, 14, 10], [11, 4, 12, 5], [3, 12, 4, 13], [5, 9, 6, 8], [19, 7, 20, 6], [17, 15, 18, 14], [1, 19, 2, 18], [21, 16, 22, 17], [15, 22, 16, 1], [7, 21, 8, 20]]"
11a_6_138,"[[7, 21, 8, 20], [9, 3, 10, 2], [13, 11, 14, 10], [11, 4, 12, 5], [3, 12, 4, 13], [5, 9, 6, 8], [19, 7, 20, 6], [17, 15, 18, 14], [1, 19, 2, 18], [21, 16, 22, 17], [15, 22, 16, 1]]"
11a_6_139,"[[15, 22, 16, 1], [7, 21, 8, 20], [9, 3, 10, 2], [13, 11, 14, 10], [11, 4, 12, 5], [3, 12, 4, 13], [5, 9, 6, 8], [19, 7, 20, 6], [17, 15, 18, 14], [1, 19, 2, 18], [21, 16, 22, 17]]"
11a_6_140,"[[21, 16, 22, 17], [15, 22, 16, 1], [7, 21, 8, 20], [9, 3, 10, 2], [13, 11, 14, 10], [11, 4, 12, 5], [3, 12, 4, 13], [5, 9, 6, 8], [19, 7, 20, 6], [17, 15, 18, 14], [1, 19, 2, 18]]"
11a_6_141,"[[1, 19, 2, 18], [21, 16, 22, 17], [15, 22, 16, 1], [7, 21, 8, 20], [9, 3, 10, 2], [13, 11, 14, 10], [11, 4, 12, 5], [3, 12, 4, 13], [5, 9, 6, 8], [19, 7, 20, 6], [17, 15, 18, 14]]"
11a_6_142,"[[17, 15, 18, 14], [1, 19, 2, 18], [21, 16, 22, 17], [15, 22, 16, 1], [7, 21, 8, 20], [9, 3, 10, 2], [13, 11, 14, 10], [11, 4, 12, 5], [3, 12, 4, 13], [5, 9, 6, 8], [19, 7, 20, 6]]"
11a_6_143,"[[20, 8, 21, 7], [18, 16, 19, 15], [2, 20, 3, 19], [22, 17, 1, 18], [16, 1, 17, 2], [8, 22, 9, 21], [10, 4, 11, 3], [14, 12, 15, 11], [12, 5, 13, 6], [4, 13, 5, 14], [6, 10, 7, 9]]"
11a_6_144,"[[6, 10, 7, 9], [20, 8, 21, 7], [18, 16, 19, 15], [2, 20, 3, 19], [22, 17, 1, 18], [16, 1, 17, 2], [8, 22, 9, 21], [10, 4, 11, 3], [14, 12, 15, 11], [12, 5, 13, 6], [4, 13, 5, 14]]"
11a_6_145,"[[4, 13, 5, 14], [6, 10, 7, 9], [20, 8, 21, 7], [18, 16, 19, 15], [2, 20, 3, 19], [22, 17, 1, 18], [16, 1, 17, 2], [8, 22, 9, 21], [10, 4, 11, 3], [14, 12, 15, 11], [12, 5, 13, 6]]"
11a_6_146,"[[12, 5, 13, 6], [4, 13, 5, 14], [6, 10, 7, 9], [20, 8, 21, 7], [18, 16, 19, 15], [2, 20, 3, 19], [22, 17, 1, 18], [16, 1, 17, 2], [8, 22, 9, 21], [10, 4, 11, 3], [14, 12, 15, 11]]"
11a_6_147,"[[14, 12, 15, 11], [12, 5, 13, 6], [4, 13, 5, 14], [6, 10, 7, 9], [20, 8, 21, 7], [18, 16, 19, 15], [2, 20, 3, 19], [22, 17, 1, 18], [16, 1, 17, 2], [8, 22, 9, 21], [10, 4, 11, 3]]"
11a_6_148,"[[10, 4, 11, 3], [14, 12, 15, 11], [12, 5, 13, 6], [4, 13, 5, 14], [6, 10, 7, 9], [20, 8, 21, 7], [18, 16, 19, 15], [2, 20, 3, 19], [22, 17, 1, 18], [16, 1, 17, 2], [8, 22, 9, 21]]"
11a_6_149,"[[8, 22, 9, 21], [10, 4, 11, 3], [14, 12, 15, 11], [12, 5, 13, 6], [4, 13, 5, 14], [6, 10, 7, 9], [20, 8, 21, 7], [18, 16, 19, 15], [2, 20, 3, 19], [22, 17, 1, 18], [16, 1, 17, 2]]"
11a_6_150,"[[16, 1, 17, 2], [8, 22, 9, 21], [10, 4, 11, 3], [14, 12, 15, 11], [12, 5, 13, 6], [4, 13, 5, 14], [6, 10, 7, 9], [20, 8, 21, 7], [18, 16, 19, 15], [2, 20, 3, 19], [22, 17, 1, 18]]"
11a_6_151,"[[22, 17, 1, 18], [16, 1, 17, 2], [8, 22, 9, 21], [10, 4, 11, 3], [14, 12, 15, 11], [12, 5, 13, 6], [4, 13, 5, 14], [6, 10, 7, 9], [20, 8, 21, 7], [18, 16, 19, 15], [2, 20, 3, 19]]"
11a_6_152,"[[2, 20, 3, 19], [22, 17, 1, 18], [16, 1, 17, 2], [8, 22, 9, 21], [10, 4, 11, 3], [14, 12, 15, 11], [12, 5, 13, 6], [4, 13, 5, 14], [6, 10, 7, 9], [20, 8, 21, 7], [18, 16, 19, 15]]"
11a_6_153,"[[18, 16, 19, 15], [2, 20, 3, 19], [22, 17, 1, 18], [16, 1, 17, 2], [8, 22, 9, 21], [10, 4, 11, 3], [14, 12, 15, 11], [12, 5, 13, 6], [4, 13, 5, 14], [6, 10, 7, 9], [20, 8, 21, 7]]"
11a_6_154,"[[21, 9, 22, 8], [19, 17, 20, 16], [3, 21, 4, 20], [1, 18, 2, 19], [17, 2, 18, 3], [9, 1, 10, 22], [11, 5, 12, 4], [15, 13, 16, 12], [13, 6, 14, 7], [5, 14, 6, 15], [7, 11, 8, 10]]"
11a_6_155,"[[7, 11, 8, 10], [21, 9, 22, 8], [19, 17, 20, 16], [3, 21, 4, 20], [1, 18, 2, 19], [17, 2, 18, 3], [9, 1, 10, 22], [11, 5, 12, 4], [15, 13, 16, 12], [13, 6, 14, 7], [5, 14, 6, 15]]"
11a_6_156,"[[5, 14, 6, 15], [7, 11, 8, 10], [21, 9, 22, 8], [19, 17, 20, 16], [3, 21, 4, 20], [1, 18, 2, 19], [17, 2, 18, 3], [9, 1, 10, 22], [11, 5, 12, 4], [15, 13, 16, 12], [13, 6, 14, 7]]"
11a_6_157,"[[13, 6, 14, 7], [5, 14, 6, 15], [7, 11, 8, 10], [21, 9, 22, 8], [19, 17, 20, 16], [3, 21, 4, 20], [1, 18, 2, 19], [17, 2, 18, 3], [9, 1, 10, 22], [11, 5, 12, 4], [15, 13, 16, 12]]"
11a_6_158,"[[15, 13, 16, 12], [13, 6, 14, 7], [5, 14, 6, 15], [7, 11, 8, 10], [21, 9, 22, 8], [19, 17, 20, 16], [3, 21, 4, 20], [1, 18, 2, 19], [17, 2, 18, 3], [9, 1, 10, 22], [11, 5, 12, 4]]"
11a_6_159,"[[11, 5, 12, 4], [15, 13, 16, 12], [13, 6, 14, 7], [5, 14, 6, 15], [7, 11, 8, 10], [21, 9, 22, 8], [19, 17, 20, 16], [3, 21, 4, 20], [1, 18, 2, 19], [17, 2, 18, 3], [9, 1, 10, 22]]"
11a_6_160,"[[9, 1, 10, 22], [11, 5, 12, 4], [15, 13, 16, 12], [13, 6, 14, 7], [5, 14, 6, 15], [7, 11, 8, 10], [21, 9, 22, 8], [19, 17, 20, 16], [3, 21, 4, 20], [1, 18, 2, 19], [17, 2, 18, 3]]"
11a_6_161,"[[17, 2, 18, 3], [9, 1, 10, 22], [11, 5, 12, 4], [15, 13, 16, 12], [13, 6, 14, 7], [5, 14, 6, 15], [7, 11, 8, 10], [21, 9, 22, 8], [19, 17, 20, 16], [3, 21, 4, 20], [1, 18, 2, 19]]"
11a_6_162,"[[1, 18, 2, 19], [17, 2, 18, 3], [9, 1, 10, 22], [11, 5, 12, 4], [15, 13, 16, 12], [13, 6, 14, 7], [5, 14, 6, 15], [7, 11, 8, 10], [21, 9, 22, 8], [19, 17, 20, 16], [3, 21, 4, 20]]"
11a_6_163,"[[3, 21, 4, 20], [1, 18, 2, 19], [17, 2, 18, 3], [9, 1, 10, 22], [11, 5, 12, 4], [15, 13, 16, 12], [13, 6, 14, 7], [5, 14, 6, 15], [7, 11, 8, 10], [21, 9, 22, 8], [19, 17, 20, 16]]"
11a_6_164,"[[19, 17, 20, 16], [3, 21, 4, 20], [1, 18, 2, 19], [17, 2, 18, 3], [9, 1, 10, 22], [11, 5, 12, 4], [15, 13, 16, 12], [13, 6, 14, 7], [5, 14, 6, 15], [7, 11, 8, 10], [21, 9, 22, 8]]"
11a_6_165,"[[22, 10, 1, 9], [20, 18, 21, 17], [4, 22, 5, 21], [2, 19, 3, 20], [18, 3, 19, 4], [10, 2, 11, 1], [12, 6, 13, 5], [16, 14, 17, 13], [14, 7, 15, 8], [6, 15, 7, 16], [8, 12, 9, 11]]"
11a_6_166,"[[8, 12, 9, 11], [22, 10, 1, 9], [20, 18, 21, 17], [4, 22, 5, 21], [2, 19, 3, 20], [18, 3, 19, 4], [10, 2, 11, 1], [12, 6, 13, 5], [16, 14, 17, 13], [14, 7, 15, 8], [6, 15, 7, 16]]"
11a_6_167,"[[6, 15, 7, 16], [8, 12, 9, 11], [22, 10, 1, 9], [20, 18, 21, 17], [4, 22, 5, 21], [2, 19, 3, 20], [18, 3, 19, 4], [10, 2, 11, 1], [12, 6, 13, 5], [16, 14, 17, 13], [14, 7, 15, 8]]"
11a_6_168,"[[14, 7, 15, 8], [6, 15, 7, 16], [8, 12, 9, 11], [22, 10, 1, 9], [20, 18, 21, 17], [4, 22, 5, 21], [2, 19, 3, 20], [18, 3, 19, 4], [10, 2, 11, 1], [12, 6, 13, 5], [16, 14, 17, 13]]"
11a_6_169,"[[16, 14, 17, 13], [14, 7, 15, 8], [6, 15, 7, 16], [8, 12, 9, 11], [22, 10, 1, 9], [20, 18, 21, 17], [4, 22, 5, 21], [2, 19, 3, 20], [18, 3, 19, 4], [10, 2, 11, 1], [12, 6, 13, 5]]"
11a_6_170,"[[12, 6, 13, 5], [16, 14, 17, 13], [14, 7, 15, 8], [6, 15, 7, 16], [8, 12, 9, 11], [22, 10, 1, 9], [20, 18, 21, 17], [4, 22, 5, 21], [2, 19, 3, 20], [18, 3, 19, 4], [10, 2, 11, 1]]"
11a_6_171,"[[10, 2, 11, 1], [12, 6, 13, 5], [16, 14, 17, 13], [14, 7, 15, 8], [6, 15, 7, 16], [8, 12, 9, 11], [22, 10, 1, 9], [20, 18, 21, 17], [4, 22, 5, 21], [2, 19, 3, 20], [18, 3, 19, 4]]"
11a_6_172,"[[18, 3, 19, 4], [10, 2, 11, 1], [12, 6, 13, 5], [16, 14, 17, 13], [14, 7, 15, 8], [6, 15, 7, 16], [8, 12, 9, 11], [22, 10, 1, 9], [20, 18, 21, 17], [4, 22, 5, 21], [2, 19, 3, 20]]"
11a_6_173,"[[2, 19, 3, 20], [18, 3, 19, 4], [10, 2, 11, 1], [12, 6, 13, 5], [16, 14, 17, 13], [14, 7, 15, 8], [6, 15, 7, 16], [8, 12, 9, 11], [22, 10, 1, 9], [20, 18, 21, 17], [4, 22, 5, 21]]"
11a_6_174,"[[4, 22, 5, 21], [2, 19, 3, 20], [18, 3, 19, 4], [10, 2, 11, 1], [12, 6, 13, 5], [16, 14, 17, 13], [14, 7, 15, 8], [6, 15, 7, 16], [8, 12, 9, 11], [22, 10, 1, 9], [20, 18, 21, 17]]"
11a_6_175,"[[20, 18, 21, 17], [4, 22, 5, 21], [2, 19, 3, 20], [18, 3, 19, 4], [10, 2, 11, 1], [12, 6, 13, 5], [16, 14, 17, 13], [14, 7, 15, 8], [6, 15, 7, 16], [8, 12, 9, 11], [22, 10, 1, 9]]"
11a_6_176,"[[1, 11, 2, 10], [21, 19, 22, 18], [5, 1, 6, 22], [3, 20, 4, 21], [19, 4, 20, 5], [11, 3, 12, 2], [13, 7, 14, 6], [17, 15, 18, 14], [15, 8, 16, 9], [7, 16, 8, 17], [9, 13, 10, 12]]"
11a_6_177,"[[9, 13, 10, 12], [1, 11, 2, 10], [21, 19, 22, 18], [5, 1, 6, 22], [3, 20, 4, 21], [19, 4, 20, 5], [11, 3, 12, 2], [13, 7, 14, 6], [17, 15, 18, 14], [15, 8, 16, 9], [7, 16, 8, 17]]"
11a_6_178,"[[7, 16, 8, 17], [9, 13, 10, 12], [1, 11, 2, 10], [21, 19, 22, 18], [5, 1, 6, 22], [3, 20, 4, 21], [19, 4, 20, 5], [11, 3, 12, 2], [13, 7, 14, 6], [17, 15, 18, 14], [15, 8, 16, 9]]"
11a_6_179,"[[15, 8, 16, 9], [7, 16, 8, 17], [9, 13, 10, 12], [1, 11, 2, 10], [21, 19, 22, 18], [5, 1, 6, 22], [3, 20, 4, 21], [19, 4, 20, 5], [11, 3, 12, 2], [13, 7, 14, 6], [17, 15, 18, 14]]"
11a_6_180,"[[17, 15, 18, 14], [15, 8, 16, 9], [7, 16, 8, 17], [9, 13, 10, 12], [1, 11, 2, 10], [21, 19, 22, 18], [5, 1, 6, 22], [3, 20, 4, 21], [19, 4, 20, 5], [11, 3, 12, 2], [13, 7, 14, 6]]"
11a_6_181,"[[13, 7, 14, 6], [17, 15, 18, 14], [15, 8, 16, 9], [7, 16, 8, 17], [9, 13, 10, 12], [1, 11, 2, 10], [21, 19, 22, 18], [5, 1, 6, 22], [3, 20, 4, 21], [19, 4, 20, 5], [11, 3, 12, 2]]"
11a_6_182,"[[11, 3, 12, 2], [13, 7, 14, 6], [17, 15, 18, 14], [15, 8, 16, 9], [7, 16, 8, 17], [9, 13, 10, 12], [1, 11, 2, 10], [21, 19, 22, 18], [5, 1, 6, 22], [3, 20, 4, 21], [19, 4, 20, 5]]"
11a_6_183,"[[19, 4, 20, 5], [11, 3, 12, 2], [13, 7, 14, 6], [17, 15, 18, 14], [15, 8, 16, 9], [7, 16, 8, 17], [9, 13, 10, 12], [1, 11, 2, 10], [21, 19, 22, 18], [5, 1, 6, 22], [3, 20, 4, 21]]"
11a_6_184,"[[3, 20, 4, 21], [19, 4, 20, 5], [11, 3, 12, 2], [13, 7, 14, 6], [17, 15, 18, 14], [15, 8, 16, 9], [7, 16, 8, 17], [9, 13, 10, 12], [1, 11, 2, 10], [21, 19, 22, 18], [5, 1, 6, 22]]"
11a_6_185,"[[5, 1, 6, 22], [3, 20, 4, 21], [19, 4, 20, 5], [11, 3, 12, 2], [13, 7, 14, 6], [17, 15, 18, 14], [15, 8, 16, 9], [7, 16, 8, 17], [9, 13, 10, 12], [1, 11, 2, 10], [21, 19, 22, 18]]"
11a_6_186,"[[21, 19, 22, 18], [5, 1, 6, 22], [3, 20, 4, 21], [19, 4, 20, 5], [11, 3, 12, 2], [13, 7, 14, 6], [17, 15, 18, 14], [15, 8, 16, 9], [7, 16, 8, 17], [9, 13, 10, 12], [1, 11, 2, 10]]"
11a_6_187,"[[2, 12, 3, 11], [22, 20, 1, 19], [6, 2, 7, 1], [4, 21, 5, 22], [20, 5, 21, 6], [12, 4, 13, 3], [14, 8, 15, 7], [18, 16, 19, 15], [16, 9, 17, 10], [8, 17, 9, 18], [10, 14, 11, 13]]"
11a_6_188,"[[10, 14, 11, 13], [2, 12, 3, 11], [22, 20, 1, 19], [6, 2, 7, 1], [4, 21, 5, 22], [20, 5, 21, 6], [12, 4, 13, 3], [14, 8, 15, 7], [18, 16, 19, 15], [16, 9, 17, 10], [8, 17, 9, 18]]"
11a_6_189,"[[8, 17, 9, 18], [10, 14, 11, 13], [2, 12, 3, 11], [22, 20, 1, 19], [6, 2, 7, 1], [4, 21, 5, 22], [20, 5, 21, 6], [12, 4, 13, 3], [14, 8, 15, 7], [18, 16, 19, 15], [16, 9, 17, 10]]"
11a_6_190,"[[16, 9, 17, 10], [8, 17, 9, 18], [10, 14, 11, 13], [2, 12, 3, 11], [22, 20, 1, 19], [6, 2, 7, 1], [4, 21, 5, 22], [20, 5, 21, 6], [12, 4, 13, 3], [14, 8, 15, 7], [18, 16, 19, 15]]"
11a_6_191,"[[18, 16, 19, 15], [16, 9, 17, 10], [8, 17, 9, 18], [10, 14, 11, 13], [2, 12, 3, 11], [22, 20, 1, 19], [6, 2, 7, 1], [4, 21, 5, 22], [20, 5, 21, 6], [12, 4, 13, 3], [14, 8, 15, 7]]"
11a_6_192,"[[14, 8, 15, 7], [18, 16, 19, 15], [16, 9, 17, 10], [8, 17, 9, 18], [10, 14, 11, 13], [2, 12, 3, 11], [22, 20, 1, 19], [6, 2, 7, 1], [4, 21, 5, 22], [20, 5, 21, 6], [12, 4, 13, 3]]"
11a_6_193,"[[12, 4, 13, 3], [14, 8, 15, 7], [18, 16, 19, 15], [16, 9, 17, 10], [8, 17, 9, 18], [10, 14, 11, 13], [2, 12, 3, 11], [22, 20, 1, 19], [6, 2, 7, 1], [4, 21, 5, 22], [20, 5, 21, 6]]"
11a_6_194,"[[20, 5, 21, 6], [12, 4, 13, 3], [14, 8, 15, 7], [18, 16, 19, 15], [16, 9, 17, 10], [8, 17, 9, 18], [10, 14, 11, 13], [2, 12, 3, 11], [22, 20, 1, 19], [6, 2, 7, 1], [4, 21, 5, 22]]"
11a_6_195,"[[4, 21, 5, 22], [20, 5, 21, 6], [12, 4, 13, 3], [14, 8, 15, 7], [18, 16, 19, 15], [16, 9, 17, 10], [8, 17, 9, 18], [10, 14, 11, 13], [2, 12, 3, 11], [22, 20, 1, 19], [6, 2, 7, 1]]"
11a_6_196,"[[6, 2, 7, 1], [4, 21, 5, 22], [20, 5, 21, 6], [12, 4, 13, 3], [14, 8, 15, 7], [18, 16, 19, 15], [16, 9, 17, 10], [8, 17, 9, 18], [10, 14, 11, 13], [2, 12, 3, 11], [22, 20, 1, 19]]"
11a_6_197,"[[22, 20, 1, 19], [6, 2, 7, 1], [4, 21, 5, 22], [20, 5, 21, 6], [12, 4, 13, 3], [14, 8, 15, 7], [18, 16, 19, 15], [16, 9, 17, 10], [8, 17, 9, 18], [10, 14, 11, 13], [2, 12, 3, 11]]"
11a_6_198,"[[3, 13, 4, 12], [1, 21, 2, 20], [7, 3, 8, 2], [5, 22, 6, 1], [21, 6, 22, 7], [13, 5, 14, 4], [15, 9, 16, 8], [19, 17, 20, 16], [17, 10, 18, 11], [9, 18, 10, 19], [11, 15, 12, 14]]"
11a_6_199,"[[11, 15, 12, 14], [3, 13, 4, 12], [1, 21, 2, 20], [7, 3, 8, 2], [5, 22, 6, 1], [21, 6, 22, 7], [13, 5, 14, 4], [15, 9, 16, 8], [19, 17, 20, 16], [17, 10, 18, 11], [9, 18, 10, 19]]"
11a_6_200,"[[9, 18, 10, 19], [11, 15, 12, 14], [3, 13, 4, 12], [1, 21, 2, 20], [7, 3, 8, 2], [5, 22, 6, 1], [21, 6, 22, 7], [13, 5, 14, 4], [15, 9, 16, 8], [19, 17, 20, 16], [17, 10, 18, 11]]"
11a_6_201,"[[17, 10, 18, 11], [9, 18, 10, 19], [11, 15, 12, 14], [3, 13, 4, 12], [1, 21, 2, 20], [7, 3, 8, 2], [5, 22, 6, 1], [21, 6, 22, 7], [13, 5, 14, 4], [15, 9, 16, 8], [19, 17, 20, 16]]"
11a_6_202,"[[19, 17, 20, 16], [17, 10, 18, 11], [9, 18, 10, 19], [11, 15, 12, 14], [3, 13, 4, 12], [1, 21, 2, 20], [7, 3, 8, 2], [5, 22, 6, 1], [21, 6, 22, 7], [13, 5, 14, 4], [15, 9, 16, 8]]"
11a_6_203,"[[15, 9, 16, 8], [19, 17, 20, 16], [17, 10, 18, 11], [9, 18, 10, 19], [11, 15, 12, 14], [3, 13, 4, 12], [1, 21, 2, 20], [7, 3, 8, 2], [5, 22, 6, 1], [21, 6, 22, 7], [13, 5, 14, 4]]"
11a_6_204,"[[13, 5, 14, 4], [15, 9, 16, 8], [19, 17, 20, 16], [17, 10, 18, 11], [9, 18, 10, 19], [11, 15, 12, 14], [3, 13, 4, 12], [1, 21, 2, 20], [7, 3, 8, 2], [5, 22, 6, 1], [21, 6, 22, 7]]"
11a_6_205,"[[21, 6, 22, 7], [13, 5, 14, 4], [15, 9, 16, 8], [19, 17, 20, 16], [17, 10, 18, 11], [9, 18, 10, 19], [11, 15, 12, 14], [3, 13, 4, 12], [1, 21, 2, 20], [7, 3, 8, 2], [5, 22, 6, 1]]"
