name,pd_notation
11a_201_0,"[[9, 22, 10, 1], [5, 3, 6, 2], [15, 9, 16, 8], [13, 4, 14, 5], [3, 14, 4, 15], [17, 7, 18, 6], [7, 17, 8, 16], [1, 19, 2, 18], [19, 12, 20, 13], [21, 10, 22, 11], [11, 20, 12, 21]]"
11a_201_1,"[[11, 20, 12, 21], [9, 22, 10, 1], [5, 3, 6, 2], [15, 9, 16, 8], [13, 4, 14, 5], [3, 14, 4, 15], [17, 7, 18, 6], [7, 17, 8, 16], [1, 19, 2, 18], [19, 12, 20, 13], [21, 10, 22, 11]]"
11a_201_2,"[[21, 10, 22, 11], [11, 20, 12, 21], [9, 22, 10, 1], [5, 3, 6, 2], [15, 9, 16, 8], [13, 4, 14, 5], [3, 14, 4, 15], [17, 7, 18, 6], [7, 17, 8, 16], [1, 19, 2, 18], [19, 12, 20, 13]]"
11a_201_3,"[[19, 12, 20, 13], [21, 10, 22, 11], [11, 20, 12, 21], [9, 22, 10, 1], [5, 3, 6, 2], [15, 9, 16, 8], [13, 4, 14, 5], [3, 14, 4, 15], [17, 7, 18, 6], [7, 17, 8, 16], [1, 19, 2, 18]]"
11a_201_4,"[[1, 19, 2, 18], [19, 12, 20, 13], [21, 10, 22, 11], [11, 20, 12, 21], [9, 22, 10, 1], [5, 3, 6, 2], [15, 9, 16, 8], [13, 4, 14, 5], [3, 14, 4, 15], [17, 7, 18, 6], [7, 17, 8, 16]]"
11a_201_5,"[[7, 17, 8, 16], [1, 19, 2, 18], [19, 12, 20, 13], [21, 10, 22, 11], [11, 20, 12, 21], [9, 22, 10, 1], [5, 3, 6, 2], [15, 9, 16, 8], [13, 4, 14, 5], [3, 14, 4, 15], [17, 7, 18, 6]]"
11a_201_6,"[[17, 7, 18, 6], [7, 17, 8, 16], [1, 19, 2, 18], [19, 12, 20, 13], [21, 10, 22, 11], [11, 20, 12, 21], [9, 22, 10, 1], [5, 3, 6, 2], [15, 9, 16, 8], [13, 4, 14, 5], [3, 14, 4, 15]]"
11a_201_7,"[[3, 14, 4, 15], [17, 7, 18, 6], [7, 17, 8, 16], [1, 19, 2, 18], [19, 12, 20, 13], [21, 10, 22, 11], [11, 20, 12, 21], [9, 22, 10, 1], [5, 3, 6, 2], [15, 9, 16, 8], [13, 4, 14, 5]]"
11a_201_8,"[[13, 4, 14, 5], [3, 14, 4, 15], [17, 7, 18, 6], [7, 17, 8, 16], [1, 19, 2, 18], [19, 12, 20, 13], [21, 10, 22, 11], [11, 20, 12, 21], [9, 22, 10, 1], [5, 3, 6, 2], [15, 9, 16, 8]]"
11a_201_9,"[[15, 9, 16, 8], [13, 4, 14, 5], [3, 14, 4, 15], [17, 7, 18, 6], [7, 17, 8, 16], [1, 19, 2, 18], [19, 12, 20, 13], [21, 10, 22, 11], [11, 20, 12, 21], [9, 22, 10, 1], [5, 3, 6, 2]]"
11a_201_10,"[[5, 3, 6, 2], [15, 9, 16, 8], [13, 4, 14, 5], [3, 14, 4, 15], [17, 7, 18, 6], [7, 17, 8, 16], [1, 19, 2, 18], [19, 12, 20, 13], [21, 10, 22, 11], [11, 20, 12, 21], [9, 22, 10, 1]]"
11a_201_11,"[[10, 1, 11, 2], [6, 4, 7, 3], [16, 10, 17, 9], [14, 5, 15, 6], [4, 15, 5, 16], [18, 8, 19, 7], [8, 18, 9, 17], [2, 20, 3, 19], [20, 13, 21, 14], [22, 11, 1, 12], [12, 21, 13, 22]]"
11a_201_12,"[[12, 21, 13, 22], [10, 1, 11, 2], [6, 4, 7, 3], [16, 10, 17, 9], [14, 5, 15, 6], [4, 15, 5, 16], [18, 8, 19, 7], [8, 18, 9, 17], [2, 20, 3, 19], [20, 13, 21, 14], [22, 11, 1, 12]]"
11a_201_13,"[[22, 11, 1, 12], [12, 21, 13, 22], [10, 1, 11, 2], [6, 4, 7, 3], [16, 10, 17, 9], [14, 5, 15, 6], [4, 15, 5, 16], [18, 8, 19, 7], [8, 18, 9, 17], [2, 20, 3, 19], [20, 13, 21, 14]]"
11a_201_14,"[[20, 13, 21, 14], [22, 11, 1, 12], [12, 21, 13, 22], [10, 1, 11, 2], [6, 4, 7, 3], [16, 10, 17, 9], [14, 5, 15, 6], [4, 15, 5, 16], [18, 8, 19, 7], [8, 18, 9, 17], [2, 20, 3, 19]]"
11a_201_15,"[[2, 20, 3, 19], [20, 13, 21, 14], [22, 11, 1, 12], [12, 21, 13, 22], [10, 1, 11, 2], [6, 4, 7, 3], [16, 10, 17, 9], [14, 5, 15, 6], [4, 15, 5, 16], [18, 8, 19, 7], [8, 18, 9, 17]]"
11a_201_16,"[[8, 18, 9, 17], [2, 20, 3, 19], [20, 13, 21, 14], [22, 11, 1, 12], [12, 21, 13, 22], [10, 1, 11, 2], [6, 4, 7, 3], [16, 10, 17, 9], [14, 5, 15, 6], [4, 15, 5, 16], [18, 8, 19, 7]]"
11a_201_17,"[[18, 8, 19, 7], [8, 18, 9, 17], [2, 20, 3, 19], [20, 13, 21, 14], [22, 11, 1, 12], [12, 21, 13, 22], [10, 1, 11, 2], [6, 4, 7, 3], [16, 10, 17, 9], [14, 5, 15, 6], [4, 15, 5, 16]]"
11a_201_18,"[[4, 15, 5, 16], [18, 8, 19, 7], [8, 18, 9, 17], [2, 20, 3, 19], [20, 13, 21, 14], [22, 11, 1, 12], [12, 21, 13, 22], [10, 1, 11, 2], [6, 4, 7, 3], [16, 10, 17, 9], [14, 5, 15, 6]]"
11a_201_19,"[[14, 5, 15, 6], [4, 15, 5, 16], [18, 8, 19, 7], [8, 18, 9, 17], [2, 20, 3, 19], [20, 13, 21, 14], [22, 11, 1, 12], [12, 21, 13, 22], [10, 1, 11, 2], [6, 4, 7, 3], [16, 10, 17, 9]]"
11a_201_20,"[[16, 10, 17, 9], [14, 5, 15, 6], [4, 15, 5, 16], [18, 8, 19, 7], [8, 18, 9, 17], [2, 20, 3, 19], [20, 13, 21, 14], [22, 11, 1, 12], [12, 21, 13, 22], [10, 1, 11, 2], [6, 4, 7, 3]]"
11a_201_21,"[[6, 4, 7, 3], [16, 10, 17, 9], [14, 5, 15, 6], [4, 15, 5, 16], [18, 8, 19, 7], [8, 18, 9, 17], [2, 20, 3, 19], [20, 13, 21, 14], [22, 11, 1, 12], [12, 21, 13, 22], [10, 1, 11, 2]]"
11a_201_22,"[[11, 2, 12, 3], [7, 5, 8, 4], [17, 11, 18, 10], [15, 6, 16, 7], [5, 16, 6, 17], [19, 9, 20, 8], [9, 19, 10, 18], [3, 21, 4, 20], [21, 14, 22, 15], [1, 12, 2, 13], [13, 22, 14, 1]]"
11a_201_23,"[[13, 22, 14, 1], [11, 2, 12, 3], [7, 5, 8, 4], [17, 11, 18, 10], [15, 6, 16, 7], [5, 16, 6, 17], [19, 9, 20, 8], [9, 19, 10, 18], [3, 21, 4, 20], [21, 14, 22, 15], [1, 12, 2, 13]]"
11a_201_24,"[[1, 12, 2, 13], [13, 22, 14, 1], [11, 2, 12, 3], [7, 5, 8, 4], [17, 11, 18, 10], [15, 6, 16, 7], [5, 16, 6, 17], [19, 9, 20, 8], [9, 19, 10, 18], [3, 21, 4, 20], [21, 14, 22, 15]]"
11a_201_25,"[[21, 14, 22, 15], [1, 12, 2, 13], [13, 22, 14, 1], [11, 2, 12, 3], [7, 5, 8, 4], [17, 11, 18, 10], [15, 6, 16, 7], [5, 16, 6, 17], [19, 9, 20, 8], [9, 19, 10, 18], [3, 21, 4, 20]]"
11a_201_26,"[[3, 21, 4, 20], [21, 14, 22, 15], [1, 12, 2, 13], [13, 22, 14, 1], [11, 2, 12, 3], [7, 5, 8, 4], [17, 11, 18, 10], [15, 6, 16, 7], [5, 16, 6, 17], [19, 9, 20, 8], [9, 19, 10, 18]]"
11a_201_27,"[[9, 19, 10, 18], [3, 21, 4, 20], [21, 14, 22, 15], [1, 12, 2, 13], [13, 22, 14, 1], [11, 2, 12, 3], [7, 5, 8, 4], [17, 11, 18, 10], [15, 6, 16, 7], [5, 16, 6, 17], [19, 9, 20, 8]]"
11a_201_28,"[[19, 9, 20, 8], [9, 19, 10, 18], [3, 21, 4, 20], [21, 14, 22, 15], [1, 12, 2, 13], [13, 22, 14, 1], [11, 2, 12, 3], [7, 5, 8, 4], [17, 11, 18, 10], [15, 6, 16, 7], [5, 16, 6, 17]]"
11a_201_29,"[[5, 16, 6, 17], [19, 9, 20, 8], [9, 19, 10, 18], [3, 21, 4, 20], [21, 14, 22, 15], [1, 12, 2, 13], [13, 22, 14, 1], [11, 2, 12, 3], [7, 5, 8, 4], [17, 11, 18, 10], [15, 6, 16, 7]]"
11a_201_30,"[[15, 6, 16, 7], [5, 16, 6, 17], [19, 9, 20, 8], [9, 19, 10, 18], [3, 21, 4, 20], [21, 14, 22, 15], [1, 12, 2, 13], [13, 22, 14, 1], [11, 2, 12, 3], [7, 5, 8, 4], [17, 11, 18, 10]]"
11a_201_31,"[[17, 11, 18, 10], [15, 6, 16, 7], [5, 16, 6, 17], [19, 9, 20, 8], [9, 19, 10, 18], [3, 21, 4, 20], [21, 14, 22, 15], [1, 12, 2, 13], [13, 22, 14, 1], [11, 2, 12, 3], [7, 5, 8, 4]]"
11a_201_32,"[[7, 5, 8, 4], [17, 11, 18, 10], [15, 6, 16, 7], [5, 16, 6, 17], [19, 9, 20, 8], [9, 19, 10, 18], [3, 21, 4, 20], [21, 14, 22, 15], [1, 12, 2, 13], [13, 22, 14, 1], [11, 2, 12, 3]]"
11a_201_33,"[[12, 3, 13, 4], [8, 6, 9, 5], [18, 12, 19, 11], [16, 7, 17, 8], [6, 17, 7, 18], [20, 10, 21, 9], [10, 20, 11, 19], [4, 22, 5, 21], [22, 15, 1, 16], [2, 13, 3, 14], [14, 1, 15, 2]]"
11a_201_34,"[[14, 1, 15, 2], [12, 3, 13, 4], [8, 6, 9, 5], [18, 12, 19, 11], [16, 7, 17, 8], [6, 17, 7, 18], [20, 10, 21, 9], [10, 20, 11, 19], [4, 22, 5, 21], [22, 15, 1, 16], [2, 13, 3, 14]]"
11a_201_35,"[[2, 13, 3, 14], [14, 1, 15, 2], [12, 3, 13, 4], [8, 6, 9, 5], [18, 12, 19, 11], [16, 7, 17, 8], [6, 17, 7, 18], [20, 10, 21, 9], [10, 20, 11, 19], [4, 22, 5, 21], [22, 15, 1, 16]]"
11a_201_36,"[[22, 15, 1, 16], [2, 13, 3, 14], [14, 1, 15, 2], [12, 3, 13, 4], [8, 6, 9, 5], [18, 12, 19, 11], [16, 7, 17, 8], [6, 17, 7, 18], [20, 10, 21, 9], [10, 20, 11, 19], [4, 22, 5, 21]]"
11a_201_37,"[[4, 22, 5, 21], [22, 15, 1, 16], [2, 13, 3, 14], [14, 1, 15, 2], [12, 3, 13, 4], [8, 6, 9, 5], [18, 12, 19, 11], [16, 7, 17, 8], [6, 17, 7, 18], [20, 10, 21, 9], [10, 20, 11, 19]]"
11a_201_38,"[[10, 20, 11, 19], [4, 22, 5, 21], [22, 15, 1, 16], [2, 13, 3, 14], [14, 1, 15, 2], [12, 3, 13, 4], [8, 6, 9, 5], [18, 12, 19, 11], [16, 7, 17, 8], [6, 17, 7, 18], [20, 10, 21, 9]]"
11a_201_39,"[[20, 10, 21, 9], [10, 20, 11, 19], [4, 22, 5, 21], [22, 15, 1, 16], [2, 13, 3, 14], [14, 1, 15, 2], [12, 3, 13, 4], [8, 6, 9, 5], [18, 12, 19, 11], [16, 7, 17, 8], [6, 17, 7, 18]]"
11a_201_40,"[[6, 17, 7, 18], [20, 10, 21, 9], [10, 20, 11, 19], [4, 22, 5, 21], [22, 15, 1, 16], [2, 13, 3, 14], [14, 1, 15, 2], [12, 3, 13, 4], [8, 6, 9, 5], [18, 12, 19, 11], [16, 7, 17, 8]]"
11a_201_41,"[[16, 7, 17, 8], [6, 17, 7, 18], [20, 10, 21, 9], [10, 20, 11, 19], [4, 22, 5, 21], [22, 15, 1, 16], [2, 13, 3, 14], [14, 1, 15, 2], [12, 3, 13, 4], [8, 6, 9, 5], [18, 12, 19, 11]]"
11a_201_42,"[[18, 12, 19, 11], [16, 7, 17, 8], [6, 17, 7, 18], [20, 10, 21, 9], [10, 20, 11, 19], [4, 22, 5, 21], [22, 15, 1, 16], [2, 13, 3, 14], [14, 1, 15, 2], [12, 3, 13, 4], [8, 6, 9, 5]]"
11a_201_43,"[[8, 6, 9, 5], [18, 12, 19, 11], [16, 7, 17, 8], [6, 17, 7, 18], [20, 10, 21, 9], [10, 20, 11, 19], [4, 22, 5, 21], [22, 15, 1, 16], [2, 13, 3, 14], [14, 1, 15, 2], [12, 3, 13, 4]]"
11a_201_44,"[[13, 4, 14, 5], [9, 7, 10, 6], [19, 13, 20, 12], [17, 8, 18, 9], [7, 18, 8, 19], [21, 11, 22, 10], [11, 21, 12, 20], [5, 1, 6, 22], [1, 16, 2, 17], [3, 14, 4, 15], [15, 2, 16, 3]]"
11a_201_45,"[[15, 2, 16, 3], [13, 4, 14, 5], [9, 7, 10, 6], [19, 13, 20, 12], [17, 8, 18, 9], [7, 18, 8, 19], [21, 11, 22, 10], [11, 21, 12, 20], [5, 1, 6, 22], [1, 16, 2, 17], [3, 14, 4, 15]]"
11a_201_46,"[[3, 14, 4, 15], [15, 2, 16, 3], [13, 4, 14, 5], [9, 7, 10, 6], [19, 13, 20, 12], [17, 8, 18, 9], [7, 18, 8, 19], [21, 11, 22, 10], [11, 21, 12, 20], [5, 1, 6, 22], [1, 16, 2, 17]]"
11a_201_47,"[[1, 16, 2, 17], [3, 14, 4, 15], [15, 2, 16, 3], [13, 4, 14, 5], [9, 7, 10, 6], [19, 13, 20, 12], [17, 8, 18, 9], [7, 18, 8, 19], [21, 11, 22, 10], [11, 21, 12, 20], [5, 1, 6, 22]]"
11a_201_48,"[[5, 1, 6, 22], [1, 16, 2, 17], [3, 14, 4, 15], [15, 2, 16, 3], [13, 4, 14, 5], [9, 7, 10, 6], [19, 13, 20, 12], [17, 8, 18, 9], [7, 18, 8, 19], [21, 11, 22, 10], [11, 21, 12, 20]]"
11a_201_49,"[[11, 21, 12, 20], [5, 1, 6, 22], [1, 16, 2, 17], [3, 14, 4, 15], [15, 2, 16, 3], [13, 4, 14, 5], [9, 7, 10, 6], [19, 13, 20, 12], [17, 8, 18, 9], [7, 18, 8, 19], [21, 11, 22, 10]]"
11a_201_50,"[[21, 11, 22, 10], [11, 21, 12, 20], [5, 1, 6, 22], [1, 16, 2, 17], [3, 14, 4, 15], [15, 2, 16, 3], [13, 4, 14, 5], [9, 7, 10, 6], [19, 13, 20, 12], [17, 8, 18, 9], [7, 18, 8, 19]]"
11a_201_51,"[[7, 18, 8, 19], [21, 11, 22, 10], [11, 21, 12, 20], [5, 1, 6, 22], [1, 16, 2, 17], [3, 14, 4, 15], [15, 2, 16, 3], [13, 4, 14, 5], [9, 7, 10, 6], [19, 13, 20, 12], [17, 8, 18, 9]]"
11a_201_52,"[[17, 8, 18, 9], [7, 18, 8, 19], [21, 11, 22, 10], [11, 21, 12, 20], [5, 1, 6, 22], [1, 16, 2, 17], [3, 14, 4, 15], [15, 2, 16, 3], [13, 4, 14, 5], [9, 7, 10, 6], [19, 13, 20, 12]]"
11a_201_53,"[[19, 13, 20, 12], [17, 8, 18, 9], [7, 18, 8, 19], [21, 11, 22, 10], [11, 21, 12, 20], [5, 1, 6, 22], [1, 16, 2, 17], [3, 14, 4, 15], [15, 2, 16, 3], [13, 4, 14, 5], [9, 7, 10, 6]]"
11a_201_54,"[[9, 7, 10, 6], [19, 13, 20, 12], [17, 8, 18, 9], [7, 18, 8, 19], [21, 11, 22, 10], [11, 21, 12, 20], [5, 1, 6, 22], [1, 16, 2, 17], [3, 14, 4, 15], [15, 2, 16, 3], [13, 4, 14, 5]]"
11a_201_55,"[[14, 5, 15, 6], [10, 8, 11, 7], [20, 14, 21, 13], [18, 9, 19, 10], [8, 19, 9, 20], [22, 12, 1, 11], [12, 22, 13, 21], [6, 2, 7, 1], [2, 17, 3, 18], [4, 15, 5, 16], [16, 3, 17, 4]]"
11a_201_56,"[[16, 3, 17, 4], [14, 5, 15, 6], [10, 8, 11, 7], [20, 14, 21, 13], [18, 9, 19, 10], [8, 19, 9, 20], [22, 12, 1, 11], [12, 22, 13, 21], [6, 2, 7, 1], [2, 17, 3, 18], [4, 15, 5, 16]]"
11a_201_57,"[[4, 15, 5, 16], [16, 3, 17, 4], [14, 5, 15, 6], [10, 8, 11, 7], [20, 14, 21, 13], [18, 9, 19, 10], [8, 19, 9, 20], [22, 12, 1, 11], [12, 22, 13, 21], [6, 2, 7, 1], [2, 17, 3, 18]]"
11a_201_58,"[[2, 17, 3, 18], [4, 15, 5, 16], [16, 3, 17, 4], [14, 5, 15, 6], [10, 8, 11, 7], [20, 14, 21, 13], [18, 9, 19, 10], [8, 19, 9, 20], [22, 12, 1, 11], [12, 22, 13, 21], [6, 2, 7, 1]]"
11a_201_59,"[[6, 2, 7, 1], [2, 17, 3, 18], [4, 15, 5, 16], [16, 3, 17, 4], [14, 5, 15, 6], [10, 8, 11, 7], [20, 14, 21, 13], [18, 9, 19, 10], [8, 19, 9, 20], [22, 12, 1, 11], [12, 22, 13, 21]]"
11a_201_60,"[[12, 22, 13, 21], [6, 2, 7, 1], [2, 17, 3, 18], [4, 15, 5, 16], [16, 3, 17, 4], [14, 5, 15, 6], [10, 8, 11, 7], [20, 14, 21, 13], [18, 9, 19, 10], [8, 19, 9, 20], [22, 12, 1, 11]]"
11a_201_61,"[[22, 12, 1, 11], [12, 22, 13, 21], [6, 2, 7, 1], [2, 17, 3, 18], [4, 15, 5, 16], [16, 3, 17, 4], [14, 5, 15, 6], [10, 8, 11, 7], [20, 14, 21, 13], [18, 9, 19, 10], [8, 19, 9, 20]]"
11a_201_62,"[[8, 19, 9, 20], [22, 12, 1, 11], [12, 22, 13, 21], [6, 2, 7, 1], [2, 17, 3, 18], [4, 15, 5, 16], [16, 3, 17, 4], [14, 5, 15, 6], [10, 8, 11, 7], [20, 14, 21, 13], [18, 9, 19, 10]]"
11a_201_63,"[[18, 9, 19, 10], [8, 19, 9, 20], [22, 12, 1, 11], [12, 22, 13, 21], [6, 2, 7, 1], [2, 17, 3, 18], [4, 15, 5, 16], [16, 3, 17, 4], [14, 5, 15, 6], [10, 8, 11, 7], [20, 14, 21, 13]]"
11a_201_64,"[[20, 14, 21, 13], [18, 9, 19, 10], [8, 19, 9, 20], [22, 12, 1, 11], [12, 22, 13, 21], [6, 2, 7, 1], [2, 17, 3, 18], [4, 15, 5, 16], [16, 3, 17, 4], [14, 5, 15, 6], [10, 8, 11, 7]]"
11a_201_65,"[[10, 8, 11, 7], [20, 14, 21, 13], [18, 9, 19, 10], [8, 19, 9, 20], [22, 12, 1, 11], [12, 22, 13, 21], [6, 2, 7, 1], [2, 17, 3, 18], [4, 15, 5, 16], [16, 3, 17, 4], [14, 5, 15, 6]]"
11a_201_66,"[[15, 6, 16, 7], [11, 9, 12, 8], [21, 15, 22, 14], [19, 10, 20, 11], [9, 20, 10, 21], [1, 13, 2, 12], [13, 1, 14, 22], [7, 3, 8, 2], [3, 18, 4, 19], [5, 16, 6, 17], [17, 4, 18, 5]]"
11a_201_67,"[[17, 4, 18, 5], [15, 6, 16, 7], [11, 9, 12, 8], [21, 15, 22, 14], [19, 10, 20, 11], [9, 20, 10, 21], [1, 13, 2, 12], [13, 1, 14, 22], [7, 3, 8, 2], [3, 18, 4, 19], [5, 16, 6, 17]]"
11a_201_68,"[[5, 16, 6, 17], [17, 4, 18, 5], [15, 6, 16, 7], [11, 9, 12, 8], [21, 15, 22, 14], [19, 10, 20, 11], [9, 20, 10, 21], [1, 13, 2, 12], [13, 1, 14, 22], [7, 3, 8, 2], [3, 18, 4, 19]]"
11a_201_69,"[[3, 18, 4, 19], [5, 16, 6, 17], [17, 4, 18, 5], [15, 6, 16, 7], [11, 9, 12, 8], [21, 15, 22, 14], [19, 10, 20, 11], [9, 20, 10, 21], [1, 13, 2, 12], [13, 1, 14, 22], [7, 3, 8, 2]]"
11a_201_70,"[[7, 3, 8, 2], [3, 18, 4, 19], [5, 16, 6, 17], [17, 4, 18, 5], [15, 6, 16, 7], [11, 9, 12, 8], [21, 15, 22, 14], [19, 10, 20, 11], [9, 20, 10, 21], [1, 13, 2, 12], [13, 1, 14, 22]]"
11a_201_71,"[[13, 1, 14, 22], [7, 3, 8, 2], [3, 18, 4, 19], [5, 16, 6, 17], [17, 4, 18, 5], [15, 6, 16, 7], [11, 9, 12, 8], [21, 15, 22, 14], [19, 10, 20, 11], [9, 20, 10, 21], [1, 13, 2, 12]]"
11a_201_72,"[[1, 13, 2, 12], [13, 1, 14, 22], [7, 3, 8, 2], [3, 18, 4, 19], [5, 16, 6, 17], [17, 4, 18, 5], [15, 6, 16, 7], [11, 9, 12, 8], [21, 15, 22, 14], [19, 10, 20, 11], [9, 20, 10, 21]]"
11a_201_73,"[[9, 20, 10, 21], [1, 13, 2, 12], [13, 1, 14, 22], [7, 3, 8, 2], [3, 18, 4, 19], [5, 16, 6, 17], [17, 4, 18, 5], [15, 6, 16, 7], [11, 9, 12, 8], [21, 15, 22, 14], [19, 10, 20, 11]]"
11a_201_74,"[[19, 10, 20, 11], [9, 20, 10, 21], [1, 13, 2, 12], [13, 1, 14, 22], [7, 3, 8, 2], [3, 18, 4, 19], [5, 16, 6, 17], [17, 4, 18, 5], [15, 6, 16, 7], [11, 9, 12, 8], [21, 15, 22, 14]]"
11a_201_75,"[[21, 15, 22, 14], [19, 10, 20, 11], [9, 20, 10, 21], [1, 13, 2, 12], [13, 1, 14, 22], [7, 3, 8, 2], [3, 18, 4, 19], [5, 16, 6, 17], [17, 4, 18, 5], [15, 6, 16, 7], [11, 9, 12, 8]]"
11a_201_76,"[[11, 9, 12, 8], [21, 15, 22, 14], [19, 10, 20, 11], [9, 20, 10, 21], [1, 13, 2, 12], [13, 1, 14, 22], [7, 3, 8, 2], [3, 18, 4, 19], [5, 16, 6, 17], [17, 4, 18, 5], [15, 6, 16, 7]]"
11a_201_77,"[[16, 7, 17, 8], [12, 10, 13, 9], [22, 16, 1, 15], [20, 11, 21, 12], [10, 21, 11, 22], [2, 14, 3, 13], [14, 2, 15, 1], [8, 4, 9, 3], [4, 19, 5, 20], [6, 17, 7, 18], [18, 5, 19, 6]]"
11a_201_78,"[[18, 5, 19, 6], [16, 7, 17, 8], [12, 10, 13, 9], [22, 16, 1, 15], [20, 11, 21, 12], [10, 21, 11, 22], [2, 14, 3, 13], [14, 2, 15, 1], [8, 4, 9, 3], [4, 19, 5, 20], [6, 17, 7, 18]]"
11a_201_79,"[[6, 17, 7, 18], [18, 5, 19, 6], [16, 7, 17, 8], [12, 10, 13, 9], [22, 16, 1, 15], [20, 11, 21, 12], [10, 21, 11, 22], [2, 14, 3, 13], [14, 2, 15, 1], [8, 4, 9, 3], [4, 19, 5, 20]]"
11a_201_80,"[[4, 19, 5, 20], [6, 17, 7, 18], [18, 5, 19, 6], [16, 7, 17, 8], [12, 10, 13, 9], [22, 16, 1, 15], [20, 11, 21, 12], [10, 21, 11, 22], [2, 14, 3, 13], [14, 2, 15, 1], [8, 4, 9, 3]]"
11a_201_81,"[[8, 4, 9, 3], [4, 19, 5, 20], [6, 17, 7, 18], [18, 5, 19, 6], [16, 7, 17, 8], [12, 10, 13, 9], [22, 16, 1, 15], [20, 11, 21, 12], [10, 21, 11, 22], [2, 14, 3, 13], [14, 2, 15, 1]]"
11a_201_82,"[[14, 2, 15, 1], [8, 4, 9, 3], [4, 19, 5, 20], [6, 17, 7, 18], [18, 5, 19, 6], [16, 7, 17, 8], [12, 10, 13, 9], [22, 16, 1, 15], [20, 11, 21, 12], [10, 21, 11, 22], [2, 14, 3, 13]]"
11a_201_83,"[[2, 14, 3, 13], [14, 2, 15, 1], [8, 4, 9, 3], [4, 19, 5, 20], [6, 17, 7, 18], [18, 5, 19, 6], [16, 7, 17, 8], [12, 10, 13, 9], [22, 16, 1, 15], [20, 11, 21, 12], [10, 21, 11, 22]]"
11a_201_84,"[[10, 21, 11, 22], [2, 14, 3, 13], [14, 2, 15, 1], [8, 4, 9, 3], [4, 19, 5, 20], [6, 17, 7, 18], [18, 5, 19, 6], [16, 7, 17, 8], [12, 10, 13, 9], [22, 16, 1, 15], [20, 11, 21, 12]]"
11a_201_85,"[[20, 11, 21, 12], [10, 21, 11, 22], [2, 14, 3, 13], [14, 2, 15, 1], [8, 4, 9, 3], [4, 19, 5, 20], [6, 17, 7, 18], [18, 5, 19, 6], [16, 7, 17, 8], [12, 10, 13, 9], [22, 16, 1, 15]]"
11a_201_86,"[[22, 16, 1, 15], [20, 11, 21, 12], [10, 21, 11, 22], [2, 14, 3, 13], [14, 2, 15, 1], [8, 4, 9, 3], [4, 19, 5, 20], [6, 17, 7, 18], [18, 5, 19, 6], [16, 7, 17, 8], [12, 10, 13, 9]]"
11a_201_87,"[[12, 10, 13, 9], [22, 16, 1, 15], [20, 11, 21, 12], [10, 21, 11, 22], [2, 14, 3, 13], [14, 2, 15, 1], [8, 4, 9, 3], [4, 19, 5, 20], [6, 17, 7, 18], [18, 5, 19, 6], [16, 7, 17, 8]]"
11a_201_88,"[[17, 8, 18, 9], [13, 11, 14, 10], [1, 17, 2, 16], [21, 12, 22, 13], [11, 22, 12, 1], [3, 15, 4, 14], [15, 3, 16, 2], [9, 5, 10, 4], [5, 20, 6, 21], [7, 18, 8, 19], [19, 6, 20, 7]]"
11a_201_89,"[[19, 6, 20, 7], [17, 8, 18, 9], [13, 11, 14, 10], [1, 17, 2, 16], [21, 12, 22, 13], [11, 22, 12, 1], [3, 15, 4, 14], [15, 3, 16, 2], [9, 5, 10, 4], [5, 20, 6, 21], [7, 18, 8, 19]]"
11a_201_90,"[[7, 18, 8, 19], [19, 6, 20, 7], [17, 8, 18, 9], [13, 11, 14, 10], [1, 17, 2, 16], [21, 12, 22, 13], [11, 22, 12, 1], [3, 15, 4, 14], [15, 3, 16, 2], [9, 5, 10, 4], [5, 20, 6, 21]]"
11a_201_91,"[[5, 20, 6, 21], [7, 18, 8, 19], [19, 6, 20, 7], [17, 8, 18, 9], [13, 11, 14, 10], [1, 17, 2, 16], [21, 12, 22, 13], [11, 22, 12, 1], [3, 15, 4, 14], [15, 3, 16, 2], [9, 5, 10, 4]]"
11a_201_92,"[[9, 5, 10, 4], [5, 20, 6, 21], [7, 18, 8, 19], [19, 6, 20, 7], [17, 8, 18, 9], [13, 11, 14, 10], [1, 17, 2, 16], [21, 12, 22, 13], [11, 22, 12, 1], [3, 15, 4, 14], [15, 3, 16, 2]]"
11a_201_93,"[[15, 3, 16, 2], [9, 5, 10, 4], [5, 20, 6, 21], [7, 18, 8, 19], [19, 6, 20, 7], [17, 8, 18, 9], [13, 11, 14, 10], [1, 17, 2, 16], [21, 12, 22, 13], [11, 22, 12, 1], [3, 15, 4, 14]]"
11a_201_94,"[[3, 15, 4, 14], [15, 3, 16, 2], [9, 5, 10, 4], [5, 20, 6, 21], [7, 18, 8, 19], [19, 6, 20, 7], [17, 8, 18, 9], [13, 11, 14, 10], [1, 17, 2, 16], [21, 12, 22, 13], [11, 22, 12, 1]]"
11a_201_95,"[[11, 22, 12, 1], [3, 15, 4, 14], [15, 3, 16, 2], [9, 5, 10, 4], [5, 20, 6, 21], [7, 18, 8, 19], [19, 6, 20, 7], [17, 8, 18, 9], [13, 11, 14, 10], [1, 17, 2, 16], [21, 12, 22, 13]]"
11a_201_96,"[[21, 12, 22, 13], [11, 22, 12, 1], [3, 15, 4, 14], [15, 3, 16, 2], [9, 5, 10, 4], [5, 20, 6, 21], [7, 18, 8, 19], [19, 6, 20, 7], [17, 8, 18, 9], [13, 11, 14, 10], [1, 17, 2, 16]]"
11a_201_97,"[[1, 17, 2, 16], [21, 12, 22, 13], [11, 22, 12, 1], [3, 15, 4, 14], [15, 3, 16, 2], [9, 5, 10, 4], [5, 20, 6, 21], [7, 18, 8, 19], [19, 6, 20, 7], [17, 8, 18, 9], [13, 11, 14, 10]]"
11a_201_98,"[[13, 11, 14, 10], [1, 17, 2, 16], [21, 12, 22, 13], [11, 22, 12, 1], [3, 15, 4, 14], [15, 3, 16, 2], [9, 5, 10, 4], [5, 20, 6, 21], [7, 18, 8, 19], [19, 6, 20, 7], [17, 8, 18, 9]]"
11a_201_99,"[[18, 9, 19, 10], [14, 12, 15, 11], [2, 18, 3, 17], [22, 13, 1, 14], [12, 1, 13, 2], [4, 16, 5, 15], [16, 4, 17, 3], [10, 6, 11, 5], [6, 21, 7, 22], [8, 19, 9, 20], [20, 7, 21, 8]]"
11a_201_100,"[[20, 7, 21, 8], [18, 9, 19, 10], [14, 12, 15, 11], [2, 18, 3, 17], [22, 13, 1, 14], [12, 1, 13, 2], [4, 16, 5, 15], [16, 4, 17, 3], [10, 6, 11, 5], [6, 21, 7, 22], [8, 19, 9, 20]]"
11a_201_101,"[[8, 19, 9, 20], [20, 7, 21, 8], [18, 9, 19, 10], [14, 12, 15, 11], [2, 18, 3, 17], [22, 13, 1, 14], [12, 1, 13, 2], [4, 16, 5, 15], [16, 4, 17, 3], [10, 6, 11, 5], [6, 21, 7, 22]]"
11a_201_102,"[[6, 21, 7, 22], [8, 19, 9, 20], [20, 7, 21, 8], [18, 9, 19, 10], [14, 12, 15, 11], [2, 18, 3, 17], [22, 13, 1, 14], [12, 1, 13, 2], [4, 16, 5, 15], [16, 4, 17, 3], [10, 6, 11, 5]]"
11a_201_103,"[[10, 6, 11, 5], [6, 21, 7, 22], [8, 19, 9, 20], [20, 7, 21, 8], [18, 9, 19, 10], [14, 12, 15, 11], [2, 18, 3, 17], [22, 13, 1, 14], [12, 1, 13, 2], [4, 16, 5, 15], [16, 4, 17, 3]]"
11a_201_104,"[[16, 4, 17, 3], [10, 6, 11, 5], [6, 21, 7, 22], [8, 19, 9, 20], [20, 7, 21, 8], [18, 9, 19, 10], [14, 12, 15, 11], [2, 18, 3, 17], [22, 13, 1, 14], [12, 1, 13, 2], [4, 16, 5, 15]]"
11a_201_105,"[[4, 16, 5, 15], [16, 4, 17, 3], [10, 6, 11, 5], [6, 21, 7, 22], [8, 19, 9, 20], [20, 7, 21, 8], [18, 9, 19, 10], [14, 12, 15, 11], [2, 18, 3, 17], [22, 13, 1, 14], [12, 1, 13, 2]]"
11a_201_106,"[[12, 1, 13, 2], [4, 16, 5, 15], [16, 4, 17, 3], [10, 6, 11, 5], [6, 21, 7, 22], [8, 19, 9, 20], [20, 7, 21, 8], [18, 9, 19, 10], [14, 12, 15, 11], [2, 18, 3, 17], [22, 13, 1, 14]]"
11a_201_107,"[[22, 13, 1, 14], [12, 1, 13, 2], [4, 16, 5, 15], [16, 4, 17, 3], [10, 6, 11, 5], [6, 21, 7, 22], [8, 19, 9, 20], [20, 7, 21, 8], [18, 9, 19, 10], [14, 12, 15, 11], [2, 18, 3, 17]]"
11a_201_108,"[[2, 18, 3, 17], [22, 13, 1, 14], [12, 1, 13, 2], [4, 16, 5, 15], [16, 4, 17, 3], [10, 6, 11, 5], [6, 21, 7, 22], [8, 19, 9, 20], [20, 7, 21, 8], [18, 9, 19, 10], [14, 12, 15, 11]]"
11a_201_109,"[[14, 12, 15, 11], [2, 18, 3, 17], [22, 13, 1, 14], [12, 1, 13, 2], [4, 16, 5, 15], [16, 4, 17, 3], [10, 6, 11, 5], [6, 21, 7, 22], [8, 19, 9, 20], [20, 7, 21, 8], [18, 9, 19, 10]]"
11a_201_110,"[[19, 10, 20, 11], [15, 13, 16, 12], [3, 19, 4, 18], [1, 14, 2, 15], [13, 2, 14, 3], [5, 17, 6, 16], [17, 5, 18, 4], [11, 7, 12, 6], [7, 22, 8, 1], [9, 20, 10, 21], [21, 8, 22, 9]]"
11a_201_111,"[[21, 8, 22, 9], [19, 10, 20, 11], [15, 13, 16, 12], [3, 19, 4, 18], [1, 14, 2, 15], [13, 2, 14, 3], [5, 17, 6, 16], [17, 5, 18, 4], [11, 7, 12, 6], [7, 22, 8, 1], [9, 20, 10, 21]]"
11a_201_112,"[[9, 20, 10, 21], [21, 8, 22, 9], [19, 10, 20, 11], [15, 13, 16, 12], [3, 19, 4, 18], [1, 14, 2, 15], [13, 2, 14, 3], [5, 17, 6, 16], [17, 5, 18, 4], [11, 7, 12, 6], [7, 22, 8, 1]]"
11a_201_113,"[[7, 22, 8, 1], [9, 20, 10, 21], [21, 8, 22, 9], [19, 10, 20, 11], [15, 13, 16, 12], [3, 19, 4, 18], [1, 14, 2, 15], [13, 2, 14, 3], [5, 17, 6, 16], [17, 5, 18, 4], [11, 7, 12, 6]]"
11a_201_114,"[[11, 7, 12, 6], [7, 22, 8, 1], [9, 20, 10, 21], [21, 8, 22, 9], [19, 10, 20, 11], [15, 13, 16, 12], [3, 19, 4, 18], [1, 14, 2, 15], [13, 2, 14, 3], [5, 17, 6, 16], [17, 5, 18, 4]]"
11a_201_115,"[[17, 5, 18, 4], [11, 7, 12, 6], [7, 22, 8, 1], [9, 20, 10, 21], [21, 8, 22, 9], [19, 10, 20, 11], [15, 13, 16, 12], [3, 19, 4, 18], [1, 14, 2, 15], [13, 2, 14, 3], [5, 17, 6, 16]]"
11a_201_116,"[[5, 17, 6, 16], [17, 5, 18, 4], [11, 7, 12, 6], [7, 22, 8, 1], [9, 20, 10, 21], [21, 8, 22, 9], [19, 10, 20, 11], [15, 13, 16, 12], [3, 19, 4, 18], [1, 14, 2, 15], [13, 2, 14, 3]]"
11a_201_117,"[[13, 2, 14, 3], [5, 17, 6, 16], [17, 5, 18, 4], [11, 7, 12, 6], [7, 22, 8, 1], [9, 20, 10, 21], [21, 8, 22, 9], [19, 10, 20, 11], [15, 13, 16, 12], [3, 19, 4, 18], [1, 14, 2, 15]]"
11a_201_118,"[[1, 14, 2, 15], [13, 2, 14, 3], [5, 17, 6, 16], [17, 5, 18, 4], [11, 7, 12, 6], [7, 22, 8, 1], [9, 20, 10, 21], [21, 8, 22, 9], [19, 10, 20, 11], [15, 13, 16, 12], [3, 19, 4, 18]]"
11a_201_119,"[[3, 19, 4, 18], [1, 14, 2, 15], [13, 2, 14, 3], [5, 17, 6, 16], [17, 5, 18, 4], [11, 7, 12, 6], [7, 22, 8, 1], [9, 20, 10, 21], [21, 8, 22, 9], [19, 10, 20, 11], [15, 13, 16, 12]]"
11a_201_120,"[[15, 13, 16, 12], [3, 19, 4, 18], [1, 14, 2, 15], [13, 2, 14, 3], [5, 17, 6, 16], [17, 5, 18, 4], [11, 7, 12, 6], [7, 22, 8, 1], [9, 20, 10, 21], [21, 8, 22, 9], [19, 10, 20, 11]]"
11a_201_121,"[[20, 11, 21, 12], [16, 14, 17, 13], [4, 20, 5, 19], [2, 15, 3, 16], [14, 3, 15, 4], [6, 18, 7, 17], [18, 6, 19, 5], [12, 8, 13, 7], [8, 1, 9, 2], [10, 21, 11, 22], [22, 9, 1, 10]]"
11a_201_122,"[[22, 9, 1, 10], [20, 11, 21, 12], [16, 14, 17, 13], [4, 20, 5, 19], [2, 15, 3, 16], [14, 3, 15, 4], [6, 18, 7, 17], [18, 6, 19, 5], [12, 8, 13, 7], [8, 1, 9, 2], [10, 21, 11, 22]]"
11a_201_123,"[[10, 21, 11, 22], [22, 9, 1, 10], [20, 11, 21, 12], [16, 14, 17, 13], [4, 20, 5, 19], [2, 15, 3, 16], [14, 3, 15, 4], [6, 18, 7, 17], [18, 6, 19, 5], [12, 8, 13, 7], [8, 1, 9, 2]]"
11a_201_124,"[[8, 1, 9, 2], [10, 21, 11, 22], [22, 9, 1, 10], [20, 11, 21, 12], [16, 14, 17, 13], [4, 20, 5, 19], [2, 15, 3, 16], [14, 3, 15, 4], [6, 18, 7, 17], [18, 6, 19, 5], [12, 8, 13, 7]]"
11a_201_125,"[[12, 8, 13, 7], [8, 1, 9, 2], [10, 21, 11, 22], [22, 9, 1, 10], [20, 11, 21, 12], [16, 14, 17, 13], [4, 20, 5, 19], [2, 15, 3, 16], [14, 3, 15, 4], [6, 18, 7, 17], [18, 6, 19, 5]]"
11a_201_126,"[[18, 6, 19, 5], [12, 8, 13, 7], [8, 1, 9, 2], [10, 21, 11, 22], [22, 9, 1, 10], [20, 11, 21, 12], [16, 14, 17, 13], [4, 20, 5, 19], [2, 15, 3, 16], [14, 3, 15, 4], [6, 18, 7, 17]]"
11a_201_127,"[[6, 18, 7, 17], [18, 6, 19, 5], [12, 8, 13, 7], [8, 1, 9, 2], [10, 21, 11, 22], [22, 9, 1, 10], [20, 11, 21, 12], [16, 14, 17, 13], [4, 20, 5, 19], [2, 15, 3, 16], [14, 3, 15, 4]]"
11a_201_128,"[[14, 3, 15, 4], [6, 18, 7, 17], [18, 6, 19, 5], [12, 8, 13, 7], [8, 1, 9, 2], [10, 21, 11, 22], [22, 9, 1, 10], [20, 11, 21, 12], [16, 14, 17, 13], [4, 20, 5, 19], [2, 15, 3, 16]]"
11a_201_129,"[[2, 15, 3, 16], [14, 3, 15, 4], [6, 18, 7, 17], [18, 6, 19, 5], [12, 8, 13, 7], [8, 1, 9, 2], [10, 21, 11, 22], [22, 9, 1, 10], [20, 11, 21, 12], [16, 14, 17, 13], [4, 20, 5, 19]]"
11a_201_130,"[[4, 20, 5, 19], [2, 15, 3, 16], [14, 3, 15, 4], [6, 18, 7, 17], [18, 6, 19, 5], [12, 8, 13, 7], [8, 1, 9, 2], [10, 21, 11, 22], [22, 9, 1, 10], [20, 11, 21, 12], [16, 14, 17, 13]]"
11a_201_131,"[[16, 14, 17, 13], [4, 20, 5, 19], [2, 15, 3, 16], [14, 3, 15, 4], [6, 18, 7, 17], [18, 6, 19, 5], [12, 8, 13, 7], [8, 1, 9, 2], [10, 21, 11, 22], [22, 9, 1, 10], [20, 11, 21, 12]]"
11a_201_132,"[[21, 12, 22, 13], [17, 15, 18, 14], [5, 21, 6, 20], [3, 16, 4, 17], [15, 4, 16, 5], [7, 19, 8, 18], [19, 7, 20, 6], [13, 9, 14, 8], [9, 2, 10, 3], [11, 22, 12, 1], [1, 10, 2, 11]]"
11a_201_133,"[[1, 10, 2, 11], [21, 12, 22, 13], [17, 15, 18, 14], [5, 21, 6, 20], [3, 16, 4, 17], [15, 4, 16, 5], [7, 19, 8, 18], [19, 7, 20, 6], [13, 9, 14, 8], [9, 2, 10, 3], [11, 22, 12, 1]]"
11a_201_134,"[[11, 22, 12, 1], [1, 10, 2, 11], [21, 12, 22, 13], [17, 15, 18, 14], [5, 21, 6, 20], [3, 16, 4, 17], [15, 4, 16, 5], [7, 19, 8, 18], [19, 7, 20, 6], [13, 9, 14, 8], [9, 2, 10, 3]]"
11a_201_135,"[[9, 2, 10, 3], [11, 22, 12, 1], [1, 10, 2, 11], [21, 12, 22, 13], [17, 15, 18, 14], [5, 21, 6, 20], [3, 16, 4, 17], [15, 4, 16, 5], [7, 19, 8, 18], [19, 7, 20, 6], [13, 9, 14, 8]]"
11a_201_136,"[[13, 9, 14, 8], [9, 2, 10, 3], [11, 22, 12, 1], [1, 10, 2, 11], [21, 12, 22, 13], [17, 15, 18, 14], [5, 21, 6, 20], [3, 16, 4, 17], [15, 4, 16, 5], [7, 19, 8, 18], [19, 7, 20, 6]]"
11a_201_137,"[[19, 7, 20, 6], [13, 9, 14, 8], [9, 2, 10, 3], [11, 22, 12, 1], [1, 10, 2, 11], [21, 12, 22, 13], [17, 15, 18, 14], [5, 21, 6, 20], [3, 16, 4, 17], [15, 4, 16, 5], [7, 19, 8, 18]]"
11a_201_138,"[[7, 19, 8, 18], [19, 7, 20, 6], [13, 9, 14, 8], [9, 2, 10, 3], [11, 22, 12, 1], [1, 10, 2, 11], [21, 12, 22, 13], [17, 15, 18, 14], [5, 21, 6, 20], [3, 16, 4, 17], [15, 4, 16, 5]]"
11a_201_139,"[[15, 4, 16, 5], [7, 19, 8, 18], [19, 7, 20, 6], [13, 9, 14, 8], [9, 2, 10, 3], [11, 22, 12, 1], [1, 10, 2, 11], [21, 12, 22, 13], [17, 15, 18, 14], [5, 21, 6, 20], [3, 16, 4, 17]]"
11a_201_140,"[[3, 16, 4, 17], [15, 4, 16, 5], [7, 19, 8, 18], [19, 7, 20, 6], [13, 9, 14, 8], [9, 2, 10, 3], [11, 22, 12, 1], [1, 10, 2, 11], [21, 12, 22, 13], [17, 15, 18, 14], [5, 21, 6, 20]]"
11a_201_141,"[[5, 21, 6, 20], [3, 16, 4, 17], [15, 4, 16, 5], [7, 19, 8, 18], [19, 7, 20, 6], [13, 9, 14, 8], [9, 2, 10, 3], [11, 22, 12, 1], [1, 10, 2, 11], [21, 12, 22, 13], [17, 15, 18, 14]]"
11a_201_142,"[[17, 15, 18, 14], [5, 21, 6, 20], [3, 16, 4, 17], [15, 4, 16, 5], [7, 19, 8, 18], [19, 7, 20, 6], [13, 9, 14, 8], [9, 2, 10, 3], [11, 22, 12, 1], [1, 10, 2, 11], [21, 12, 22, 13]]"
11a_201_143,"[[22, 13, 1, 14], [18, 16, 19, 15], [6, 22, 7, 21], [4, 17, 5, 18], [16, 5, 17, 6], [8, 20, 9, 19], [20, 8, 21, 7], [14, 10, 15, 9], [10, 3, 11, 4], [12, 1, 13, 2], [2, 11, 3, 12]]"
11a_201_144,"[[2, 11, 3, 12], [22, 13, 1, 14], [18, 16, 19, 15], [6, 22, 7, 21], [4, 17, 5, 18], [16, 5, 17, 6], [8, 20, 9, 19], [20, 8, 21, 7], [14, 10, 15, 9], [10, 3, 11, 4], [12, 1, 13, 2]]"
11a_201_145,"[[12, 1, 13, 2], [2, 11, 3, 12], [22, 13, 1, 14], [18, 16, 19, 15], [6, 22, 7, 21], [4, 17, 5, 18], [16, 5, 17, 6], [8, 20, 9, 19], [20, 8, 21, 7], [14, 10, 15, 9], [10, 3, 11, 4]]"
11a_201_146,"[[10, 3, 11, 4], [12, 1, 13, 2], [2, 11, 3, 12], [22, 13, 1, 14], [18, 16, 19, 15], [6, 22, 7, 21], [4, 17, 5, 18], [16, 5, 17, 6], [8, 20, 9, 19], [20, 8, 21, 7], [14, 10, 15, 9]]"
11a_201_147,"[[14, 10, 15, 9], [10, 3, 11, 4], [12, 1, 13, 2], [2, 11, 3, 12], [22, 13, 1, 14], [18, 16, 19, 15], [6, 22, 7, 21], [4, 17, 5, 18], [16, 5, 17, 6], [8, 20, 9, 19], [20, 8, 21, 7]]"
11a_201_148,"[[20, 8, 21, 7], [14, 10, 15, 9], [10, 3, 11, 4], [12, 1, 13, 2], [2, 11, 3, 12], [22, 13, 1, 14], [18, 16, 19, 15], [6, 22, 7, 21], [4, 17, 5, 18], [16, 5, 17, 6], [8, 20, 9, 19]]"
11a_201_149,"[[8, 20, 9, 19], [20, 8, 21, 7], [14, 10, 15, 9], [10, 3, 11, 4], [12, 1, 13, 2], [2, 11, 3, 12], [22, 13, 1, 14], [18, 16, 19, 15], [6, 22, 7, 21], [4, 17, 5, 18], [16, 5, 17, 6]]"
11a_201_150,"[[16, 5, 17, 6], [8, 20, 9, 19], [20, 8, 21, 7], [14, 10, 15, 9], [10, 3, 11, 4], [12, 1, 13, 2], [2, 11, 3, 12], [22, 13, 1, 14], [18, 16, 19, 15], [6, 22, 7, 21], [4, 17, 5, 18]]"
11a_201_151,"[[4, 17, 5, 18], [16, 5, 17, 6], [8, 20, 9, 19], [20, 8, 21, 7], [14, 10, 15, 9], [10, 3, 11, 4], [12, 1, 13, 2], [2, 11, 3, 12], [22, 13, 1, 14], [18, 16, 19, 15], [6, 22, 7, 21]]"
11a_201_152,"[[6, 22, 7, 21], [4, 17, 5, 18], [16, 5, 17, 6], [8, 20, 9, 19], [20, 8, 21, 7], [14, 10, 15, 9], [10, 3, 11, 4], [12, 1, 13, 2], [2, 11, 3, 12], [22, 13, 1, 14], [18, 16, 19, 15]]"
11a_201_153,"[[18, 16, 19, 15], [6, 22, 7, 21], [4, 17, 5, 18], [16, 5, 17, 6], [8, 20, 9, 19], [20, 8, 21, 7], [14, 10, 15, 9], [10, 3, 11, 4], [12, 1, 13, 2], [2, 11, 3, 12], [22, 13, 1, 14]]"
11a_201_154,"[[1, 14, 2, 15], [19, 17, 20, 16], [7, 1, 8, 22], [5, 18, 6, 19], [17, 6, 18, 7], [9, 21, 10, 20], [21, 9, 22, 8], [15, 11, 16, 10], [11, 4, 12, 5], [13, 2, 14, 3], [3, 12, 4, 13]]"
11a_201_155,"[[3, 12, 4, 13], [1, 14, 2, 15], [19, 17, 20, 16], [7, 1, 8, 22], [5, 18, 6, 19], [17, 6, 18, 7], [9, 21, 10, 20], [21, 9, 22, 8], [15, 11, 16, 10], [11, 4, 12, 5], [13, 2, 14, 3]]"
11a_201_156,"[[13, 2, 14, 3], [3, 12, 4, 13], [1, 14, 2, 15], [19, 17, 20, 16], [7, 1, 8, 22], [5, 18, 6, 19], [17, 6, 18, 7], [9, 21, 10, 20], [21, 9, 22, 8], [15, 11, 16, 10], [11, 4, 12, 5]]"
11a_201_157,"[[11, 4, 12, 5], [13, 2, 14, 3], [3, 12, 4, 13], [1, 14, 2, 15], [19, 17, 20, 16], [7, 1, 8, 22], [5, 18, 6, 19], [17, 6, 18, 7], [9, 21, 10, 20], [21, 9, 22, 8], [15, 11, 16, 10]]"
11a_201_158,"[[15, 11, 16, 10], [11, 4, 12, 5], [13, 2, 14, 3], [3, 12, 4, 13], [1, 14, 2, 15], [19, 17, 20, 16], [7, 1, 8, 22], [5, 18, 6, 19], [17, 6, 18, 7], [9, 21, 10, 20], [21, 9, 22, 8]]"
11a_201_159,"[[21, 9, 22, 8], [15, 11, 16, 10], [11, 4, 12, 5], [13, 2, 14, 3], [3, 12, 4, 13], [1, 14, 2, 15], [19, 17, 20, 16], [7, 1, 8, 22], [5, 18, 6, 19], [17, 6, 18, 7], [9, 21, 10, 20]]"
11a_201_160,"[[9, 21, 10, 20], [21, 9, 22, 8], [15, 11, 16, 10], [11, 4, 12, 5], [13, 2, 14, 3], [3, 12, 4, 13], [1, 14, 2, 15], [19, 17, 20, 16], [7, 1, 8, 22], [5, 18, 6, 19], [17, 6, 18, 7]]"
11a_201_161,"[[17, 6, 18, 7], [9, 21, 10, 20], [21, 9, 22, 8], [15, 11, 16, 10], [11, 4, 12, 5], [13, 2, 14, 3], [3, 12, 4, 13], [1, 14, 2, 15], [19, 17, 20, 16], [7, 1, 8, 22], [5, 18, 6, 19]]"
11a_201_162,"[[5, 18, 6, 19], [17, 6, 18, 7], [9, 21, 10, 20], [21, 9, 22, 8], [15, 11, 16, 10], [11, 4, 12, 5], [13, 2, 14, 3], [3, 12, 4, 13], [1, 14, 2, 15], [19, 17, 20, 16], [7, 1, 8, 22]]"
11a_201_163,"[[7, 1, 8, 22], [5, 18, 6, 19], [17, 6, 18, 7], [9, 21, 10, 20], [21, 9, 22, 8], [15, 11, 16, 10], [11, 4, 12, 5], [13, 2, 14, 3], [3, 12, 4, 13], [1, 14, 2, 15], [19, 17, 20, 16]]"
11a_201_164,"[[19, 17, 20, 16], [7, 1, 8, 22], [5, 18, 6, 19], [17, 6, 18, 7], [9, 21, 10, 20], [21, 9, 22, 8], [15, 11, 16, 10], [11, 4, 12, 5], [13, 2, 14, 3], [3, 12, 4, 13], [1, 14, 2, 15]]"
11a_201_165,"[[2, 15, 3, 16], [20, 18, 21, 17], [8, 2, 9, 1], [6, 19, 7, 20], [18, 7, 19, 8], [10, 22, 11, 21], [22, 10, 1, 9], [16, 12, 17, 11], [12, 5, 13, 6], [14, 3, 15, 4], [4, 13, 5, 14]]"
11a_201_166,"[[4, 13, 5, 14], [2, 15, 3, 16], [20, 18, 21, 17], [8, 2, 9, 1], [6, 19, 7, 20], [18, 7, 19, 8], [10, 22, 11, 21], [22, 10, 1, 9], [16, 12, 17, 11], [12, 5, 13, 6], [14, 3, 15, 4]]"
11a_201_167,"[[14, 3, 15, 4], [4, 13, 5, 14], [2, 15, 3, 16], [20, 18, 21, 17], [8, 2, 9, 1], [6, 19, 7, 20], [18, 7, 19, 8], [10, 22, 11, 21], [22, 10, 1, 9], [16, 12, 17, 11], [12, 5, 13, 6]]"
11a_201_168,"[[12, 5, 13, 6], [14, 3, 15, 4], [4, 13, 5, 14], [2, 15, 3, 16], [20, 18, 21, 17], [8, 2, 9, 1], [6, 19, 7, 20], [18, 7, 19, 8], [10, 22, 11, 21], [22, 10, 1, 9], [16, 12, 17, 11]]"
11a_201_169,"[[16, 12, 17, 11], [12, 5, 13, 6], [14, 3, 15, 4], [4, 13, 5, 14], [2, 15, 3, 16], [20, 18, 21, 17], [8, 2, 9, 1], [6, 19, 7, 20], [18, 7, 19, 8], [10, 22, 11, 21], [22, 10, 1, 9]]"
11a_201_170,"[[22, 10, 1, 9], [16, 12, 17, 11], [12, 5, 13, 6], [14, 3, 15, 4], [4, 13, 5, 14], [2, 15, 3, 16], [20, 18, 21, 17], [8, 2, 9, 1], [6, 19, 7, 20], [18, 7, 19, 8], [10, 22, 11, 21]]"
11a_201_171,"[[10, 22, 11, 21], [22, 10, 1, 9], [16, 12, 17, 11], [12, 5, 13, 6], [14, 3, 15, 4], [4, 13, 5, 14], [2, 15, 3, 16], [20, 18, 21, 17], [8, 2, 9, 1], [6, 19, 7, 20], [18, 7, 19, 8]]"
11a_201_172,"[[18, 7, 19, 8], [10, 22, 11, 21], [22, 10, 1, 9], [16, 12, 17, 11], [12, 5, 13, 6], [14, 3, 15, 4], [4, 13, 5, 14], [2, 15, 3, 16], [20, 18, 21, 17], [8, 2, 9, 1], [6, 19, 7, 20]]"
11a_201_173,"[[6, 19, 7, 20], [18, 7, 19, 8], [10, 22, 11, 21], [22, 10, 1, 9], [16, 12, 17, 11], [12, 5, 13, 6], [14, 3, 15, 4], [4, 13, 5, 14], [2, 15, 3, 16], [20, 18, 21, 17], [8, 2, 9, 1]]"
11a_201_174,"[[8, 2, 9, 1], [6, 19, 7, 20], [18, 7, 19, 8], [10, 22, 11, 21], [22, 10, 1, 9], [16, 12, 17, 11], [12, 5, 13, 6], [14, 3, 15, 4], [4, 13, 5, 14], [2, 15, 3, 16], [20, 18, 21, 17]]"
11a_201_175,"[[20, 18, 21, 17], [8, 2, 9, 1], [6, 19, 7, 20], [18, 7, 19, 8], [10, 22, 11, 21], [22, 10, 1, 9], [16, 12, 17, 11], [12, 5, 13, 6], [14, 3, 15, 4], [4, 13, 5, 14], [2, 15, 3, 16]]"
11a_201_176,"[[3, 16, 4, 17], [21, 19, 22, 18], [9, 3, 10, 2], [7, 20, 8, 21], [19, 8, 20, 9], [11, 1, 12, 22], [1, 11, 2, 10], [17, 13, 18, 12], [13, 6, 14, 7], [15, 4, 16, 5], [5, 14, 6, 15]]"
11a_201_177,"[[5, 14, 6, 15], [3, 16, 4, 17], [21, 19, 22, 18], [9, 3, 10, 2], [7, 20, 8, 21], [19, 8, 20, 9], [11, 1, 12, 22], [1, 11, 2, 10], [17, 13, 18, 12], [13, 6, 14, 7], [15, 4, 16, 5]]"
11a_201_178,"[[15, 4, 16, 5], [5, 14, 6, 15], [3, 16, 4, 17], [21, 19, 22, 18], [9, 3, 10, 2], [7, 20, 8, 21], [19, 8, 20, 9], [11, 1, 12, 22], [1, 11, 2, 10], [17, 13, 18, 12], [13, 6, 14, 7]]"
11a_201_179,"[[13, 6, 14, 7], [15, 4, 16, 5], [5, 14, 6, 15], [3, 16, 4, 17], [21, 19, 22, 18], [9, 3, 10, 2], [7, 20, 8, 21], [19, 8, 20, 9], [11, 1, 12, 22], [1, 11, 2, 10], [17, 13, 18, 12]]"
11a_201_180,"[[17, 13, 18, 12], [13, 6, 14, 7], [15, 4, 16, 5], [5, 14, 6, 15], [3, 16, 4, 17], [21, 19, 22, 18], [9, 3, 10, 2], [7, 20, 8, 21], [19, 8, 20, 9], [11, 1, 12, 22], [1, 11, 2, 10]]"
11a_201_181,"[[1, 11, 2, 10], [17, 13, 18, 12], [13, 6, 14, 7], [15, 4, 16, 5], [5, 14, 6, 15], [3, 16, 4, 17], [21, 19, 22, 18], [9, 3, 10, 2], [7, 20, 8, 21], [19, 8, 20, 9], [11, 1, 12, 22]]"
11a_201_182,"[[11, 1, 12, 22], [1, 11, 2, 10], [17, 13, 18, 12], [13, 6, 14, 7], [15, 4, 16, 5], [5, 14, 6, 15], [3, 16, 4, 17], [21, 19, 22, 18], [9, 3, 10, 2], [7, 20, 8, 21], [19, 8, 20, 9]]"
11a_201_183,"[[19, 8, 20, 9], [11, 1, 12, 22], [1, 11, 2, 10], [17, 13, 18, 12], [13, 6, 14, 7], [15, 4, 16, 5], [5, 14, 6, 15], [3, 16, 4, 17], [21, 19, 22, 18], [9, 3, 10, 2], [7, 20, 8, 21]]"
11a_201_184,"[[7, 20, 8, 21], [19, 8, 20, 9], [11, 1, 12, 22], [1, 11, 2, 10], [17, 13, 18, 12], [13, 6, 14, 7], [15, 4, 16, 5], [5, 14, 6, 15], [3, 16, 4, 17], [21, 19, 22, 18], [9, 3, 10, 2]]"
11a_201_185,"[[9, 3, 10, 2], [7, 20, 8, 21], [19, 8, 20, 9], [11, 1, 12, 22], [1, 11, 2, 10], [17, 13, 18, 12], [13, 6, 14, 7], [15, 4, 16, 5], [5, 14, 6, 15], [3, 16, 4, 17], [21, 19, 22, 18]]"
11a_201_186,"[[21, 19, 22, 18], [9, 3, 10, 2], [7, 20, 8, 21], [19, 8, 20, 9], [11, 1, 12, 22], [1, 11, 2, 10], [17, 13, 18, 12], [13, 6, 14, 7], [15, 4, 16, 5], [5, 14, 6, 15], [3, 16, 4, 17]]"
11a_201_187,"[[4, 17, 5, 18], [22, 20, 1, 19], [10, 4, 11, 3], [8, 21, 9, 22], [20, 9, 21, 10], [12, 2, 13, 1], [2, 12, 3, 11], [18, 14, 19, 13], [14, 7, 15, 8], [16, 5, 17, 6], [6, 15, 7, 16]]"
11a_201_188,"[[6, 15, 7, 16], [4, 17, 5, 18], [22, 20, 1, 19], [10, 4, 11, 3], [8, 21, 9, 22], [20, 9, 21, 10], [12, 2, 13, 1], [2, 12, 3, 11], [18, 14, 19, 13], [14, 7, 15, 8], [16, 5, 17, 6]]"
11a_201_189,"[[16, 5, 17, 6], [6, 15, 7, 16], [4, 17, 5, 18], [22, 20, 1, 19], [10, 4, 11, 3], [8, 21, 9, 22], [20, 9, 21, 10], [12, 2, 13, 1], [2, 12, 3, 11], [18, 14, 19, 13], [14, 7, 15, 8]]"
11a_201_190,"[[14, 7, 15, 8], [16, 5, 17, 6], [6, 15, 7, 16], [4, 17, 5, 18], [22, 20, 1, 19], [10, 4, 11, 3], [8, 21, 9, 22], [20, 9, 21, 10], [12, 2, 13, 1], [2, 12, 3, 11], [18, 14, 19, 13]]"
11a_201_191,"[[18, 14, 19, 13], [14, 7, 15, 8], [16, 5, 17, 6], [6, 15, 7, 16], [4, 17, 5, 18], [22, 20, 1, 19], [10, 4, 11, 3], [8, 21, 9, 22], [20, 9, 21, 10], [12, 2, 13, 1], [2, 12, 3, 11]]"
11a_201_192,"[[2, 12, 3, 11], [18, 14, 19, 13], [14, 7, 15, 8], [16, 5, 17, 6], [6, 15, 7, 16], [4, 17, 5, 18], [22, 20, 1, 19], [10, 4, 11, 3], [8, 21, 9, 22], [20, 9, 21, 10], [12, 2, 13, 1]]"
11a_201_193,"[[12, 2, 13, 1], [2, 12, 3, 11], [18, 14, 19, 13], [14, 7, 15, 8], [16, 5, 17, 6], [6, 15, 7, 16], [4, 17, 5, 18], [22, 20, 1, 19], [10, 4, 11, 3], [8, 21, 9, 22], [20, 9, 21, 10]]"
11a_201_194,"[[20, 9, 21, 10], [12, 2, 13, 1], [2, 12, 3, 11], [18, 14, 19, 13], [14, 7, 15, 8], [16, 5, 17, 6], [6, 15, 7, 16], [4, 17, 5, 18], [22, 20, 1, 19], [10, 4, 11, 3], [8, 21, 9, 22]]"
11a_201_195,"[[8, 21, 9, 22], [20, 9, 21, 10], [12, 2, 13, 1], [2, 12, 3, 11], [18, 14, 19, 13], [14, 7, 15, 8], [16, 5, 17, 6], [6, 15, 7, 16], [4, 17, 5, 18], [22, 20, 1, 19], [10, 4, 11, 3]]"
11a_201_196,"[[10, 4, 11, 3], [8, 21, 9, 22], [20, 9, 21, 10], [12, 2, 13, 1], [2, 12, 3, 11], [18, 14, 19, 13], [14, 7, 15, 8], [16, 5, 17, 6], [6, 15, 7, 16], [4, 17, 5, 18], [22, 20, 1, 19]]"
11a_201_197,"[[22, 20, 1, 19], [10, 4, 11, 3], [8, 21, 9, 22], [20, 9, 21, 10], [12, 2, 13, 1], [2, 12, 3, 11], [18, 14, 19, 13], [14, 7, 15, 8], [16, 5, 17, 6], [6, 15, 7, 16], [4, 17, 5, 18]]"
11a_201_198,"[[5, 18, 6, 19], [1, 21, 2, 20], [11, 5, 12, 4], [9, 22, 10, 1], [21, 10, 22, 11], [13, 3, 14, 2], [3, 13, 4, 12], [19, 15, 20, 14], [15, 8, 16, 9], [17, 6, 18, 7], [7, 16, 8, 17]]"
11a_201_199,"[[7, 16, 8, 17], [5, 18, 6, 19], [1, 21, 2, 20], [11, 5, 12, 4], [9, 22, 10, 1], [21, 10, 22, 11], [13, 3, 14, 2], [3, 13, 4, 12], [19, 15, 20, 14], [15, 8, 16, 9], [17, 6, 18, 7]]"
11a_201_200,"[[17, 6, 18, 7], [7, 16, 8, 17], [5, 18, 6, 19], [1, 21, 2, 20], [11, 5, 12, 4], [9, 22, 10, 1], [21, 10, 22, 11], [13, 3, 14, 2], [3, 13, 4, 12], [19, 15, 20, 14], [15, 8, 16, 9]]"
11a_201_201,"[[15, 8, 16, 9], [17, 6, 18, 7], [7, 16, 8, 17], [5, 18, 6, 19], [1, 21, 2, 20], [11, 5, 12, 4], [9, 22, 10, 1], [21, 10, 22, 11], [13, 3, 14, 2], [3, 13, 4, 12], [19, 15, 20, 14]]"
11a_201_202,"[[19, 15, 20, 14], [15, 8, 16, 9], [17, 6, 18, 7], [7, 16, 8, 17], [5, 18, 6, 19], [1, 21, 2, 20], [11, 5, 12, 4], [9, 22, 10, 1], [21, 10, 22, 11], [13, 3, 14, 2], [3, 13, 4, 12]]"
11a_201_203,"[[3, 13, 4, 12], [19, 15, 20, 14], [15, 8, 16, 9], [17, 6, 18, 7], [7, 16, 8, 17], [5, 18, 6, 19], [1, 21, 2, 20], [11, 5, 12, 4], [9, 22, 10, 1], [21, 10, 22, 11], [13, 3, 14, 2]]"
