name,pd_notation
11a_215_0,"[[3, 13, 4, 12], [5, 3, 6, 2], [13, 5, 14, 4], [19, 7, 20, 6], [15, 8, 16, 9], [9, 22, 10, 1], [21, 17, 22, 16], [1, 14, 2, 15], [7, 21, 8, 20], [11, 19, 12, 18], [17, 11, 18, 10]]"
11a_215_1,"[[17, 11, 18, 10], [3, 13, 4, 12], [5, 3, 6, 2], [13, 5, 14, 4], [19, 7, 20, 6], [15, 8, 16, 9], [9, 22, 10, 1], [21, 17, 22, 16], [1, 14, 2, 15], [7, 21, 8, 20], [11, 19, 12, 18]]"
11a_215_2,"[[11, 19, 12, 18], [17, 11, 18, 10], [3, 13, 4, 12], [5, 3, 6, 2], [13, 5, 14, 4], [19, 7, 20, 6], [15, 8, 16, 9], [9, 22, 10, 1], [21, 17, 22, 16], [1, 14, 2, 15], [7, 21, 8, 20]]"
11a_215_3,"[[7, 21, 8, 20], [11, 19, 12, 18], [17, 11, 18, 10], [3, 13, 4, 12], [5, 3, 6, 2], [13, 5, 14, 4], [19, 7, 20, 6], [15, 8, 16, 9], [9, 22, 10, 1], [21, 17, 22, 16], [1, 14, 2, 15]]"
11a_215_4,"[[1, 14, 2, 15], [7, 21, 8, 20], [11, 19, 12, 18], [17, 11, 18, 10], [3, 13, 4, 12], [5, 3, 6, 2], [13, 5, 14, 4], [19, 7, 20, 6], [15, 8, 16, 9], [9, 22, 10, 1], [21, 17, 22, 16]]"
11a_215_5,"[[21, 17, 22, 16], [1, 14, 2, 15], [7, 21, 8, 20], [11, 19, 12, 18], [17, 11, 18, 10], [3, 13, 4, 12], [5, 3, 6, 2], [13, 5, 14, 4], [19, 7, 20, 6], [15, 8, 16, 9], [9, 22, 10, 1]]"
11a_215_6,"[[9, 22, 10, 1], [21, 17, 22, 16], [1, 14, 2, 15], [7, 21, 8, 20], [11, 19, 12, 18], [17, 11, 18, 10], [3, 13, 4, 12], [5, 3, 6, 2], [13, 5, 14, 4], [19, 7, 20, 6], [15, 8, 16, 9]]"
11a_215_7,"[[15, 8, 16, 9], [9, 22, 10, 1], [21, 17, 22, 16], [1, 14, 2, 15], [7, 21, 8, 20], [11, 19, 12, 18], [17, 11, 18, 10], [3, 13, 4, 12], [5, 3, 6, 2], [13, 5, 14, 4], [19, 7, 20, 6]]"
11a_215_8,"[[19, 7, 20, 6], [15, 8, 16, 9], [9, 22, 10, 1], [21, 17, 22, 16], [1, 14, 2, 15], [7, 21, 8, 20], [11, 19, 12, 18], [17, 11, 18, 10], [3, 13, 4, 12], [5, 3, 6, 2], [13, 5, 14, 4]]"
11a_215_9,"[[13, 5, 14, 4], [19, 7, 20, 6], [15, 8, 16, 9], [9, 22, 10, 1], [21, 17, 22, 16], [1, 14, 2, 15], [7, 21, 8, 20], [11, 19, 12, 18], [17, 11, 18, 10], [3, 13, 4, 12], [5, 3, 6, 2]]"
11a_215_10,"[[5, 3, 6, 2], [13, 5, 14, 4], [19, 7, 20, 6], [15, 8, 16, 9], [9, 22, 10, 1], [21, 17, 22, 16], [1, 14, 2, 15], [7, 21, 8, 20], [11, 19, 12, 18], [17, 11, 18, 10], [3, 13, 4, 12]]"
11a_215_11,"[[4, 14, 5, 13], [6, 4, 7, 3], [14, 6, 15, 5], [20, 8, 21, 7], [16, 9, 17, 10], [10, 1, 11, 2], [22, 18, 1, 17], [2, 15, 3, 16], [8, 22, 9, 21], [12, 20, 13, 19], [18, 12, 19, 11]]"
11a_215_12,"[[18, 12, 19, 11], [4, 14, 5, 13], [6, 4, 7, 3], [14, 6, 15, 5], [20, 8, 21, 7], [16, 9, 17, 10], [10, 1, 11, 2], [22, 18, 1, 17], [2, 15, 3, 16], [8, 22, 9, 21], [12, 20, 13, 19]]"
11a_215_13,"[[12, 20, 13, 19], [18, 12, 19, 11], [4, 14, 5, 13], [6, 4, 7, 3], [14, 6, 15, 5], [20, 8, 21, 7], [16, 9, 17, 10], [10, 1, 11, 2], [22, 18, 1, 17], [2, 15, 3, 16], [8, 22, 9, 21]]"
11a_215_14,"[[8, 22, 9, 21], [12, 20, 13, 19], [18, 12, 19, 11], [4, 14, 5, 13], [6, 4, 7, 3], [14, 6, 15, 5], [20, 8, 21, 7], [16, 9, 17, 10], [10, 1, 11, 2], [22, 18, 1, 17], [2, 15, 3, 16]]"
11a_215_15,"[[2, 15, 3, 16], [8, 22, 9, 21], [12, 20, 13, 19], [18, 12, 19, 11], [4, 14, 5, 13], [6, 4, 7, 3], [14, 6, 15, 5], [20, 8, 21, 7], [16, 9, 17, 10], [10, 1, 11, 2], [22, 18, 1, 17]]"
11a_215_16,"[[22, 18, 1, 17], [2, 15, 3, 16], [8, 22, 9, 21], [12, 20, 13, 19], [18, 12, 19, 11], [4, 14, 5, 13], [6, 4, 7, 3], [14, 6, 15, 5], [20, 8, 21, 7], [16, 9, 17, 10], [10, 1, 11, 2]]"
11a_215_17,"[[10, 1, 11, 2], [22, 18, 1, 17], [2, 15, 3, 16], [8, 22, 9, 21], [12, 20, 13, 19], [18, 12, 19, 11], [4, 14, 5, 13], [6, 4, 7, 3], [14, 6, 15, 5], [20, 8, 21, 7], [16, 9, 17, 10]]"
11a_215_18,"[[16, 9, 17, 10], [10, 1, 11, 2], [22, 18, 1, 17], [2, 15, 3, 16], [8, 22, 9, 21], [12, 20, 13, 19], [18, 12, 19, 11], [4, 14, 5, 13], [6, 4, 7, 3], [14, 6, 15, 5], [20, 8, 21, 7]]"
11a_215_19,"[[20, 8, 21, 7], [16, 9, 17, 10], [10, 1, 11, 2], [22, 18, 1, 17], [2, 15, 3, 16], [8, 22, 9, 21], [12, 20, 13, 19], [18, 12, 19, 11], [4, 14, 5, 13], [6, 4, 7, 3], [14, 6, 15, 5]]"
11a_215_20,"[[14, 6, 15, 5], [20, 8, 21, 7], [16, 9, 17, 10], [10, 1, 11, 2], [22, 18, 1, 17], [2, 15, 3, 16], [8, 22, 9, 21], [12, 20, 13, 19], [18, 12, 19, 11], [4, 14, 5, 13], [6, 4, 7, 3]]"
11a_215_21,"[[6, 4, 7, 3], [14, 6, 15, 5], [20, 8, 21, 7], [16, 9, 17, 10], [10, 1, 11, 2], [22, 18, 1, 17], [2, 15, 3, 16], [8, 22, 9, 21], [12, 20, 13, 19], [18, 12, 19, 11], [4, 14, 5, 13]]"
11a_215_22,"[[5, 15, 6, 14], [7, 5, 8, 4], [15, 7, 16, 6], [21, 9, 22, 8], [17, 10, 18, 11], [11, 2, 12, 3], [1, 19, 2, 18], [3, 16, 4, 17], [9, 1, 10, 22], [13, 21, 14, 20], [19, 13, 20, 12]]"
11a_215_23,"[[19, 13, 20, 12], [5, 15, 6, 14], [7, 5, 8, 4], [15, 7, 16, 6], [21, 9, 22, 8], [17, 10, 18, 11], [11, 2, 12, 3], [1, 19, 2, 18], [3, 16, 4, 17], [9, 1, 10, 22], [13, 21, 14, 20]]"
11a_215_24,"[[13, 21, 14, 20], [19, 13, 20, 12], [5, 15, 6, 14], [7, 5, 8, 4], [15, 7, 16, 6], [21, 9, 22, 8], [17, 10, 18, 11], [11, 2, 12, 3], [1, 19, 2, 18], [3, 16, 4, 17], [9, 1, 10, 22]]"
11a_215_25,"[[9, 1, 10, 22], [13, 21, 14, 20], [19, 13, 20, 12], [5, 15, 6, 14], [7, 5, 8, 4], [15, 7, 16, 6], [21, 9, 22, 8], [17, 10, 18, 11], [11, 2, 12, 3], [1, 19, 2, 18], [3, 16, 4, 17]]"
11a_215_26,"[[3, 16, 4, 17], [9, 1, 10, 22], [13, 21, 14, 20], [19, 13, 20, 12], [5, 15, 6, 14], [7, 5, 8, 4], [15, 7, 16, 6], [21, 9, 22, 8], [17, 10, 18, 11], [11, 2, 12, 3], [1, 19, 2, 18]]"
11a_215_27,"[[1, 19, 2, 18], [3, 16, 4, 17], [9, 1, 10, 22], [13, 21, 14, 20], [19, 13, 20, 12], [5, 15, 6, 14], [7, 5, 8, 4], [15, 7, 16, 6], [21, 9, 22, 8], [17, 10, 18, 11], [11, 2, 12, 3]]"
11a_215_28,"[[11, 2, 12, 3], [1, 19, 2, 18], [3, 16, 4, 17], [9, 1, 10, 22], [13, 21, 14, 20], [19, 13, 20, 12], [5, 15, 6, 14], [7, 5, 8, 4], [15, 7, 16, 6], [21, 9, 22, 8], [17, 10, 18, 11]]"
11a_215_29,"[[17, 10, 18, 11], [11, 2, 12, 3], [1, 19, 2, 18], [3, 16, 4, 17], [9, 1, 10, 22], [13, 21, 14, 20], [19, 13, 20, 12], [5, 15, 6, 14], [7, 5, 8, 4], [15, 7, 16, 6], [21, 9, 22, 8]]"
11a_215_30,"[[21, 9, 22, 8], [17, 10, 18, 11], [11, 2, 12, 3], [1, 19, 2, 18], [3, 16, 4, 17], [9, 1, 10, 22], [13, 21, 14, 20], [19, 13, 20, 12], [5, 15, 6, 14], [7, 5, 8, 4], [15, 7, 16, 6]]"
11a_215_31,"[[15, 7, 16, 6], [21, 9, 22, 8], [17, 10, 18, 11], [11, 2, 12, 3], [1, 19, 2, 18], [3, 16, 4, 17], [9, 1, 10, 22], [13, 21, 14, 20], [19, 13, 20, 12], [5, 15, 6, 14], [7, 5, 8, 4]]"
11a_215_32,"[[7, 5, 8, 4], [15, 7, 16, 6], [21, 9, 22, 8], [17, 10, 18, 11], [11, 2, 12, 3], [1, 19, 2, 18], [3, 16, 4, 17], [9, 1, 10, 22], [13, 21, 14, 20], [19, 13, 20, 12], [5, 15, 6, 14]]"
11a_215_33,"[[6, 16, 7, 15], [8, 6, 9, 5], [16, 8, 17, 7], [22, 10, 1, 9], [18, 11, 19, 12], [12, 3, 13, 4], [2, 20, 3, 19], [4, 17, 5, 18], [10, 2, 11, 1], [14, 22, 15, 21], [20, 14, 21, 13]]"
11a_215_34,"[[20, 14, 21, 13], [6, 16, 7, 15], [8, 6, 9, 5], [16, 8, 17, 7], [22, 10, 1, 9], [18, 11, 19, 12], [12, 3, 13, 4], [2, 20, 3, 19], [4, 17, 5, 18], [10, 2, 11, 1], [14, 22, 15, 21]]"
11a_215_35,"[[14, 22, 15, 21], [20, 14, 21, 13], [6, 16, 7, 15], [8, 6, 9, 5], [16, 8, 17, 7], [22, 10, 1, 9], [18, 11, 19, 12], [12, 3, 13, 4], [2, 20, 3, 19], [4, 17, 5, 18], [10, 2, 11, 1]]"
11a_215_36,"[[10, 2, 11, 1], [14, 22, 15, 21], [20, 14, 21, 13], [6, 16, 7, 15], [8, 6, 9, 5], [16, 8, 17, 7], [22, 10, 1, 9], [18, 11, 19, 12], [12, 3, 13, 4], [2, 20, 3, 19], [4, 17, 5, 18]]"
11a_215_37,"[[4, 17, 5, 18], [10, 2, 11, 1], [14, 22, 15, 21], [20, 14, 21, 13], [6, 16, 7, 15], [8, 6, 9, 5], [16, 8, 17, 7], [22, 10, 1, 9], [18, 11, 19, 12], [12, 3, 13, 4], [2, 20, 3, 19]]"
11a_215_38,"[[2, 20, 3, 19], [4, 17, 5, 18], [10, 2, 11, 1], [14, 22, 15, 21], [20, 14, 21, 13], [6, 16, 7, 15], [8, 6, 9, 5], [16, 8, 17, 7], [22, 10, 1, 9], [18, 11, 19, 12], [12, 3, 13, 4]]"
11a_215_39,"[[12, 3, 13, 4], [2, 20, 3, 19], [4, 17, 5, 18], [10, 2, 11, 1], [14, 22, 15, 21], [20, 14, 21, 13], [6, 16, 7, 15], [8, 6, 9, 5], [16, 8, 17, 7], [22, 10, 1, 9], [18, 11, 19, 12]]"
11a_215_40,"[[18, 11, 19, 12], [12, 3, 13, 4], [2, 20, 3, 19], [4, 17, 5, 18], [10, 2, 11, 1], [14, 22, 15, 21], [20, 14, 21, 13], [6, 16, 7, 15], [8, 6, 9, 5], [16, 8, 17, 7], [22, 10, 1, 9]]"
11a_215_41,"[[22, 10, 1, 9], [18, 11, 19, 12], [12, 3, 13, 4], [2, 20, 3, 19], [4, 17, 5, 18], [10, 2, 11, 1], [14, 22, 15, 21], [20, 14, 21, 13], [6, 16, 7, 15], [8, 6, 9, 5], [16, 8, 17, 7]]"
11a_215_42,"[[16, 8, 17, 7], [22, 10, 1, 9], [18, 11, 19, 12], [12, 3, 13, 4], [2, 20, 3, 19], [4, 17, 5, 18], [10, 2, 11, 1], [14, 22, 15, 21], [20, 14, 21, 13], [6, 16, 7, 15], [8, 6, 9, 5]]"
11a_215_43,"[[8, 6, 9, 5], [16, 8, 17, 7], [22, 10, 1, 9], [18, 11, 19, 12], [12, 3, 13, 4], [2, 20, 3, 19], [4, 17, 5, 18], [10, 2, 11, 1], [14, 22, 15, 21], [20, 14, 21, 13], [6, 16, 7, 15]]"
11a_215_44,"[[7, 17, 8, 16], [9, 7, 10, 6], [17, 9, 18, 8], [1, 11, 2, 10], [19, 12, 20, 13], [13, 4, 14, 5], [3, 21, 4, 20], [5, 18, 6, 19], [11, 3, 12, 2], [15, 1, 16, 22], [21, 15, 22, 14]]"
11a_215_45,"[[21, 15, 22, 14], [7, 17, 8, 16], [9, 7, 10, 6], [17, 9, 18, 8], [1, 11, 2, 10], [19, 12, 20, 13], [13, 4, 14, 5], [3, 21, 4, 20], [5, 18, 6, 19], [11, 3, 12, 2], [15, 1, 16, 22]]"
11a_215_46,"[[15, 1, 16, 22], [21, 15, 22, 14], [7, 17, 8, 16], [9, 7, 10, 6], [17, 9, 18, 8], [1, 11, 2, 10], [19, 12, 20, 13], [13, 4, 14, 5], [3, 21, 4, 20], [5, 18, 6, 19], [11, 3, 12, 2]]"
11a_215_47,"[[11, 3, 12, 2], [15, 1, 16, 22], [21, 15, 22, 14], [7, 17, 8, 16], [9, 7, 10, 6], [17, 9, 18, 8], [1, 11, 2, 10], [19, 12, 20, 13], [13, 4, 14, 5], [3, 21, 4, 20], [5, 18, 6, 19]]"
11a_215_48,"[[5, 18, 6, 19], [11, 3, 12, 2], [15, 1, 16, 22], [21, 15, 22, 14], [7, 17, 8, 16], [9, 7, 10, 6], [17, 9, 18, 8], [1, 11, 2, 10], [19, 12, 20, 13], [13, 4, 14, 5], [3, 21, 4, 20]]"
11a_215_49,"[[3, 21, 4, 20], [5, 18, 6, 19], [11, 3, 12, 2], [15, 1, 16, 22], [21, 15, 22, 14], [7, 17, 8, 16], [9, 7, 10, 6], [17, 9, 18, 8], [1, 11, 2, 10], [19, 12, 20, 13], [13, 4, 14, 5]]"
11a_215_50,"[[13, 4, 14, 5], [3, 21, 4, 20], [5, 18, 6, 19], [11, 3, 12, 2], [15, 1, 16, 22], [21, 15, 22, 14], [7, 17, 8, 16], [9, 7, 10, 6], [17, 9, 18, 8], [1, 11, 2, 10], [19, 12, 20, 13]]"
11a_215_51,"[[19, 12, 20, 13], [13, 4, 14, 5], [3, 21, 4, 20], [5, 18, 6, 19], [11, 3, 12, 2], [15, 1, 16, 22], [21, 15, 22, 14], [7, 17, 8, 16], [9, 7, 10, 6], [17, 9, 18, 8], [1, 11, 2, 10]]"
11a_215_52,"[[1, 11, 2, 10], [19, 12, 20, 13], [13, 4, 14, 5], [3, 21, 4, 20], [5, 18, 6, 19], [11, 3, 12, 2], [15, 1, 16, 22], [21, 15, 22, 14], [7, 17, 8, 16], [9, 7, 10, 6], [17, 9, 18, 8]]"
11a_215_53,"[[17, 9, 18, 8], [1, 11, 2, 10], [19, 12, 20, 13], [13, 4, 14, 5], [3, 21, 4, 20], [5, 18, 6, 19], [11, 3, 12, 2], [15, 1, 16, 22], [21, 15, 22, 14], [7, 17, 8, 16], [9, 7, 10, 6]]"
11a_215_54,"[[9, 7, 10, 6], [17, 9, 18, 8], [1, 11, 2, 10], [19, 12, 20, 13], [13, 4, 14, 5], [3, 21, 4, 20], [5, 18, 6, 19], [11, 3, 12, 2], [15, 1, 16, 22], [21, 15, 22, 14], [7, 17, 8, 16]]"
11a_215_55,"[[8, 18, 9, 17], [10, 8, 11, 7], [18, 10, 19, 9], [2, 12, 3, 11], [20, 13, 21, 14], [14, 5, 15, 6], [4, 22, 5, 21], [6, 19, 7, 20], [12, 4, 13, 3], [16, 2, 17, 1], [22, 16, 1, 15]]"
11a_215_56,"[[22, 16, 1, 15], [8, 18, 9, 17], [10, 8, 11, 7], [18, 10, 19, 9], [2, 12, 3, 11], [20, 13, 21, 14], [14, 5, 15, 6], [4, 22, 5, 21], [6, 19, 7, 20], [12, 4, 13, 3], [16, 2, 17, 1]]"
11a_215_57,"[[16, 2, 17, 1], [22, 16, 1, 15], [8, 18, 9, 17], [10, 8, 11, 7], [18, 10, 19, 9], [2, 12, 3, 11], [20, 13, 21, 14], [14, 5, 15, 6], [4, 22, 5, 21], [6, 19, 7, 20], [12, 4, 13, 3]]"
11a_215_58,"[[12, 4, 13, 3], [16, 2, 17, 1], [22, 16, 1, 15], [8, 18, 9, 17], [10, 8, 11, 7], [18, 10, 19, 9], [2, 12, 3, 11], [20, 13, 21, 14], [14, 5, 15, 6], [4, 22, 5, 21], [6, 19, 7, 20]]"
11a_215_59,"[[6, 19, 7, 20], [12, 4, 13, 3], [16, 2, 17, 1], [22, 16, 1, 15], [8, 18, 9, 17], [10, 8, 11, 7], [18, 10, 19, 9], [2, 12, 3, 11], [20, 13, 21, 14], [14, 5, 15, 6], [4, 22, 5, 21]]"
11a_215_60,"[[4, 22, 5, 21], [6, 19, 7, 20], [12, 4, 13, 3], [16, 2, 17, 1], [22, 16, 1, 15], [8, 18, 9, 17], [10, 8, 11, 7], [18, 10, 19, 9], [2, 12, 3, 11], [20, 13, 21, 14], [14, 5, 15, 6]]"
11a_215_61,"[[14, 5, 15, 6], [4, 22, 5, 21], [6, 19, 7, 20], [12, 4, 13, 3], [16, 2, 17, 1], [22, 16, 1, 15], [8, 18, 9, 17], [10, 8, 11, 7], [18, 10, 19, 9], [2, 12, 3, 11], [20, 13, 21, 14]]"
11a_215_62,"[[20, 13, 21, 14], [14, 5, 15, 6], [4, 22, 5, 21], [6, 19, 7, 20], [12, 4, 13, 3], [16, 2, 17, 1], [22, 16, 1, 15], [8, 18, 9, 17], [10, 8, 11, 7], [18, 10, 19, 9], [2, 12, 3, 11]]"
11a_215_63,"[[2, 12, 3, 11], [20, 13, 21, 14], [14, 5, 15, 6], [4, 22, 5, 21], [6, 19, 7, 20], [12, 4, 13, 3], [16, 2, 17, 1], [22, 16, 1, 15], [8, 18, 9, 17], [10, 8, 11, 7], [18, 10, 19, 9]]"
11a_215_64,"[[18, 10, 19, 9], [2, 12, 3, 11], [20, 13, 21, 14], [14, 5, 15, 6], [4, 22, 5, 21], [6, 19, 7, 20], [12, 4, 13, 3], [16, 2, 17, 1], [22, 16, 1, 15], [8, 18, 9, 17], [10, 8, 11, 7]]"
11a_215_65,"[[10, 8, 11, 7], [18, 10, 19, 9], [2, 12, 3, 11], [20, 13, 21, 14], [14, 5, 15, 6], [4, 22, 5, 21], [6, 19, 7, 20], [12, 4, 13, 3], [16, 2, 17, 1], [22, 16, 1, 15], [8, 18, 9, 17]]"
11a_215_66,"[[9, 19, 10, 18], [11, 9, 12, 8], [19, 11, 20, 10], [3, 13, 4, 12], [21, 14, 22, 15], [15, 6, 16, 7], [5, 1, 6, 22], [7, 20, 8, 21], [13, 5, 14, 4], [17, 3, 18, 2], [1, 17, 2, 16]]"
11a_215_67,"[[1, 17, 2, 16], [9, 19, 10, 18], [11, 9, 12, 8], [19, 11, 20, 10], [3, 13, 4, 12], [21, 14, 22, 15], [15, 6, 16, 7], [5, 1, 6, 22], [7, 20, 8, 21], [13, 5, 14, 4], [17, 3, 18, 2]]"
11a_215_68,"[[17, 3, 18, 2], [1, 17, 2, 16], [9, 19, 10, 18], [11, 9, 12, 8], [19, 11, 20, 10], [3, 13, 4, 12], [21, 14, 22, 15], [15, 6, 16, 7], [5, 1, 6, 22], [7, 20, 8, 21], [13, 5, 14, 4]]"
11a_215_69,"[[13, 5, 14, 4], [17, 3, 18, 2], [1, 17, 2, 16], [9, 19, 10, 18], [11, 9, 12, 8], [19, 11, 20, 10], [3, 13, 4, 12], [21, 14, 22, 15], [15, 6, 16, 7], [5, 1, 6, 22], [7, 20, 8, 21]]"
11a_215_70,"[[7, 20, 8, 21], [13, 5, 14, 4], [17, 3, 18, 2], [1, 17, 2, 16], [9, 19, 10, 18], [11, 9, 12, 8], [19, 11, 20, 10], [3, 13, 4, 12], [21, 14, 22, 15], [15, 6, 16, 7], [5, 1, 6, 22]]"
11a_215_71,"[[5, 1, 6, 22], [7, 20, 8, 21], [13, 5, 14, 4], [17, 3, 18, 2], [1, 17, 2, 16], [9, 19, 10, 18], [11, 9, 12, 8], [19, 11, 20, 10], [3, 13, 4, 12], [21, 14, 22, 15], [15, 6, 16, 7]]"
11a_215_72,"[[15, 6, 16, 7], [5, 1, 6, 22], [7, 20, 8, 21], [13, 5, 14, 4], [17, 3, 18, 2], [1, 17, 2, 16], [9, 19, 10, 18], [11, 9, 12, 8], [19, 11, 20, 10], [3, 13, 4, 12], [21, 14, 22, 15]]"
11a_215_73,"[[21, 14, 22, 15], [15, 6, 16, 7], [5, 1, 6, 22], [7, 20, 8, 21], [13, 5, 14, 4], [17, 3, 18, 2], [1, 17, 2, 16], [9, 19, 10, 18], [11, 9, 12, 8], [19, 11, 20, 10], [3, 13, 4, 12]]"
11a_215_74,"[[3, 13, 4, 12], [21, 14, 22, 15], [15, 6, 16, 7], [5, 1, 6, 22], [7, 20, 8, 21], [13, 5, 14, 4], [17, 3, 18, 2], [1, 17, 2, 16], [9, 19, 10, 18], [11, 9, 12, 8], [19, 11, 20, 10]]"
11a_215_75,"[[19, 11, 20, 10], [3, 13, 4, 12], [21, 14, 22, 15], [15, 6, 16, 7], [5, 1, 6, 22], [7, 20, 8, 21], [13, 5, 14, 4], [17, 3, 18, 2], [1, 17, 2, 16], [9, 19, 10, 18], [11, 9, 12, 8]]"
11a_215_76,"[[11, 9, 12, 8], [19, 11, 20, 10], [3, 13, 4, 12], [21, 14, 22, 15], [15, 6, 16, 7], [5, 1, 6, 22], [7, 20, 8, 21], [13, 5, 14, 4], [17, 3, 18, 2], [1, 17, 2, 16], [9, 19, 10, 18]]"
11a_215_77,"[[10, 20, 11, 19], [12, 10, 13, 9], [20, 12, 21, 11], [4, 14, 5, 13], [22, 15, 1, 16], [16, 7, 17, 8], [6, 2, 7, 1], [8, 21, 9, 22], [14, 6, 15, 5], [18, 4, 19, 3], [2, 18, 3, 17]]"
11a_215_78,"[[2, 18, 3, 17], [10, 20, 11, 19], [12, 10, 13, 9], [20, 12, 21, 11], [4, 14, 5, 13], [22, 15, 1, 16], [16, 7, 17, 8], [6, 2, 7, 1], [8, 21, 9, 22], [14, 6, 15, 5], [18, 4, 19, 3]]"
11a_215_79,"[[18, 4, 19, 3], [2, 18, 3, 17], [10, 20, 11, 19], [12, 10, 13, 9], [20, 12, 21, 11], [4, 14, 5, 13], [22, 15, 1, 16], [16, 7, 17, 8], [6, 2, 7, 1], [8, 21, 9, 22], [14, 6, 15, 5]]"
11a_215_80,"[[14, 6, 15, 5], [18, 4, 19, 3], [2, 18, 3, 17], [10, 20, 11, 19], [12, 10, 13, 9], [20, 12, 21, 11], [4, 14, 5, 13], [22, 15, 1, 16], [16, 7, 17, 8], [6, 2, 7, 1], [8, 21, 9, 22]]"
11a_215_81,"[[8, 21, 9, 22], [14, 6, 15, 5], [18, 4, 19, 3], [2, 18, 3, 17], [10, 20, 11, 19], [12, 10, 13, 9], [20, 12, 21, 11], [4, 14, 5, 13], [22, 15, 1, 16], [16, 7, 17, 8], [6, 2, 7, 1]]"
11a_215_82,"[[6, 2, 7, 1], [8, 21, 9, 22], [14, 6, 15, 5], [18, 4, 19, 3], [2, 18, 3, 17], [10, 20, 11, 19], [12, 10, 13, 9], [20, 12, 21, 11], [4, 14, 5, 13], [22, 15, 1, 16], [16, 7, 17, 8]]"
11a_215_83,"[[16, 7, 17, 8], [6, 2, 7, 1], [8, 21, 9, 22], [14, 6, 15, 5], [18, 4, 19, 3], [2, 18, 3, 17], [10, 20, 11, 19], [12, 10, 13, 9], [20, 12, 21, 11], [4, 14, 5, 13], [22, 15, 1, 16]]"
11a_215_84,"[[22, 15, 1, 16], [16, 7, 17, 8], [6, 2, 7, 1], [8, 21, 9, 22], [14, 6, 15, 5], [18, 4, 19, 3], [2, 18, 3, 17], [10, 20, 11, 19], [12, 10, 13, 9], [20, 12, 21, 11], [4, 14, 5, 13]]"
11a_215_85,"[[4, 14, 5, 13], [22, 15, 1, 16], [16, 7, 17, 8], [6, 2, 7, 1], [8, 21, 9, 22], [14, 6, 15, 5], [18, 4, 19, 3], [2, 18, 3, 17], [10, 20, 11, 19], [12, 10, 13, 9], [20, 12, 21, 11]]"
11a_215_86,"[[20, 12, 21, 11], [4, 14, 5, 13], [22, 15, 1, 16], [16, 7, 17, 8], [6, 2, 7, 1], [8, 21, 9, 22], [14, 6, 15, 5], [18, 4, 19, 3], [2, 18, 3, 17], [10, 20, 11, 19], [12, 10, 13, 9]]"
11a_215_87,"[[12, 10, 13, 9], [20, 12, 21, 11], [4, 14, 5, 13], [22, 15, 1, 16], [16, 7, 17, 8], [6, 2, 7, 1], [8, 21, 9, 22], [14, 6, 15, 5], [18, 4, 19, 3], [2, 18, 3, 17], [10, 20, 11, 19]]"
11a_215_88,"[[11, 21, 12, 20], [13, 11, 14, 10], [21, 13, 22, 12], [5, 15, 6, 14], [1, 16, 2, 17], [17, 8, 18, 9], [7, 3, 8, 2], [9, 22, 10, 1], [15, 7, 16, 6], [19, 5, 20, 4], [3, 19, 4, 18]]"
11a_215_89,"[[3, 19, 4, 18], [11, 21, 12, 20], [13, 11, 14, 10], [21, 13, 22, 12], [5, 15, 6, 14], [1, 16, 2, 17], [17, 8, 18, 9], [7, 3, 8, 2], [9, 22, 10, 1], [15, 7, 16, 6], [19, 5, 20, 4]]"
11a_215_90,"[[19, 5, 20, 4], [3, 19, 4, 18], [11, 21, 12, 20], [13, 11, 14, 10], [21, 13, 22, 12], [5, 15, 6, 14], [1, 16, 2, 17], [17, 8, 18, 9], [7, 3, 8, 2], [9, 22, 10, 1], [15, 7, 16, 6]]"
11a_215_91,"[[15, 7, 16, 6], [19, 5, 20, 4], [3, 19, 4, 18], [11, 21, 12, 20], [13, 11, 14, 10], [21, 13, 22, 12], [5, 15, 6, 14], [1, 16, 2, 17], [17, 8, 18, 9], [7, 3, 8, 2], [9, 22, 10, 1]]"
11a_215_92,"[[9, 22, 10, 1], [15, 7, 16, 6], [19, 5, 20, 4], [3, 19, 4, 18], [11, 21, 12, 20], [13, 11, 14, 10], [21, 13, 22, 12], [5, 15, 6, 14], [1, 16, 2, 17], [17, 8, 18, 9], [7, 3, 8, 2]]"
11a_215_93,"[[7, 3, 8, 2], [9, 22, 10, 1], [15, 7, 16, 6], [19, 5, 20, 4], [3, 19, 4, 18], [11, 21, 12, 20], [13, 11, 14, 10], [21, 13, 22, 12], [5, 15, 6, 14], [1, 16, 2, 17], [17, 8, 18, 9]]"
11a_215_94,"[[17, 8, 18, 9], [7, 3, 8, 2], [9, 22, 10, 1], [15, 7, 16, 6], [19, 5, 20, 4], [3, 19, 4, 18], [11, 21, 12, 20], [13, 11, 14, 10], [21, 13, 22, 12], [5, 15, 6, 14], [1, 16, 2, 17]]"
11a_215_95,"[[1, 16, 2, 17], [17, 8, 18, 9], [7, 3, 8, 2], [9, 22, 10, 1], [15, 7, 16, 6], [19, 5, 20, 4], [3, 19, 4, 18], [11, 21, 12, 20], [13, 11, 14, 10], [21, 13, 22, 12], [5, 15, 6, 14]]"
11a_215_96,"[[5, 15, 6, 14], [1, 16, 2, 17], [17, 8, 18, 9], [7, 3, 8, 2], [9, 22, 10, 1], [15, 7, 16, 6], [19, 5, 20, 4], [3, 19, 4, 18], [11, 21, 12, 20], [13, 11, 14, 10], [21, 13, 22, 12]]"
11a_215_97,"[[21, 13, 22, 12], [5, 15, 6, 14], [1, 16, 2, 17], [17, 8, 18, 9], [7, 3, 8, 2], [9, 22, 10, 1], [15, 7, 16, 6], [19, 5, 20, 4], [3, 19, 4, 18], [11, 21, 12, 20], [13, 11, 14, 10]]"
11a_215_98,"[[13, 11, 14, 10], [21, 13, 22, 12], [5, 15, 6, 14], [1, 16, 2, 17], [17, 8, 18, 9], [7, 3, 8, 2], [9, 22, 10, 1], [15, 7, 16, 6], [19, 5, 20, 4], [3, 19, 4, 18], [11, 21, 12, 20]]"
11a_215_99,"[[12, 22, 13, 21], [14, 12, 15, 11], [22, 14, 1, 13], [6, 16, 7, 15], [2, 17, 3, 18], [18, 9, 19, 10], [8, 4, 9, 3], [10, 1, 11, 2], [16, 8, 17, 7], [20, 6, 21, 5], [4, 20, 5, 19]]"
11a_215_100,"[[4, 20, 5, 19], [12, 22, 13, 21], [14, 12, 15, 11], [22, 14, 1, 13], [6, 16, 7, 15], [2, 17, 3, 18], [18, 9, 19, 10], [8, 4, 9, 3], [10, 1, 11, 2], [16, 8, 17, 7], [20, 6, 21, 5]]"
11a_215_101,"[[20, 6, 21, 5], [4, 20, 5, 19], [12, 22, 13, 21], [14, 12, 15, 11], [22, 14, 1, 13], [6, 16, 7, 15], [2, 17, 3, 18], [18, 9, 19, 10], [8, 4, 9, 3], [10, 1, 11, 2], [16, 8, 17, 7]]"
11a_215_102,"[[16, 8, 17, 7], [20, 6, 21, 5], [4, 20, 5, 19], [12, 22, 13, 21], [14, 12, 15, 11], [22, 14, 1, 13], [6, 16, 7, 15], [2, 17, 3, 18], [18, 9, 19, 10], [8, 4, 9, 3], [10, 1, 11, 2]]"
11a_215_103,"[[10, 1, 11, 2], [16, 8, 17, 7], [20, 6, 21, 5], [4, 20, 5, 19], [12, 22, 13, 21], [14, 12, 15, 11], [22, 14, 1, 13], [6, 16, 7, 15], [2, 17, 3, 18], [18, 9, 19, 10], [8, 4, 9, 3]]"
11a_215_104,"[[8, 4, 9, 3], [10, 1, 11, 2], [16, 8, 17, 7], [20, 6, 21, 5], [4, 20, 5, 19], [12, 22, 13, 21], [14, 12, 15, 11], [22, 14, 1, 13], [6, 16, 7, 15], [2, 17, 3, 18], [18, 9, 19, 10]]"
11a_215_105,"[[18, 9, 19, 10], [8, 4, 9, 3], [10, 1, 11, 2], [16, 8, 17, 7], [20, 6, 21, 5], [4, 20, 5, 19], [12, 22, 13, 21], [14, 12, 15, 11], [22, 14, 1, 13], [6, 16, 7, 15], [2, 17, 3, 18]]"
11a_215_106,"[[2, 17, 3, 18], [18, 9, 19, 10], [8, 4, 9, 3], [10, 1, 11, 2], [16, 8, 17, 7], [20, 6, 21, 5], [4, 20, 5, 19], [12, 22, 13, 21], [14, 12, 15, 11], [22, 14, 1, 13], [6, 16, 7, 15]]"
11a_215_107,"[[6, 16, 7, 15], [2, 17, 3, 18], [18, 9, 19, 10], [8, 4, 9, 3], [10, 1, 11, 2], [16, 8, 17, 7], [20, 6, 21, 5], [4, 20, 5, 19], [12, 22, 13, 21], [14, 12, 15, 11], [22, 14, 1, 13]]"
11a_215_108,"[[22, 14, 1, 13], [6, 16, 7, 15], [2, 17, 3, 18], [18, 9, 19, 10], [8, 4, 9, 3], [10, 1, 11, 2], [16, 8, 17, 7], [20, 6, 21, 5], [4, 20, 5, 19], [12, 22, 13, 21], [14, 12, 15, 11]]"
11a_215_109,"[[14, 12, 15, 11], [22, 14, 1, 13], [6, 16, 7, 15], [2, 17, 3, 18], [18, 9, 19, 10], [8, 4, 9, 3], [10, 1, 11, 2], [16, 8, 17, 7], [20, 6, 21, 5], [4, 20, 5, 19], [12, 22, 13, 21]]"
11a_215_110,"[[13, 1, 14, 22], [15, 13, 16, 12], [1, 15, 2, 14], [7, 17, 8, 16], [3, 18, 4, 19], [19, 10, 20, 11], [9, 5, 10, 4], [11, 2, 12, 3], [17, 9, 18, 8], [21, 7, 22, 6], [5, 21, 6, 20]]"
11a_215_111,"[[5, 21, 6, 20], [13, 1, 14, 22], [15, 13, 16, 12], [1, 15, 2, 14], [7, 17, 8, 16], [3, 18, 4, 19], [19, 10, 20, 11], [9, 5, 10, 4], [11, 2, 12, 3], [17, 9, 18, 8], [21, 7, 22, 6]]"
11a_215_112,"[[21, 7, 22, 6], [5, 21, 6, 20], [13, 1, 14, 22], [15, 13, 16, 12], [1, 15, 2, 14], [7, 17, 8, 16], [3, 18, 4, 19], [19, 10, 20, 11], [9, 5, 10, 4], [11, 2, 12, 3], [17, 9, 18, 8]]"
11a_215_113,"[[17, 9, 18, 8], [21, 7, 22, 6], [5, 21, 6, 20], [13, 1, 14, 22], [15, 13, 16, 12], [1, 15, 2, 14], [7, 17, 8, 16], [3, 18, 4, 19], [19, 10, 20, 11], [9, 5, 10, 4], [11, 2, 12, 3]]"
11a_215_114,"[[11, 2, 12, 3], [17, 9, 18, 8], [21, 7, 22, 6], [5, 21, 6, 20], [13, 1, 14, 22], [15, 13, 16, 12], [1, 15, 2, 14], [7, 17, 8, 16], [3, 18, 4, 19], [19, 10, 20, 11], [9, 5, 10, 4]]"
11a_215_115,"[[9, 5, 10, 4], [11, 2, 12, 3], [17, 9, 18, 8], [21, 7, 22, 6], [5, 21, 6, 20], [13, 1, 14, 22], [15, 13, 16, 12], [1, 15, 2, 14], [7, 17, 8, 16], [3, 18, 4, 19], [19, 10, 20, 11]]"
11a_215_116,"[[19, 10, 20, 11], [9, 5, 10, 4], [11, 2, 12, 3], [17, 9, 18, 8], [21, 7, 22, 6], [5, 21, 6, 20], [13, 1, 14, 22], [15, 13, 16, 12], [1, 15, 2, 14], [7, 17, 8, 16], [3, 18, 4, 19]]"
11a_215_117,"[[3, 18, 4, 19], [19, 10, 20, 11], [9, 5, 10, 4], [11, 2, 12, 3], [17, 9, 18, 8], [21, 7, 22, 6], [5, 21, 6, 20], [13, 1, 14, 22], [15, 13, 16, 12], [1, 15, 2, 14], [7, 17, 8, 16]]"
11a_215_118,"[[7, 17, 8, 16], [3, 18, 4, 19], [19, 10, 20, 11], [9, 5, 10, 4], [11, 2, 12, 3], [17, 9, 18, 8], [21, 7, 22, 6], [5, 21, 6, 20], [13, 1, 14, 22], [15, 13, 16, 12], [1, 15, 2, 14]]"
11a_215_119,"[[1, 15, 2, 14], [7, 17, 8, 16], [3, 18, 4, 19], [19, 10, 20, 11], [9, 5, 10, 4], [11, 2, 12, 3], [17, 9, 18, 8], [21, 7, 22, 6], [5, 21, 6, 20], [13, 1, 14, 22], [15, 13, 16, 12]]"
11a_215_120,"[[15, 13, 16, 12], [1, 15, 2, 14], [7, 17, 8, 16], [3, 18, 4, 19], [19, 10, 20, 11], [9, 5, 10, 4], [11, 2, 12, 3], [17, 9, 18, 8], [21, 7, 22, 6], [5, 21, 6, 20], [13, 1, 14, 22]]"
11a_215_121,"[[14, 2, 15, 1], [16, 14, 17, 13], [2, 16, 3, 15], [8, 18, 9, 17], [4, 19, 5, 20], [20, 11, 21, 12], [10, 6, 11, 5], [12, 3, 13, 4], [18, 10, 19, 9], [22, 8, 1, 7], [6, 22, 7, 21]]"
11a_215_122,"[[6, 22, 7, 21], [14, 2, 15, 1], [16, 14, 17, 13], [2, 16, 3, 15], [8, 18, 9, 17], [4, 19, 5, 20], [20, 11, 21, 12], [10, 6, 11, 5], [12, 3, 13, 4], [18, 10, 19, 9], [22, 8, 1, 7]]"
11a_215_123,"[[22, 8, 1, 7], [6, 22, 7, 21], [14, 2, 15, 1], [16, 14, 17, 13], [2, 16, 3, 15], [8, 18, 9, 17], [4, 19, 5, 20], [20, 11, 21, 12], [10, 6, 11, 5], [12, 3, 13, 4], [18, 10, 19, 9]]"
11a_215_124,"[[18, 10, 19, 9], [22, 8, 1, 7], [6, 22, 7, 21], [14, 2, 15, 1], [16, 14, 17, 13], [2, 16, 3, 15], [8, 18, 9, 17], [4, 19, 5, 20], [20, 11, 21, 12], [10, 6, 11, 5], [12, 3, 13, 4]]"
11a_215_125,"[[12, 3, 13, 4], [18, 10, 19, 9], [22, 8, 1, 7], [6, 22, 7, 21], [14, 2, 15, 1], [16, 14, 17, 13], [2, 16, 3, 15], [8, 18, 9, 17], [4, 19, 5, 20], [20, 11, 21, 12], [10, 6, 11, 5]]"
11a_215_126,"[[10, 6, 11, 5], [12, 3, 13, 4], [18, 10, 19, 9], [22, 8, 1, 7], [6, 22, 7, 21], [14, 2, 15, 1], [16, 14, 17, 13], [2, 16, 3, 15], [8, 18, 9, 17], [4, 19, 5, 20], [20, 11, 21, 12]]"
11a_215_127,"[[20, 11, 21, 12], [10, 6, 11, 5], [12, 3, 13, 4], [18, 10, 19, 9], [22, 8, 1, 7], [6, 22, 7, 21], [14, 2, 15, 1], [16, 14, 17, 13], [2, 16, 3, 15], [8, 18, 9, 17], [4, 19, 5, 20]]"
11a_215_128,"[[4, 19, 5, 20], [20, 11, 21, 12], [10, 6, 11, 5], [12, 3, 13, 4], [18, 10, 19, 9], [22, 8, 1, 7], [6, 22, 7, 21], [14, 2, 15, 1], [16, 14, 17, 13], [2, 16, 3, 15], [8, 18, 9, 17]]"
11a_215_129,"[[8, 18, 9, 17], [4, 19, 5, 20], [20, 11, 21, 12], [10, 6, 11, 5], [12, 3, 13, 4], [18, 10, 19, 9], [22, 8, 1, 7], [6, 22, 7, 21], [14, 2, 15, 1], [16, 14, 17, 13], [2, 16, 3, 15]]"
11a_215_130,"[[2, 16, 3, 15], [8, 18, 9, 17], [4, 19, 5, 20], [20, 11, 21, 12], [10, 6, 11, 5], [12, 3, 13, 4], [18, 10, 19, 9], [22, 8, 1, 7], [6, 22, 7, 21], [14, 2, 15, 1], [16, 14, 17, 13]]"
11a_215_131,"[[16, 14, 17, 13], [2, 16, 3, 15], [8, 18, 9, 17], [4, 19, 5, 20], [20, 11, 21, 12], [10, 6, 11, 5], [12, 3, 13, 4], [18, 10, 19, 9], [22, 8, 1, 7], [6, 22, 7, 21], [14, 2, 15, 1]]"
11a_215_132,"[[15, 3, 16, 2], [17, 15, 18, 14], [3, 17, 4, 16], [9, 19, 10, 18], [5, 20, 6, 21], [21, 12, 22, 13], [11, 7, 12, 6], [13, 4, 14, 5], [19, 11, 20, 10], [1, 9, 2, 8], [7, 1, 8, 22]]"
11a_215_133,"[[7, 1, 8, 22], [15, 3, 16, 2], [17, 15, 18, 14], [3, 17, 4, 16], [9, 19, 10, 18], [5, 20, 6, 21], [21, 12, 22, 13], [11, 7, 12, 6], [13, 4, 14, 5], [19, 11, 20, 10], [1, 9, 2, 8]]"
11a_215_134,"[[1, 9, 2, 8], [7, 1, 8, 22], [15, 3, 16, 2], [17, 15, 18, 14], [3, 17, 4, 16], [9, 19, 10, 18], [5, 20, 6, 21], [21, 12, 22, 13], [11, 7, 12, 6], [13, 4, 14, 5], [19, 11, 20, 10]]"
11a_215_135,"[[19, 11, 20, 10], [1, 9, 2, 8], [7, 1, 8, 22], [15, 3, 16, 2], [17, 15, 18, 14], [3, 17, 4, 16], [9, 19, 10, 18], [5, 20, 6, 21], [21, 12, 22, 13], [11, 7, 12, 6], [13, 4, 14, 5]]"
11a_215_136,"[[13, 4, 14, 5], [19, 11, 20, 10], [1, 9, 2, 8], [7, 1, 8, 22], [15, 3, 16, 2], [17, 15, 18, 14], [3, 17, 4, 16], [9, 19, 10, 18], [5, 20, 6, 21], [21, 12, 22, 13], [11, 7, 12, 6]]"
11a_215_137,"[[11, 7, 12, 6], [13, 4, 14, 5], [19, 11, 20, 10], [1, 9, 2, 8], [7, 1, 8, 22], [15, 3, 16, 2], [17, 15, 18, 14], [3, 17, 4, 16], [9, 19, 10, 18], [5, 20, 6, 21], [21, 12, 22, 13]]"
11a_215_138,"[[21, 12, 22, 13], [11, 7, 12, 6], [13, 4, 14, 5], [19, 11, 20, 10], [1, 9, 2, 8], [7, 1, 8, 22], [15, 3, 16, 2], [17, 15, 18, 14], [3, 17, 4, 16], [9, 19, 10, 18], [5, 20, 6, 21]]"
11a_215_139,"[[5, 20, 6, 21], [21, 12, 22, 13], [11, 7, 12, 6], [13, 4, 14, 5], [19, 11, 20, 10], [1, 9, 2, 8], [7, 1, 8, 22], [15, 3, 16, 2], [17, 15, 18, 14], [3, 17, 4, 16], [9, 19, 10, 18]]"
11a_215_140,"[[9, 19, 10, 18], [5, 20, 6, 21], [21, 12, 22, 13], [11, 7, 12, 6], [13, 4, 14, 5], [19, 11, 20, 10], [1, 9, 2, 8], [7, 1, 8, 22], [15, 3, 16, 2], [17, 15, 18, 14], [3, 17, 4, 16]]"
11a_215_141,"[[3, 17, 4, 16], [9, 19, 10, 18], [5, 20, 6, 21], [21, 12, 22, 13], [11, 7, 12, 6], [13, 4, 14, 5], [19, 11, 20, 10], [1, 9, 2, 8], [7, 1, 8, 22], [15, 3, 16, 2], [17, 15, 18, 14]]"
11a_215_142,"[[17, 15, 18, 14], [3, 17, 4, 16], [9, 19, 10, 18], [5, 20, 6, 21], [21, 12, 22, 13], [11, 7, 12, 6], [13, 4, 14, 5], [19, 11, 20, 10], [1, 9, 2, 8], [7, 1, 8, 22], [15, 3, 16, 2]]"
11a_215_143,"[[16, 4, 17, 3], [18, 16, 19, 15], [4, 18, 5, 17], [10, 20, 11, 19], [6, 21, 7, 22], [22, 13, 1, 14], [12, 8, 13, 7], [14, 5, 15, 6], [20, 12, 21, 11], [2, 10, 3, 9], [8, 2, 9, 1]]"
11a_215_144,"[[8, 2, 9, 1], [16, 4, 17, 3], [18, 16, 19, 15], [4, 18, 5, 17], [10, 20, 11, 19], [6, 21, 7, 22], [22, 13, 1, 14], [12, 8, 13, 7], [14, 5, 15, 6], [20, 12, 21, 11], [2, 10, 3, 9]]"
11a_215_145,"[[2, 10, 3, 9], [8, 2, 9, 1], [16, 4, 17, 3], [18, 16, 19, 15], [4, 18, 5, 17], [10, 20, 11, 19], [6, 21, 7, 22], [22, 13, 1, 14], [12, 8, 13, 7], [14, 5, 15, 6], [20, 12, 21, 11]]"
11a_215_146,"[[20, 12, 21, 11], [2, 10, 3, 9], [8, 2, 9, 1], [16, 4, 17, 3], [18, 16, 19, 15], [4, 18, 5, 17], [10, 20, 11, 19], [6, 21, 7, 22], [22, 13, 1, 14], [12, 8, 13, 7], [14, 5, 15, 6]]"
11a_215_147,"[[14, 5, 15, 6], [20, 12, 21, 11], [2, 10, 3, 9], [8, 2, 9, 1], [16, 4, 17, 3], [18, 16, 19, 15], [4, 18, 5, 17], [10, 20, 11, 19], [6, 21, 7, 22], [22, 13, 1, 14], [12, 8, 13, 7]]"
11a_215_148,"[[12, 8, 13, 7], [14, 5, 15, 6], [20, 12, 21, 11], [2, 10, 3, 9], [8, 2, 9, 1], [16, 4, 17, 3], [18, 16, 19, 15], [4, 18, 5, 17], [10, 20, 11, 19], [6, 21, 7, 22], [22, 13, 1, 14]]"
11a_215_149,"[[22, 13, 1, 14], [12, 8, 13, 7], [14, 5, 15, 6], [20, 12, 21, 11], [2, 10, 3, 9], [8, 2, 9, 1], [16, 4, 17, 3], [18, 16, 19, 15], [4, 18, 5, 17], [10, 20, 11, 19], [6, 21, 7, 22]]"
11a_215_150,"[[6, 21, 7, 22], [22, 13, 1, 14], [12, 8, 13, 7], [14, 5, 15, 6], [20, 12, 21, 11], [2, 10, 3, 9], [8, 2, 9, 1], [16, 4, 17, 3], [18, 16, 19, 15], [4, 18, 5, 17], [10, 20, 11, 19]]"
11a_215_151,"[[10, 20, 11, 19], [6, 21, 7, 22], [22, 13, 1, 14], [12, 8, 13, 7], [14, 5, 15, 6], [20, 12, 21, 11], [2, 10, 3, 9], [8, 2, 9, 1], [16, 4, 17, 3], [18, 16, 19, 15], [4, 18, 5, 17]]"
11a_215_152,"[[4, 18, 5, 17], [10, 20, 11, 19], [6, 21, 7, 22], [22, 13, 1, 14], [12, 8, 13, 7], [14, 5, 15, 6], [20, 12, 21, 11], [2, 10, 3, 9], [8, 2, 9, 1], [16, 4, 17, 3], [18, 16, 19, 15]]"
11a_215_153,"[[18, 16, 19, 15], [4, 18, 5, 17], [10, 20, 11, 19], [6, 21, 7, 22], [22, 13, 1, 14], [12, 8, 13, 7], [14, 5, 15, 6], [20, 12, 21, 11], [2, 10, 3, 9], [8, 2, 9, 1], [16, 4, 17, 3]]"
11a_215_154,"[[17, 5, 18, 4], [19, 17, 20, 16], [5, 19, 6, 18], [11, 21, 12, 20], [7, 22, 8, 1], [1, 14, 2, 15], [13, 9, 14, 8], [15, 6, 16, 7], [21, 13, 22, 12], [3, 11, 4, 10], [9, 3, 10, 2]]"
11a_215_155,"[[9, 3, 10, 2], [17, 5, 18, 4], [19, 17, 20, 16], [5, 19, 6, 18], [11, 21, 12, 20], [7, 22, 8, 1], [1, 14, 2, 15], [13, 9, 14, 8], [15, 6, 16, 7], [21, 13, 22, 12], [3, 11, 4, 10]]"
11a_215_156,"[[3, 11, 4, 10], [9, 3, 10, 2], [17, 5, 18, 4], [19, 17, 20, 16], [5, 19, 6, 18], [11, 21, 12, 20], [7, 22, 8, 1], [1, 14, 2, 15], [13, 9, 14, 8], [15, 6, 16, 7], [21, 13, 22, 12]]"
11a_215_157,"[[21, 13, 22, 12], [3, 11, 4, 10], [9, 3, 10, 2], [17, 5, 18, 4], [19, 17, 20, 16], [5, 19, 6, 18], [11, 21, 12, 20], [7, 22, 8, 1], [1, 14, 2, 15], [13, 9, 14, 8], [15, 6, 16, 7]]"
11a_215_158,"[[15, 6, 16, 7], [21, 13, 22, 12], [3, 11, 4, 10], [9, 3, 10, 2], [17, 5, 18, 4], [19, 17, 20, 16], [5, 19, 6, 18], [11, 21, 12, 20], [7, 22, 8, 1], [1, 14, 2, 15], [13, 9, 14, 8]]"
11a_215_159,"[[13, 9, 14, 8], [15, 6, 16, 7], [21, 13, 22, 12], [3, 11, 4, 10], [9, 3, 10, 2], [17, 5, 18, 4], [19, 17, 20, 16], [5, 19, 6, 18], [11, 21, 12, 20], [7, 22, 8, 1], [1, 14, 2, 15]]"
11a_215_160,"[[1, 14, 2, 15], [13, 9, 14, 8], [15, 6, 16, 7], [21, 13, 22, 12], [3, 11, 4, 10], [9, 3, 10, 2], [17, 5, 18, 4], [19, 17, 20, 16], [5, 19, 6, 18], [11, 21, 12, 20], [7, 22, 8, 1]]"
11a_215_161,"[[7, 22, 8, 1], [1, 14, 2, 15], [13, 9, 14, 8], [15, 6, 16, 7], [21, 13, 22, 12], [3, 11, 4, 10], [9, 3, 10, 2], [17, 5, 18, 4], [19, 17, 20, 16], [5, 19, 6, 18], [11, 21, 12, 20]]"
11a_215_162,"[[11, 21, 12, 20], [7, 22, 8, 1], [1, 14, 2, 15], [13, 9, 14, 8], [15, 6, 16, 7], [21, 13, 22, 12], [3, 11, 4, 10], [9, 3, 10, 2], [17, 5, 18, 4], [19, 17, 20, 16], [5, 19, 6, 18]]"
11a_215_163,"[[5, 19, 6, 18], [11, 21, 12, 20], [7, 22, 8, 1], [1, 14, 2, 15], [13, 9, 14, 8], [15, 6, 16, 7], [21, 13, 22, 12], [3, 11, 4, 10], [9, 3, 10, 2], [17, 5, 18, 4], [19, 17, 20, 16]]"
11a_215_164,"[[19, 17, 20, 16], [5, 19, 6, 18], [11, 21, 12, 20], [7, 22, 8, 1], [1, 14, 2, 15], [13, 9, 14, 8], [15, 6, 16, 7], [21, 13, 22, 12], [3, 11, 4, 10], [9, 3, 10, 2], [17, 5, 18, 4]]"
11a_215_165,"[[18, 6, 19, 5], [20, 18, 21, 17], [6, 20, 7, 19], [12, 22, 13, 21], [8, 1, 9, 2], [2, 15, 3, 16], [14, 10, 15, 9], [16, 7, 17, 8], [22, 14, 1, 13], [4, 12, 5, 11], [10, 4, 11, 3]]"
11a_215_166,"[[10, 4, 11, 3], [18, 6, 19, 5], [20, 18, 21, 17], [6, 20, 7, 19], [12, 22, 13, 21], [8, 1, 9, 2], [2, 15, 3, 16], [14, 10, 15, 9], [16, 7, 17, 8], [22, 14, 1, 13], [4, 12, 5, 11]]"
11a_215_167,"[[4, 12, 5, 11], [10, 4, 11, 3], [18, 6, 19, 5], [20, 18, 21, 17], [6, 20, 7, 19], [12, 22, 13, 21], [8, 1, 9, 2], [2, 15, 3, 16], [14, 10, 15, 9], [16, 7, 17, 8], [22, 14, 1, 13]]"
11a_215_168,"[[22, 14, 1, 13], [4, 12, 5, 11], [10, 4, 11, 3], [18, 6, 19, 5], [20, 18, 21, 17], [6, 20, 7, 19], [12, 22, 13, 21], [8, 1, 9, 2], [2, 15, 3, 16], [14, 10, 15, 9], [16, 7, 17, 8]]"
11a_215_169,"[[16, 7, 17, 8], [22, 14, 1, 13], [4, 12, 5, 11], [10, 4, 11, 3], [18, 6, 19, 5], [20, 18, 21, 17], [6, 20, 7, 19], [12, 22, 13, 21], [8, 1, 9, 2], [2, 15, 3, 16], [14, 10, 15, 9]]"
11a_215_170,"[[14, 10, 15, 9], [16, 7, 17, 8], [22, 14, 1, 13], [4, 12, 5, 11], [10, 4, 11, 3], [18, 6, 19, 5], [20, 18, 21, 17], [6, 20, 7, 19], [12, 22, 13, 21], [8, 1, 9, 2], [2, 15, 3, 16]]"
11a_215_171,"[[2, 15, 3, 16], [14, 10, 15, 9], [16, 7, 17, 8], [22, 14, 1, 13], [4, 12, 5, 11], [10, 4, 11, 3], [18, 6, 19, 5], [20, 18, 21, 17], [6, 20, 7, 19], [12, 22, 13, 21], [8, 1, 9, 2]]"
11a_215_172,"[[8, 1, 9, 2], [2, 15, 3, 16], [14, 10, 15, 9], [16, 7, 17, 8], [22, 14, 1, 13], [4, 12, 5, 11], [10, 4, 11, 3], [18, 6, 19, 5], [20, 18, 21, 17], [6, 20, 7, 19], [12, 22, 13, 21]]"
11a_215_173,"[[12, 22, 13, 21], [8, 1, 9, 2], [2, 15, 3, 16], [14, 10, 15, 9], [16, 7, 17, 8], [22, 14, 1, 13], [4, 12, 5, 11], [10, 4, 11, 3], [18, 6, 19, 5], [20, 18, 21, 17], [6, 20, 7, 19]]"
11a_215_174,"[[6, 20, 7, 19], [12, 22, 13, 21], [8, 1, 9, 2], [2, 15, 3, 16], [14, 10, 15, 9], [16, 7, 17, 8], [22, 14, 1, 13], [4, 12, 5, 11], [10, 4, 11, 3], [18, 6, 19, 5], [20, 18, 21, 17]]"
11a_215_175,"[[20, 18, 21, 17], [6, 20, 7, 19], [12, 22, 13, 21], [8, 1, 9, 2], [2, 15, 3, 16], [14, 10, 15, 9], [16, 7, 17, 8], [22, 14, 1, 13], [4, 12, 5, 11], [10, 4, 11, 3], [18, 6, 19, 5]]"
11a_215_176,"[[19, 7, 20, 6], [21, 19, 22, 18], [7, 21, 8, 20], [13, 1, 14, 22], [9, 2, 10, 3], [3, 16, 4, 17], [15, 11, 16, 10], [17, 8, 18, 9], [1, 15, 2, 14], [5, 13, 6, 12], [11, 5, 12, 4]]"
11a_215_177,"[[11, 5, 12, 4], [19, 7, 20, 6], [21, 19, 22, 18], [7, 21, 8, 20], [13, 1, 14, 22], [9, 2, 10, 3], [3, 16, 4, 17], [15, 11, 16, 10], [17, 8, 18, 9], [1, 15, 2, 14], [5, 13, 6, 12]]"
11a_215_178,"[[5, 13, 6, 12], [11, 5, 12, 4], [19, 7, 20, 6], [21, 19, 22, 18], [7, 21, 8, 20], [13, 1, 14, 22], [9, 2, 10, 3], [3, 16, 4, 17], [15, 11, 16, 10], [17, 8, 18, 9], [1, 15, 2, 14]]"
11a_215_179,"[[1, 15, 2, 14], [5, 13, 6, 12], [11, 5, 12, 4], [19, 7, 20, 6], [21, 19, 22, 18], [7, 21, 8, 20], [13, 1, 14, 22], [9, 2, 10, 3], [3, 16, 4, 17], [15, 11, 16, 10], [17, 8, 18, 9]]"
11a_215_180,"[[17, 8, 18, 9], [1, 15, 2, 14], [5, 13, 6, 12], [11, 5, 12, 4], [19, 7, 20, 6], [21, 19, 22, 18], [7, 21, 8, 20], [13, 1, 14, 22], [9, 2, 10, 3], [3, 16, 4, 17], [15, 11, 16, 10]]"
11a_215_181,"[[15, 11, 16, 10], [17, 8, 18, 9], [1, 15, 2, 14], [5, 13, 6, 12], [11, 5, 12, 4], [19, 7, 20, 6], [21, 19, 22, 18], [7, 21, 8, 20], [13, 1, 14, 22], [9, 2, 10, 3], [3, 16, 4, 17]]"
11a_215_182,"[[3, 16, 4, 17], [15, 11, 16, 10], [17, 8, 18, 9], [1, 15, 2, 14], [5, 13, 6, 12], [11, 5, 12, 4], [19, 7, 20, 6], [21, 19, 22, 18], [7, 21, 8, 20], [13, 1, 14, 22], [9, 2, 10, 3]]"
11a_215_183,"[[9, 2, 10, 3], [3, 16, 4, 17], [15, 11, 16, 10], [17, 8, 18, 9], [1, 15, 2, 14], [5, 13, 6, 12], [11, 5, 12, 4], [19, 7, 20, 6], [21, 19, 22, 18], [7, 21, 8, 20], [13, 1, 14, 22]]"
11a_215_184,"[[13, 1, 14, 22], [9, 2, 10, 3], [3, 16, 4, 17], [15, 11, 16, 10], [17, 8, 18, 9], [1, 15, 2, 14], [5, 13, 6, 12], [11, 5, 12, 4], [19, 7, 20, 6], [21, 19, 22, 18], [7, 21, 8, 20]]"
11a_215_185,"[[7, 21, 8, 20], [13, 1, 14, 22], [9, 2, 10, 3], [3, 16, 4, 17], [15, 11, 16, 10], [17, 8, 18, 9], [1, 15, 2, 14], [5, 13, 6, 12], [11, 5, 12, 4], [19, 7, 20, 6], [21, 19, 22, 18]]"
11a_215_186,"[[21, 19, 22, 18], [7, 21, 8, 20], [13, 1, 14, 22], [9, 2, 10, 3], [3, 16, 4, 17], [15, 11, 16, 10], [17, 8, 18, 9], [1, 15, 2, 14], [5, 13, 6, 12], [11, 5, 12, 4], [19, 7, 20, 6]]"
11a_215_187,"[[20, 8, 21, 7], [22, 20, 1, 19], [8, 22, 9, 21], [14, 2, 15, 1], [10, 3, 11, 4], [4, 17, 5, 18], [16, 12, 17, 11], [18, 9, 19, 10], [2, 16, 3, 15], [6, 14, 7, 13], [12, 6, 13, 5]]"
11a_215_188,"[[12, 6, 13, 5], [20, 8, 21, 7], [22, 20, 1, 19], [8, 22, 9, 21], [14, 2, 15, 1], [10, 3, 11, 4], [4, 17, 5, 18], [16, 12, 17, 11], [18, 9, 19, 10], [2, 16, 3, 15], [6, 14, 7, 13]]"
11a_215_189,"[[6, 14, 7, 13], [12, 6, 13, 5], [20, 8, 21, 7], [22, 20, 1, 19], [8, 22, 9, 21], [14, 2, 15, 1], [10, 3, 11, 4], [4, 17, 5, 18], [16, 12, 17, 11], [18, 9, 19, 10], [2, 16, 3, 15]]"
11a_215_190,"[[2, 16, 3, 15], [6, 14, 7, 13], [12, 6, 13, 5], [20, 8, 21, 7], [22, 20, 1, 19], [8, 22, 9, 21], [14, 2, 15, 1], [10, 3, 11, 4], [4, 17, 5, 18], [16, 12, 17, 11], [18, 9, 19, 10]]"
11a_215_191,"[[18, 9, 19, 10], [2, 16, 3, 15], [6, 14, 7, 13], [12, 6, 13, 5], [20, 8, 21, 7], [22, 20, 1, 19], [8, 22, 9, 21], [14, 2, 15, 1], [10, 3, 11, 4], [4, 17, 5, 18], [16, 12, 17, 11]]"
11a_215_192,"[[16, 12, 17, 11], [18, 9, 19, 10], [2, 16, 3, 15], [6, 14, 7, 13], [12, 6, 13, 5], [20, 8, 21, 7], [22, 20, 1, 19], [8, 22, 9, 21], [14, 2, 15, 1], [10, 3, 11, 4], [4, 17, 5, 18]]"
11a_215_193,"[[4, 17, 5, 18], [16, 12, 17, 11], [18, 9, 19, 10], [2, 16, 3, 15], [6, 14, 7, 13], [12, 6, 13, 5], [20, 8, 21, 7], [22, 20, 1, 19], [8, 22, 9, 21], [14, 2, 15, 1], [10, 3, 11, 4]]"
11a_215_194,"[[10, 3, 11, 4], [4, 17, 5, 18], [16, 12, 17, 11], [18, 9, 19, 10], [2, 16, 3, 15], [6, 14, 7, 13], [12, 6, 13, 5], [20, 8, 21, 7], [22, 20, 1, 19], [8, 22, 9, 21], [14, 2, 15, 1]]"
11a_215_195,"[[14, 2, 15, 1], [10, 3, 11, 4], [4, 17, 5, 18], [16, 12, 17, 11], [18, 9, 19, 10], [2, 16, 3, 15], [6, 14, 7, 13], [12, 6, 13, 5], [20, 8, 21, 7], [22, 20, 1, 19], [8, 22, 9, 21]]"
11a_215_196,"[[8, 22, 9, 21], [14, 2, 15, 1], [10, 3, 11, 4], [4, 17, 5, 18], [16, 12, 17, 11], [18, 9, 19, 10], [2, 16, 3, 15], [6, 14, 7, 13], [12, 6, 13, 5], [20, 8, 21, 7], [22, 20, 1, 19]]"
11a_215_197,"[[22, 20, 1, 19], [8, 22, 9, 21], [14, 2, 15, 1], [10, 3, 11, 4], [4, 17, 5, 18], [16, 12, 17, 11], [18, 9, 19, 10], [2, 16, 3, 15], [6, 14, 7, 13], [12, 6, 13, 5], [20, 8, 21, 7]]"
11a_215_198,"[[21, 9, 22, 8], [1, 21, 2, 20], [9, 1, 10, 22], [15, 3, 16, 2], [11, 4, 12, 5], [5, 18, 6, 19], [17, 13, 18, 12], [19, 10, 20, 11], [3, 17, 4, 16], [7, 15, 8, 14], [13, 7, 14, 6]]"
11a_215_199,"[[13, 7, 14, 6], [21, 9, 22, 8], [1, 21, 2, 20], [9, 1, 10, 22], [15, 3, 16, 2], [11, 4, 12, 5], [5, 18, 6, 19], [17, 13, 18, 12], [19, 10, 20, 11], [3, 17, 4, 16], [7, 15, 8, 14]]"
11a_215_200,"[[7, 15, 8, 14], [13, 7, 14, 6], [21, 9, 22, 8], [1, 21, 2, 20], [9, 1, 10, 22], [15, 3, 16, 2], [11, 4, 12, 5], [5, 18, 6, 19], [17, 13, 18, 12], [19, 10, 20, 11], [3, 17, 4, 16]]"
11a_215_201,"[[3, 17, 4, 16], [7, 15, 8, 14], [13, 7, 14, 6], [21, 9, 22, 8], [1, 21, 2, 20], [9, 1, 10, 22], [15, 3, 16, 2], [11, 4, 12, 5], [5, 18, 6, 19], [17, 13, 18, 12], [19, 10, 20, 11]]"
11a_215_202,"[[19, 10, 20, 11], [3, 17, 4, 16], [7, 15, 8, 14], [13, 7, 14, 6], [21, 9, 22, 8], [1, 21, 2, 20], [9, 1, 10, 22], [15, 3, 16, 2], [11, 4, 12, 5], [5, 18, 6, 19], [17, 13, 18, 12]]"
11a_215_203,"[[17, 13, 18, 12], [19, 10, 20, 11], [3, 17, 4, 16], [7, 15, 8, 14], [13, 7, 14, 6], [21, 9, 22, 8], [1, 21, 2, 20], [9, 1, 10, 22], [15, 3, 16, 2], [11, 4, 12, 5], [5, 18, 6, 19]]"
