name,pd_notation
11a_186_0,"[[3, 13, 4, 12], [5, 3, 6, 2], [13, 5, 14, 4], [15, 7, 16, 6], [17, 9, 18, 8], [21, 11, 22, 10], [1, 19, 2, 18], [19, 1, 20, 22], [7, 17, 8, 16], [9, 21, 10, 20], [11, 15, 12, 14]]"
11a_186_1,"[[11, 15, 12, 14], [3, 13, 4, 12], [5, 3, 6, 2], [13, 5, 14, 4], [15, 7, 16, 6], [17, 9, 18, 8], [21, 11, 22, 10], [1, 19, 2, 18], [19, 1, 20, 22], [7, 17, 8, 16], [9, 21, 10, 20]]"
11a_186_2,"[[9, 21, 10, 20], [11, 15, 12, 14], [3, 13, 4, 12], [5, 3, 6, 2], [13, 5, 14, 4], [15, 7, 16, 6], [17, 9, 18, 8], [21, 11, 22, 10], [1, 19, 2, 18], [19, 1, 20, 22], [7, 17, 8, 16]]"
11a_186_3,"[[7, 17, 8, 16], [9, 21, 10, 20], [11, 15, 12, 14], [3, 13, 4, 12], [5, 3, 6, 2], [13, 5, 14, 4], [15, 7, 16, 6], [17, 9, 18, 8], [21, 11, 22, 10], [1, 19, 2, 18], [19, 1, 20, 22]]"
11a_186_4,"[[19, 1, 20, 22], [7, 17, 8, 16], [9, 21, 10, 20], [11, 15, 12, 14], [3, 13, 4, 12], [5, 3, 6, 2], [13, 5, 14, 4], [15, 7, 16, 6], [17, 9, 18, 8], [21, 11, 22, 10], [1, 19, 2, 18]]"
11a_186_5,"[[1, 19, 2, 18], [19, 1, 20, 22], [7, 17, 8, 16], [9, 21, 10, 20], [11, 15, 12, 14], [3, 13, 4, 12], [5, 3, 6, 2], [13, 5, 14, 4], [15, 7, 16, 6], [17, 9, 18, 8], [21, 11, 22, 10]]"
11a_186_6,"[[21, 11, 22, 10], [1, 19, 2, 18], [19, 1, 20, 22], [7, 17, 8, 16], [9, 21, 10, 20], [11, 15, 12, 14], [3, 13, 4, 12], [5, 3, 6, 2], [13, 5, 14, 4], [15, 7, 16, 6], [17, 9, 18, 8]]"
11a_186_7,"[[17, 9, 18, 8], [21, 11, 22, 10], [1, 19, 2, 18], [19, 1, 20, 22], [7, 17, 8, 16], [9, 21, 10, 20], [11, 15, 12, 14], [3, 13, 4, 12], [5, 3, 6, 2], [13, 5, 14, 4], [15, 7, 16, 6]]"
11a_186_8,"[[15, 7, 16, 6], [17, 9, 18, 8], [21, 11, 22, 10], [1, 19, 2, 18], [19, 1, 20, 22], [7, 17, 8, 16], [9, 21, 10, 20], [11, 15, 12, 14], [3, 13, 4, 12], [5, 3, 6, 2], [13, 5, 14, 4]]"
11a_186_9,"[[13, 5, 14, 4], [15, 7, 16, 6], [17, 9, 18, 8], [21, 11, 22, 10], [1, 19, 2, 18], [19, 1, 20, 22], [7, 17, 8, 16], [9, 21, 10, 20], [11, 15, 12, 14], [3, 13, 4, 12], [5, 3, 6, 2]]"
11a_186_10,"[[5, 3, 6, 2], [13, 5, 14, 4], [15, 7, 16, 6], [17, 9, 18, 8], [21, 11, 22, 10], [1, 19, 2, 18], [19, 1, 20, 22], [7, 17, 8, 16], [9, 21, 10, 20], [11, 15, 12, 14], [3, 13, 4, 12]]"
11a_186_11,"[[4, 14, 5, 13], [6, 4, 7, 3], [14, 6, 15, 5], [16, 8, 17, 7], [18, 10, 19, 9], [22, 12, 1, 11], [2, 20, 3, 19], [20, 2, 21, 1], [8, 18, 9, 17], [10, 22, 11, 21], [12, 16, 13, 15]]"
11a_186_12,"[[12, 16, 13, 15], [4, 14, 5, 13], [6, 4, 7, 3], [14, 6, 15, 5], [16, 8, 17, 7], [18, 10, 19, 9], [22, 12, 1, 11], [2, 20, 3, 19], [20, 2, 21, 1], [8, 18, 9, 17], [10, 22, 11, 21]]"
11a_186_13,"[[10, 22, 11, 21], [12, 16, 13, 15], [4, 14, 5, 13], [6, 4, 7, 3], [14, 6, 15, 5], [16, 8, 17, 7], [18, 10, 19, 9], [22, 12, 1, 11], [2, 20, 3, 19], [20, 2, 21, 1], [8, 18, 9, 17]]"
11a_186_14,"[[8, 18, 9, 17], [10, 22, 11, 21], [12, 16, 13, 15], [4, 14, 5, 13], [6, 4, 7, 3], [14, 6, 15, 5], [16, 8, 17, 7], [18, 10, 19, 9], [22, 12, 1, 11], [2, 20, 3, 19], [20, 2, 21, 1]]"
11a_186_15,"[[20, 2, 21, 1], [8, 18, 9, 17], [10, 22, 11, 21], [12, 16, 13, 15], [4, 14, 5, 13], [6, 4, 7, 3], [14, 6, 15, 5], [16, 8, 17, 7], [18, 10, 19, 9], [22, 12, 1, 11], [2, 20, 3, 19]]"
11a_186_16,"[[2, 20, 3, 19], [20, 2, 21, 1], [8, 18, 9, 17], [10, 22, 11, 21], [12, 16, 13, 15], [4, 14, 5, 13], [6, 4, 7, 3], [14, 6, 15, 5], [16, 8, 17, 7], [18, 10, 19, 9], [22, 12, 1, 11]]"
11a_186_17,"[[22, 12, 1, 11], [2, 20, 3, 19], [20, 2, 21, 1], [8, 18, 9, 17], [10, 22, 11, 21], [12, 16, 13, 15], [4, 14, 5, 13], [6, 4, 7, 3], [14, 6, 15, 5], [16, 8, 17, 7], [18, 10, 19, 9]]"
11a_186_18,"[[18, 10, 19, 9], [22, 12, 1, 11], [2, 20, 3, 19], [20, 2, 21, 1], [8, 18, 9, 17], [10, 22, 11, 21], [12, 16, 13, 15], [4, 14, 5, 13], [6, 4, 7, 3], [14, 6, 15, 5], [16, 8, 17, 7]]"
11a_186_19,"[[16, 8, 17, 7], [18, 10, 19, 9], [22, 12, 1, 11], [2, 20, 3, 19], [20, 2, 21, 1], [8, 18, 9, 17], [10, 22, 11, 21], [12, 16, 13, 15], [4, 14, 5, 13], [6, 4, 7, 3], [14, 6, 15, 5]]"
11a_186_20,"[[14, 6, 15, 5], [16, 8, 17, 7], [18, 10, 19, 9], [22, 12, 1, 11], [2, 20, 3, 19], [20, 2, 21, 1], [8, 18, 9, 17], [10, 22, 11, 21], [12, 16, 13, 15], [4, 14, 5, 13], [6, 4, 7, 3]]"
11a_186_21,"[[6, 4, 7, 3], [14, 6, 15, 5], [16, 8, 17, 7], [18, 10, 19, 9], [22, 12, 1, 11], [2, 20, 3, 19], [20, 2, 21, 1], [8, 18, 9, 17], [10, 22, 11, 21], [12, 16, 13, 15], [4, 14, 5, 13]]"
11a_186_22,"[[5, 15, 6, 14], [7, 5, 8, 4], [15, 7, 16, 6], [17, 9, 18, 8], [19, 11, 20, 10], [1, 13, 2, 12], [3, 21, 4, 20], [21, 3, 22, 2], [9, 19, 10, 18], [11, 1, 12, 22], [13, 17, 14, 16]]"
11a_186_23,"[[13, 17, 14, 16], [5, 15, 6, 14], [7, 5, 8, 4], [15, 7, 16, 6], [17, 9, 18, 8], [19, 11, 20, 10], [1, 13, 2, 12], [3, 21, 4, 20], [21, 3, 22, 2], [9, 19, 10, 18], [11, 1, 12, 22]]"
11a_186_24,"[[11, 1, 12, 22], [13, 17, 14, 16], [5, 15, 6, 14], [7, 5, 8, 4], [15, 7, 16, 6], [17, 9, 18, 8], [19, 11, 20, 10], [1, 13, 2, 12], [3, 21, 4, 20], [21, 3, 22, 2], [9, 19, 10, 18]]"
11a_186_25,"[[9, 19, 10, 18], [11, 1, 12, 22], [13, 17, 14, 16], [5, 15, 6, 14], [7, 5, 8, 4], [15, 7, 16, 6], [17, 9, 18, 8], [19, 11, 20, 10], [1, 13, 2, 12], [3, 21, 4, 20], [21, 3, 22, 2]]"
11a_186_26,"[[21, 3, 22, 2], [9, 19, 10, 18], [11, 1, 12, 22], [13, 17, 14, 16], [5, 15, 6, 14], [7, 5, 8, 4], [15, 7, 16, 6], [17, 9, 18, 8], [19, 11, 20, 10], [1, 13, 2, 12], [3, 21, 4, 20]]"
11a_186_27,"[[3, 21, 4, 20], [21, 3, 22, 2], [9, 19, 10, 18], [11, 1, 12, 22], [13, 17, 14, 16], [5, 15, 6, 14], [7, 5, 8, 4], [15, 7, 16, 6], [17, 9, 18, 8], [19, 11, 20, 10], [1, 13, 2, 12]]"
11a_186_28,"[[1, 13, 2, 12], [3, 21, 4, 20], [21, 3, 22, 2], [9, 19, 10, 18], [11, 1, 12, 22], [13, 17, 14, 16], [5, 15, 6, 14], [7, 5, 8, 4], [15, 7, 16, 6], [17, 9, 18, 8], [19, 11, 20, 10]]"
11a_186_29,"[[19, 11, 20, 10], [1, 13, 2, 12], [3, 21, 4, 20], [21, 3, 22, 2], [9, 19, 10, 18], [11, 1, 12, 22], [13, 17, 14, 16], [5, 15, 6, 14], [7, 5, 8, 4], [15, 7, 16, 6], [17, 9, 18, 8]]"
11a_186_30,"[[17, 9, 18, 8], [19, 11, 20, 10], [1, 13, 2, 12], [3, 21, 4, 20], [21, 3, 22, 2], [9, 19, 10, 18], [11, 1, 12, 22], [13, 17, 14, 16], [5, 15, 6, 14], [7, 5, 8, 4], [15, 7, 16, 6]]"
11a_186_31,"[[15, 7, 16, 6], [17, 9, 18, 8], [19, 11, 20, 10], [1, 13, 2, 12], [3, 21, 4, 20], [21, 3, 22, 2], [9, 19, 10, 18], [11, 1, 12, 22], [13, 17, 14, 16], [5, 15, 6, 14], [7, 5, 8, 4]]"
11a_186_32,"[[7, 5, 8, 4], [15, 7, 16, 6], [17, 9, 18, 8], [19, 11, 20, 10], [1, 13, 2, 12], [3, 21, 4, 20], [21, 3, 22, 2], [9, 19, 10, 18], [11, 1, 12, 22], [13, 17, 14, 16], [5, 15, 6, 14]]"
11a_186_33,"[[6, 16, 7, 15], [8, 6, 9, 5], [16, 8, 17, 7], [18, 10, 19, 9], [20, 12, 21, 11], [2, 14, 3, 13], [4, 22, 5, 21], [22, 4, 1, 3], [10, 20, 11, 19], [12, 2, 13, 1], [14, 18, 15, 17]]"
11a_186_34,"[[14, 18, 15, 17], [6, 16, 7, 15], [8, 6, 9, 5], [16, 8, 17, 7], [18, 10, 19, 9], [20, 12, 21, 11], [2, 14, 3, 13], [4, 22, 5, 21], [22, 4, 1, 3], [10, 20, 11, 19], [12, 2, 13, 1]]"
11a_186_35,"[[12, 2, 13, 1], [14, 18, 15, 17], [6, 16, 7, 15], [8, 6, 9, 5], [16, 8, 17, 7], [18, 10, 19, 9], [20, 12, 21, 11], [2, 14, 3, 13], [4, 22, 5, 21], [22, 4, 1, 3], [10, 20, 11, 19]]"
11a_186_36,"[[10, 20, 11, 19], [12, 2, 13, 1], [14, 18, 15, 17], [6, 16, 7, 15], [8, 6, 9, 5], [16, 8, 17, 7], [18, 10, 19, 9], [20, 12, 21, 11], [2, 14, 3, 13], [4, 22, 5, 21], [22, 4, 1, 3]]"
11a_186_37,"[[22, 4, 1, 3], [10, 20, 11, 19], [12, 2, 13, 1], [14, 18, 15, 17], [6, 16, 7, 15], [8, 6, 9, 5], [16, 8, 17, 7], [18, 10, 19, 9], [20, 12, 21, 11], [2, 14, 3, 13], [4, 22, 5, 21]]"
11a_186_38,"[[4, 22, 5, 21], [22, 4, 1, 3], [10, 20, 11, 19], [12, 2, 13, 1], [14, 18, 15, 17], [6, 16, 7, 15], [8, 6, 9, 5], [16, 8, 17, 7], [18, 10, 19, 9], [20, 12, 21, 11], [2, 14, 3, 13]]"
11a_186_39,"[[2, 14, 3, 13], [4, 22, 5, 21], [22, 4, 1, 3], [10, 20, 11, 19], [12, 2, 13, 1], [14, 18, 15, 17], [6, 16, 7, 15], [8, 6, 9, 5], [16, 8, 17, 7], [18, 10, 19, 9], [20, 12, 21, 11]]"
11a_186_40,"[[20, 12, 21, 11], [2, 14, 3, 13], [4, 22, 5, 21], [22, 4, 1, 3], [10, 20, 11, 19], [12, 2, 13, 1], [14, 18, 15, 17], [6, 16, 7, 15], [8, 6, 9, 5], [16, 8, 17, 7], [18, 10, 19, 9]]"
11a_186_41,"[[18, 10, 19, 9], [20, 12, 21, 11], [2, 14, 3, 13], [4, 22, 5, 21], [22, 4, 1, 3], [10, 20, 11, 19], [12, 2, 13, 1], [14, 18, 15, 17], [6, 16, 7, 15], [8, 6, 9, 5], [16, 8, 17, 7]]"
11a_186_42,"[[16, 8, 17, 7], [18, 10, 19, 9], [20, 12, 21, 11], [2, 14, 3, 13], [4, 22, 5, 21], [22, 4, 1, 3], [10, 20, 11, 19], [12, 2, 13, 1], [14, 18, 15, 17], [6, 16, 7, 15], [8, 6, 9, 5]]"
11a_186_43,"[[8, 6, 9, 5], [16, 8, 17, 7], [18, 10, 19, 9], [20, 12, 21, 11], [2, 14, 3, 13], [4, 22, 5, 21], [22, 4, 1, 3], [10, 20, 11, 19], [12, 2, 13, 1], [14, 18, 15, 17], [6, 16, 7, 15]]"
11a_186_44,"[[7, 17, 8, 16], [9, 7, 10, 6], [17, 9, 18, 8], [19, 11, 20, 10], [21, 13, 22, 12], [3, 15, 4, 14], [5, 1, 6, 22], [1, 5, 2, 4], [11, 21, 12, 20], [13, 3, 14, 2], [15, 19, 16, 18]]"
11a_186_45,"[[15, 19, 16, 18], [7, 17, 8, 16], [9, 7, 10, 6], [17, 9, 18, 8], [19, 11, 20, 10], [21, 13, 22, 12], [3, 15, 4, 14], [5, 1, 6, 22], [1, 5, 2, 4], [11, 21, 12, 20], [13, 3, 14, 2]]"
11a_186_46,"[[13, 3, 14, 2], [15, 19, 16, 18], [7, 17, 8, 16], [9, 7, 10, 6], [17, 9, 18, 8], [19, 11, 20, 10], [21, 13, 22, 12], [3, 15, 4, 14], [5, 1, 6, 22], [1, 5, 2, 4], [11, 21, 12, 20]]"
11a_186_47,"[[11, 21, 12, 20], [13, 3, 14, 2], [15, 19, 16, 18], [7, 17, 8, 16], [9, 7, 10, 6], [17, 9, 18, 8], [19, 11, 20, 10], [21, 13, 22, 12], [3, 15, 4, 14], [5, 1, 6, 22], [1, 5, 2, 4]]"
11a_186_48,"[[1, 5, 2, 4], [11, 21, 12, 20], [13, 3, 14, 2], [15, 19, 16, 18], [7, 17, 8, 16], [9, 7, 10, 6], [17, 9, 18, 8], [19, 11, 20, 10], [21, 13, 22, 12], [3, 15, 4, 14], [5, 1, 6, 22]]"
11a_186_49,"[[5, 1, 6, 22], [1, 5, 2, 4], [11, 21, 12, 20], [13, 3, 14, 2], [15, 19, 16, 18], [7, 17, 8, 16], [9, 7, 10, 6], [17, 9, 18, 8], [19, 11, 20, 10], [21, 13, 22, 12], [3, 15, 4, 14]]"
11a_186_50,"[[3, 15, 4, 14], [5, 1, 6, 22], [1, 5, 2, 4], [11, 21, 12, 20], [13, 3, 14, 2], [15, 19, 16, 18], [7, 17, 8, 16], [9, 7, 10, 6], [17, 9, 18, 8], [19, 11, 20, 10], [21, 13, 22, 12]]"
11a_186_51,"[[21, 13, 22, 12], [3, 15, 4, 14], [5, 1, 6, 22], [1, 5, 2, 4], [11, 21, 12, 20], [13, 3, 14, 2], [15, 19, 16, 18], [7, 17, 8, 16], [9, 7, 10, 6], [17, 9, 18, 8], [19, 11, 20, 10]]"
11a_186_52,"[[19, 11, 20, 10], [21, 13, 22, 12], [3, 15, 4, 14], [5, 1, 6, 22], [1, 5, 2, 4], [11, 21, 12, 20], [13, 3, 14, 2], [15, 19, 16, 18], [7, 17, 8, 16], [9, 7, 10, 6], [17, 9, 18, 8]]"
11a_186_53,"[[17, 9, 18, 8], [19, 11, 20, 10], [21, 13, 22, 12], [3, 15, 4, 14], [5, 1, 6, 22], [1, 5, 2, 4], [11, 21, 12, 20], [13, 3, 14, 2], [15, 19, 16, 18], [7, 17, 8, 16], [9, 7, 10, 6]]"
11a_186_54,"[[9, 7, 10, 6], [17, 9, 18, 8], [19, 11, 20, 10], [21, 13, 22, 12], [3, 15, 4, 14], [5, 1, 6, 22], [1, 5, 2, 4], [11, 21, 12, 20], [13, 3, 14, 2], [15, 19, 16, 18], [7, 17, 8, 16]]"
11a_186_55,"[[8, 18, 9, 17], [10, 8, 11, 7], [18, 10, 19, 9], [20, 12, 21, 11], [22, 14, 1, 13], [4, 16, 5, 15], [6, 2, 7, 1], [2, 6, 3, 5], [12, 22, 13, 21], [14, 4, 15, 3], [16, 20, 17, 19]]"
11a_186_56,"[[16, 20, 17, 19], [8, 18, 9, 17], [10, 8, 11, 7], [18, 10, 19, 9], [20, 12, 21, 11], [22, 14, 1, 13], [4, 16, 5, 15], [6, 2, 7, 1], [2, 6, 3, 5], [12, 22, 13, 21], [14, 4, 15, 3]]"
11a_186_57,"[[14, 4, 15, 3], [16, 20, 17, 19], [8, 18, 9, 17], [10, 8, 11, 7], [18, 10, 19, 9], [20, 12, 21, 11], [22, 14, 1, 13], [4, 16, 5, 15], [6, 2, 7, 1], [2, 6, 3, 5], [12, 22, 13, 21]]"
11a_186_58,"[[12, 22, 13, 21], [14, 4, 15, 3], [16, 20, 17, 19], [8, 18, 9, 17], [10, 8, 11, 7], [18, 10, 19, 9], [20, 12, 21, 11], [22, 14, 1, 13], [4, 16, 5, 15], [6, 2, 7, 1], [2, 6, 3, 5]]"
11a_186_59,"[[2, 6, 3, 5], [12, 22, 13, 21], [14, 4, 15, 3], [16, 20, 17, 19], [8, 18, 9, 17], [10, 8, 11, 7], [18, 10, 19, 9], [20, 12, 21, 11], [22, 14, 1, 13], [4, 16, 5, 15], [6, 2, 7, 1]]"
11a_186_60,"[[6, 2, 7, 1], [2, 6, 3, 5], [12, 22, 13, 21], [14, 4, 15, 3], [16, 20, 17, 19], [8, 18, 9, 17], [10, 8, 11, 7], [18, 10, 19, 9], [20, 12, 21, 11], [22, 14, 1, 13], [4, 16, 5, 15]]"
11a_186_61,"[[4, 16, 5, 15], [6, 2, 7, 1], [2, 6, 3, 5], [12, 22, 13, 21], [14, 4, 15, 3], [16, 20, 17, 19], [8, 18, 9, 17], [10, 8, 11, 7], [18, 10, 19, 9], [20, 12, 21, 11], [22, 14, 1, 13]]"
11a_186_62,"[[22, 14, 1, 13], [4, 16, 5, 15], [6, 2, 7, 1], [2, 6, 3, 5], [12, 22, 13, 21], [14, 4, 15, 3], [16, 20, 17, 19], [8, 18, 9, 17], [10, 8, 11, 7], [18, 10, 19, 9], [20, 12, 21, 11]]"
11a_186_63,"[[20, 12, 21, 11], [22, 14, 1, 13], [4, 16, 5, 15], [6, 2, 7, 1], [2, 6, 3, 5], [12, 22, 13, 21], [14, 4, 15, 3], [16, 20, 17, 19], [8, 18, 9, 17], [10, 8, 11, 7], [18, 10, 19, 9]]"
11a_186_64,"[[18, 10, 19, 9], [20, 12, 21, 11], [22, 14, 1, 13], [4, 16, 5, 15], [6, 2, 7, 1], [2, 6, 3, 5], [12, 22, 13, 21], [14, 4, 15, 3], [16, 20, 17, 19], [8, 18, 9, 17], [10, 8, 11, 7]]"
11a_186_65,"[[10, 8, 11, 7], [18, 10, 19, 9], [20, 12, 21, 11], [22, 14, 1, 13], [4, 16, 5, 15], [6, 2, 7, 1], [2, 6, 3, 5], [12, 22, 13, 21], [14, 4, 15, 3], [16, 20, 17, 19], [8, 18, 9, 17]]"
11a_186_66,"[[9, 19, 10, 18], [11, 9, 12, 8], [19, 11, 20, 10], [21, 13, 22, 12], [1, 15, 2, 14], [5, 17, 6, 16], [7, 3, 8, 2], [3, 7, 4, 6], [13, 1, 14, 22], [15, 5, 16, 4], [17, 21, 18, 20]]"
11a_186_67,"[[17, 21, 18, 20], [9, 19, 10, 18], [11, 9, 12, 8], [19, 11, 20, 10], [21, 13, 22, 12], [1, 15, 2, 14], [5, 17, 6, 16], [7, 3, 8, 2], [3, 7, 4, 6], [13, 1, 14, 22], [15, 5, 16, 4]]"
11a_186_68,"[[15, 5, 16, 4], [17, 21, 18, 20], [9, 19, 10, 18], [11, 9, 12, 8], [19, 11, 20, 10], [21, 13, 22, 12], [1, 15, 2, 14], [5, 17, 6, 16], [7, 3, 8, 2], [3, 7, 4, 6], [13, 1, 14, 22]]"
11a_186_69,"[[13, 1, 14, 22], [15, 5, 16, 4], [17, 21, 18, 20], [9, 19, 10, 18], [11, 9, 12, 8], [19, 11, 20, 10], [21, 13, 22, 12], [1, 15, 2, 14], [5, 17, 6, 16], [7, 3, 8, 2], [3, 7, 4, 6]]"
11a_186_70,"[[3, 7, 4, 6], [13, 1, 14, 22], [15, 5, 16, 4], [17, 21, 18, 20], [9, 19, 10, 18], [11, 9, 12, 8], [19, 11, 20, 10], [21, 13, 22, 12], [1, 15, 2, 14], [5, 17, 6, 16], [7, 3, 8, 2]]"
11a_186_71,"[[7, 3, 8, 2], [3, 7, 4, 6], [13, 1, 14, 22], [15, 5, 16, 4], [17, 21, 18, 20], [9, 19, 10, 18], [11, 9, 12, 8], [19, 11, 20, 10], [21, 13, 22, 12], [1, 15, 2, 14], [5, 17, 6, 16]]"
11a_186_72,"[[5, 17, 6, 16], [7, 3, 8, 2], [3, 7, 4, 6], [13, 1, 14, 22], [15, 5, 16, 4], [17, 21, 18, 20], [9, 19, 10, 18], [11, 9, 12, 8], [19, 11, 20, 10], [21, 13, 22, 12], [1, 15, 2, 14]]"
11a_186_73,"[[1, 15, 2, 14], [5, 17, 6, 16], [7, 3, 8, 2], [3, 7, 4, 6], [13, 1, 14, 22], [15, 5, 16, 4], [17, 21, 18, 20], [9, 19, 10, 18], [11, 9, 12, 8], [19, 11, 20, 10], [21, 13, 22, 12]]"
11a_186_74,"[[21, 13, 22, 12], [1, 15, 2, 14], [5, 17, 6, 16], [7, 3, 8, 2], [3, 7, 4, 6], [13, 1, 14, 22], [15, 5, 16, 4], [17, 21, 18, 20], [9, 19, 10, 18], [11, 9, 12, 8], [19, 11, 20, 10]]"
11a_186_75,"[[19, 11, 20, 10], [21, 13, 22, 12], [1, 15, 2, 14], [5, 17, 6, 16], [7, 3, 8, 2], [3, 7, 4, 6], [13, 1, 14, 22], [15, 5, 16, 4], [17, 21, 18, 20], [9, 19, 10, 18], [11, 9, 12, 8]]"
11a_186_76,"[[11, 9, 12, 8], [19, 11, 20, 10], [21, 13, 22, 12], [1, 15, 2, 14], [5, 17, 6, 16], [7, 3, 8, 2], [3, 7, 4, 6], [13, 1, 14, 22], [15, 5, 16, 4], [17, 21, 18, 20], [9, 19, 10, 18]]"
11a_186_77,"[[10, 20, 11, 19], [12, 10, 13, 9], [20, 12, 21, 11], [22, 14, 1, 13], [2, 16, 3, 15], [6, 18, 7, 17], [8, 4, 9, 3], [4, 8, 5, 7], [14, 2, 15, 1], [16, 6, 17, 5], [18, 22, 19, 21]]"
11a_186_78,"[[18, 22, 19, 21], [10, 20, 11, 19], [12, 10, 13, 9], [20, 12, 21, 11], [22, 14, 1, 13], [2, 16, 3, 15], [6, 18, 7, 17], [8, 4, 9, 3], [4, 8, 5, 7], [14, 2, 15, 1], [16, 6, 17, 5]]"
11a_186_79,"[[16, 6, 17, 5], [18, 22, 19, 21], [10, 20, 11, 19], [12, 10, 13, 9], [20, 12, 21, 11], [22, 14, 1, 13], [2, 16, 3, 15], [6, 18, 7, 17], [8, 4, 9, 3], [4, 8, 5, 7], [14, 2, 15, 1]]"
11a_186_80,"[[14, 2, 15, 1], [16, 6, 17, 5], [18, 22, 19, 21], [10, 20, 11, 19], [12, 10, 13, 9], [20, 12, 21, 11], [22, 14, 1, 13], [2, 16, 3, 15], [6, 18, 7, 17], [8, 4, 9, 3], [4, 8, 5, 7]]"
11a_186_81,"[[4, 8, 5, 7], [14, 2, 15, 1], [16, 6, 17, 5], [18, 22, 19, 21], [10, 20, 11, 19], [12, 10, 13, 9], [20, 12, 21, 11], [22, 14, 1, 13], [2, 16, 3, 15], [6, 18, 7, 17], [8, 4, 9, 3]]"
11a_186_82,"[[8, 4, 9, 3], [4, 8, 5, 7], [14, 2, 15, 1], [16, 6, 17, 5], [18, 22, 19, 21], [10, 20, 11, 19], [12, 10, 13, 9], [20, 12, 21, 11], [22, 14, 1, 13], [2, 16, 3, 15], [6, 18, 7, 17]]"
11a_186_83,"[[6, 18, 7, 17], [8, 4, 9, 3], [4, 8, 5, 7], [14, 2, 15, 1], [16, 6, 17, 5], [18, 22, 19, 21], [10, 20, 11, 19], [12, 10, 13, 9], [20, 12, 21, 11], [22, 14, 1, 13], [2, 16, 3, 15]]"
11a_186_84,"[[2, 16, 3, 15], [6, 18, 7, 17], [8, 4, 9, 3], [4, 8, 5, 7], [14, 2, 15, 1], [16, 6, 17, 5], [18, 22, 19, 21], [10, 20, 11, 19], [12, 10, 13, 9], [20, 12, 21, 11], [22, 14, 1, 13]]"
11a_186_85,"[[22, 14, 1, 13], [2, 16, 3, 15], [6, 18, 7, 17], [8, 4, 9, 3], [4, 8, 5, 7], [14, 2, 15, 1], [16, 6, 17, 5], [18, 22, 19, 21], [10, 20, 11, 19], [12, 10, 13, 9], [20, 12, 21, 11]]"
11a_186_86,"[[20, 12, 21, 11], [22, 14, 1, 13], [2, 16, 3, 15], [6, 18, 7, 17], [8, 4, 9, 3], [4, 8, 5, 7], [14, 2, 15, 1], [16, 6, 17, 5], [18, 22, 19, 21], [10, 20, 11, 19], [12, 10, 13, 9]]"
11a_186_87,"[[12, 10, 13, 9], [20, 12, 21, 11], [22, 14, 1, 13], [2, 16, 3, 15], [6, 18, 7, 17], [8, 4, 9, 3], [4, 8, 5, 7], [14, 2, 15, 1], [16, 6, 17, 5], [18, 22, 19, 21], [10, 20, 11, 19]]"
11a_186_88,"[[11, 21, 12, 20], [13, 11, 14, 10], [21, 13, 22, 12], [1, 15, 2, 14], [3, 17, 4, 16], [7, 19, 8, 18], [9, 5, 10, 4], [5, 9, 6, 8], [15, 3, 16, 2], [17, 7, 18, 6], [19, 1, 20, 22]]"
11a_186_89,"[[19, 1, 20, 22], [11, 21, 12, 20], [13, 11, 14, 10], [21, 13, 22, 12], [1, 15, 2, 14], [3, 17, 4, 16], [7, 19, 8, 18], [9, 5, 10, 4], [5, 9, 6, 8], [15, 3, 16, 2], [17, 7, 18, 6]]"
11a_186_90,"[[17, 7, 18, 6], [19, 1, 20, 22], [11, 21, 12, 20], [13, 11, 14, 10], [21, 13, 22, 12], [1, 15, 2, 14], [3, 17, 4, 16], [7, 19, 8, 18], [9, 5, 10, 4], [5, 9, 6, 8], [15, 3, 16, 2]]"
11a_186_91,"[[15, 3, 16, 2], [17, 7, 18, 6], [19, 1, 20, 22], [11, 21, 12, 20], [13, 11, 14, 10], [21, 13, 22, 12], [1, 15, 2, 14], [3, 17, 4, 16], [7, 19, 8, 18], [9, 5, 10, 4], [5, 9, 6, 8]]"
11a_186_92,"[[5, 9, 6, 8], [15, 3, 16, 2], [17, 7, 18, 6], [19, 1, 20, 22], [11, 21, 12, 20], [13, 11, 14, 10], [21, 13, 22, 12], [1, 15, 2, 14], [3, 17, 4, 16], [7, 19, 8, 18], [9, 5, 10, 4]]"
11a_186_93,"[[9, 5, 10, 4], [5, 9, 6, 8], [15, 3, 16, 2], [17, 7, 18, 6], [19, 1, 20, 22], [11, 21, 12, 20], [13, 11, 14, 10], [21, 13, 22, 12], [1, 15, 2, 14], [3, 17, 4, 16], [7, 19, 8, 18]]"
11a_186_94,"[[7, 19, 8, 18], [9, 5, 10, 4], [5, 9, 6, 8], [15, 3, 16, 2], [17, 7, 18, 6], [19, 1, 20, 22], [11, 21, 12, 20], [13, 11, 14, 10], [21, 13, 22, 12], [1, 15, 2, 14], [3, 17, 4, 16]]"
11a_186_95,"[[3, 17, 4, 16], [7, 19, 8, 18], [9, 5, 10, 4], [5, 9, 6, 8], [15, 3, 16, 2], [17, 7, 18, 6], [19, 1, 20, 22], [11, 21, 12, 20], [13, 11, 14, 10], [21, 13, 22, 12], [1, 15, 2, 14]]"
11a_186_96,"[[1, 15, 2, 14], [3, 17, 4, 16], [7, 19, 8, 18], [9, 5, 10, 4], [5, 9, 6, 8], [15, 3, 16, 2], [17, 7, 18, 6], [19, 1, 20, 22], [11, 21, 12, 20], [13, 11, 14, 10], [21, 13, 22, 12]]"
11a_186_97,"[[21, 13, 22, 12], [1, 15, 2, 14], [3, 17, 4, 16], [7, 19, 8, 18], [9, 5, 10, 4], [5, 9, 6, 8], [15, 3, 16, 2], [17, 7, 18, 6], [19, 1, 20, 22], [11, 21, 12, 20], [13, 11, 14, 10]]"
11a_186_98,"[[13, 11, 14, 10], [21, 13, 22, 12], [1, 15, 2, 14], [3, 17, 4, 16], [7, 19, 8, 18], [9, 5, 10, 4], [5, 9, 6, 8], [15, 3, 16, 2], [17, 7, 18, 6], [19, 1, 20, 22], [11, 21, 12, 20]]"
11a_186_99,"[[12, 22, 13, 21], [14, 12, 15, 11], [22, 14, 1, 13], [2, 16, 3, 15], [4, 18, 5, 17], [8, 20, 9, 19], [10, 6, 11, 5], [6, 10, 7, 9], [16, 4, 17, 3], [18, 8, 19, 7], [20, 2, 21, 1]]"
11a_186_100,"[[20, 2, 21, 1], [12, 22, 13, 21], [14, 12, 15, 11], [22, 14, 1, 13], [2, 16, 3, 15], [4, 18, 5, 17], [8, 20, 9, 19], [10, 6, 11, 5], [6, 10, 7, 9], [16, 4, 17, 3], [18, 8, 19, 7]]"
11a_186_101,"[[18, 8, 19, 7], [20, 2, 21, 1], [12, 22, 13, 21], [14, 12, 15, 11], [22, 14, 1, 13], [2, 16, 3, 15], [4, 18, 5, 17], [8, 20, 9, 19], [10, 6, 11, 5], [6, 10, 7, 9], [16, 4, 17, 3]]"
11a_186_102,"[[16, 4, 17, 3], [18, 8, 19, 7], [20, 2, 21, 1], [12, 22, 13, 21], [14, 12, 15, 11], [22, 14, 1, 13], [2, 16, 3, 15], [4, 18, 5, 17], [8, 20, 9, 19], [10, 6, 11, 5], [6, 10, 7, 9]]"
11a_186_103,"[[6, 10, 7, 9], [16, 4, 17, 3], [18, 8, 19, 7], [20, 2, 21, 1], [12, 22, 13, 21], [14, 12, 15, 11], [22, 14, 1, 13], [2, 16, 3, 15], [4, 18, 5, 17], [8, 20, 9, 19], [10, 6, 11, 5]]"
11a_186_104,"[[10, 6, 11, 5], [6, 10, 7, 9], [16, 4, 17, 3], [18, 8, 19, 7], [20, 2, 21, 1], [12, 22, 13, 21], [14, 12, 15, 11], [22, 14, 1, 13], [2, 16, 3, 15], [4, 18, 5, 17], [8, 20, 9, 19]]"
11a_186_105,"[[8, 20, 9, 19], [10, 6, 11, 5], [6, 10, 7, 9], [16, 4, 17, 3], [18, 8, 19, 7], [20, 2, 21, 1], [12, 22, 13, 21], [14, 12, 15, 11], [22, 14, 1, 13], [2, 16, 3, 15], [4, 18, 5, 17]]"
11a_186_106,"[[4, 18, 5, 17], [8, 20, 9, 19], [10, 6, 11, 5], [6, 10, 7, 9], [16, 4, 17, 3], [18, 8, 19, 7], [20, 2, 21, 1], [12, 22, 13, 21], [14, 12, 15, 11], [22, 14, 1, 13], [2, 16, 3, 15]]"
11a_186_107,"[[2, 16, 3, 15], [4, 18, 5, 17], [8, 20, 9, 19], [10, 6, 11, 5], [6, 10, 7, 9], [16, 4, 17, 3], [18, 8, 19, 7], [20, 2, 21, 1], [12, 22, 13, 21], [14, 12, 15, 11], [22, 14, 1, 13]]"
11a_186_108,"[[22, 14, 1, 13], [2, 16, 3, 15], [4, 18, 5, 17], [8, 20, 9, 19], [10, 6, 11, 5], [6, 10, 7, 9], [16, 4, 17, 3], [18, 8, 19, 7], [20, 2, 21, 1], [12, 22, 13, 21], [14, 12, 15, 11]]"
11a_186_109,"[[14, 12, 15, 11], [22, 14, 1, 13], [2, 16, 3, 15], [4, 18, 5, 17], [8, 20, 9, 19], [10, 6, 11, 5], [6, 10, 7, 9], [16, 4, 17, 3], [18, 8, 19, 7], [20, 2, 21, 1], [12, 22, 13, 21]]"
11a_186_110,"[[13, 1, 14, 22], [15, 13, 16, 12], [1, 15, 2, 14], [3, 17, 4, 16], [5, 19, 6, 18], [9, 21, 10, 20], [11, 7, 12, 6], [7, 11, 8, 10], [17, 5, 18, 4], [19, 9, 20, 8], [21, 3, 22, 2]]"
11a_186_111,"[[21, 3, 22, 2], [13, 1, 14, 22], [15, 13, 16, 12], [1, 15, 2, 14], [3, 17, 4, 16], [5, 19, 6, 18], [9, 21, 10, 20], [11, 7, 12, 6], [7, 11, 8, 10], [17, 5, 18, 4], [19, 9, 20, 8]]"
11a_186_112,"[[19, 9, 20, 8], [21, 3, 22, 2], [13, 1, 14, 22], [15, 13, 16, 12], [1, 15, 2, 14], [3, 17, 4, 16], [5, 19, 6, 18], [9, 21, 10, 20], [11, 7, 12, 6], [7, 11, 8, 10], [17, 5, 18, 4]]"
11a_186_113,"[[17, 5, 18, 4], [19, 9, 20, 8], [21, 3, 22, 2], [13, 1, 14, 22], [15, 13, 16, 12], [1, 15, 2, 14], [3, 17, 4, 16], [5, 19, 6, 18], [9, 21, 10, 20], [11, 7, 12, 6], [7, 11, 8, 10]]"
11a_186_114,"[[7, 11, 8, 10], [17, 5, 18, 4], [19, 9, 20, 8], [21, 3, 22, 2], [13, 1, 14, 22], [15, 13, 16, 12], [1, 15, 2, 14], [3, 17, 4, 16], [5, 19, 6, 18], [9, 21, 10, 20], [11, 7, 12, 6]]"
11a_186_115,"[[11, 7, 12, 6], [7, 11, 8, 10], [17, 5, 18, 4], [19, 9, 20, 8], [21, 3, 22, 2], [13, 1, 14, 22], [15, 13, 16, 12], [1, 15, 2, 14], [3, 17, 4, 16], [5, 19, 6, 18], [9, 21, 10, 20]]"
11a_186_116,"[[9, 21, 10, 20], [11, 7, 12, 6], [7, 11, 8, 10], [17, 5, 18, 4], [19, 9, 20, 8], [21, 3, 22, 2], [13, 1, 14, 22], [15, 13, 16, 12], [1, 15, 2, 14], [3, 17, 4, 16], [5, 19, 6, 18]]"
11a_186_117,"[[5, 19, 6, 18], [9, 21, 10, 20], [11, 7, 12, 6], [7, 11, 8, 10], [17, 5, 18, 4], [19, 9, 20, 8], [21, 3, 22, 2], [13, 1, 14, 22], [15, 13, 16, 12], [1, 15, 2, 14], [3, 17, 4, 16]]"
11a_186_118,"[[3, 17, 4, 16], [5, 19, 6, 18], [9, 21, 10, 20], [11, 7, 12, 6], [7, 11, 8, 10], [17, 5, 18, 4], [19, 9, 20, 8], [21, 3, 22, 2], [13, 1, 14, 22], [15, 13, 16, 12], [1, 15, 2, 14]]"
11a_186_119,"[[1, 15, 2, 14], [3, 17, 4, 16], [5, 19, 6, 18], [9, 21, 10, 20], [11, 7, 12, 6], [7, 11, 8, 10], [17, 5, 18, 4], [19, 9, 20, 8], [21, 3, 22, 2], [13, 1, 14, 22], [15, 13, 16, 12]]"
11a_186_120,"[[15, 13, 16, 12], [1, 15, 2, 14], [3, 17, 4, 16], [5, 19, 6, 18], [9, 21, 10, 20], [11, 7, 12, 6], [7, 11, 8, 10], [17, 5, 18, 4], [19, 9, 20, 8], [21, 3, 22, 2], [13, 1, 14, 22]]"
11a_186_121,"[[14, 2, 15, 1], [16, 14, 17, 13], [2, 16, 3, 15], [4, 18, 5, 17], [6, 20, 7, 19], [10, 22, 11, 21], [12, 8, 13, 7], [8, 12, 9, 11], [18, 6, 19, 5], [20, 10, 21, 9], [22, 4, 1, 3]]"
11a_186_122,"[[22, 4, 1, 3], [14, 2, 15, 1], [16, 14, 17, 13], [2, 16, 3, 15], [4, 18, 5, 17], [6, 20, 7, 19], [10, 22, 11, 21], [12, 8, 13, 7], [8, 12, 9, 11], [18, 6, 19, 5], [20, 10, 21, 9]]"
11a_186_123,"[[20, 10, 21, 9], [22, 4, 1, 3], [14, 2, 15, 1], [16, 14, 17, 13], [2, 16, 3, 15], [4, 18, 5, 17], [6, 20, 7, 19], [10, 22, 11, 21], [12, 8, 13, 7], [8, 12, 9, 11], [18, 6, 19, 5]]"
11a_186_124,"[[18, 6, 19, 5], [20, 10, 21, 9], [22, 4, 1, 3], [14, 2, 15, 1], [16, 14, 17, 13], [2, 16, 3, 15], [4, 18, 5, 17], [6, 20, 7, 19], [10, 22, 11, 21], [12, 8, 13, 7], [8, 12, 9, 11]]"
11a_186_125,"[[8, 12, 9, 11], [18, 6, 19, 5], [20, 10, 21, 9], [22, 4, 1, 3], [14, 2, 15, 1], [16, 14, 17, 13], [2, 16, 3, 15], [4, 18, 5, 17], [6, 20, 7, 19], [10, 22, 11, 21], [12, 8, 13, 7]]"
11a_186_126,"[[12, 8, 13, 7], [8, 12, 9, 11], [18, 6, 19, 5], [20, 10, 21, 9], [22, 4, 1, 3], [14, 2, 15, 1], [16, 14, 17, 13], [2, 16, 3, 15], [4, 18, 5, 17], [6, 20, 7, 19], [10, 22, 11, 21]]"
11a_186_127,"[[10, 22, 11, 21], [12, 8, 13, 7], [8, 12, 9, 11], [18, 6, 19, 5], [20, 10, 21, 9], [22, 4, 1, 3], [14, 2, 15, 1], [16, 14, 17, 13], [2, 16, 3, 15], [4, 18, 5, 17], [6, 20, 7, 19]]"
11a_186_128,"[[6, 20, 7, 19], [10, 22, 11, 21], [12, 8, 13, 7], [8, 12, 9, 11], [18, 6, 19, 5], [20, 10, 21, 9], [22, 4, 1, 3], [14, 2, 15, 1], [16, 14, 17, 13], [2, 16, 3, 15], [4, 18, 5, 17]]"
11a_186_129,"[[4, 18, 5, 17], [6, 20, 7, 19], [10, 22, 11, 21], [12, 8, 13, 7], [8, 12, 9, 11], [18, 6, 19, 5], [20, 10, 21, 9], [22, 4, 1, 3], [14, 2, 15, 1], [16, 14, 17, 13], [2, 16, 3, 15]]"
11a_186_130,"[[2, 16, 3, 15], [4, 18, 5, 17], [6, 20, 7, 19], [10, 22, 11, 21], [12, 8, 13, 7], [8, 12, 9, 11], [18, 6, 19, 5], [20, 10, 21, 9], [22, 4, 1, 3], [14, 2, 15, 1], [16, 14, 17, 13]]"
11a_186_131,"[[16, 14, 17, 13], [2, 16, 3, 15], [4, 18, 5, 17], [6, 20, 7, 19], [10, 22, 11, 21], [12, 8, 13, 7], [8, 12, 9, 11], [18, 6, 19, 5], [20, 10, 21, 9], [22, 4, 1, 3], [14, 2, 15, 1]]"
11a_186_132,"[[15, 3, 16, 2], [17, 15, 18, 14], [3, 17, 4, 16], [5, 19, 6, 18], [7, 21, 8, 20], [11, 1, 12, 22], [13, 9, 14, 8], [9, 13, 10, 12], [19, 7, 20, 6], [21, 11, 22, 10], [1, 5, 2, 4]]"
11a_186_133,"[[1, 5, 2, 4], [15, 3, 16, 2], [17, 15, 18, 14], [3, 17, 4, 16], [5, 19, 6, 18], [7, 21, 8, 20], [11, 1, 12, 22], [13, 9, 14, 8], [9, 13, 10, 12], [19, 7, 20, 6], [21, 11, 22, 10]]"
11a_186_134,"[[21, 11, 22, 10], [1, 5, 2, 4], [15, 3, 16, 2], [17, 15, 18, 14], [3, 17, 4, 16], [5, 19, 6, 18], [7, 21, 8, 20], [11, 1, 12, 22], [13, 9, 14, 8], [9, 13, 10, 12], [19, 7, 20, 6]]"
11a_186_135,"[[19, 7, 20, 6], [21, 11, 22, 10], [1, 5, 2, 4], [15, 3, 16, 2], [17, 15, 18, 14], [3, 17, 4, 16], [5, 19, 6, 18], [7, 21, 8, 20], [11, 1, 12, 22], [13, 9, 14, 8], [9, 13, 10, 12]]"
11a_186_136,"[[9, 13, 10, 12], [19, 7, 20, 6], [21, 11, 22, 10], [1, 5, 2, 4], [15, 3, 16, 2], [17, 15, 18, 14], [3, 17, 4, 16], [5, 19, 6, 18], [7, 21, 8, 20], [11, 1, 12, 22], [13, 9, 14, 8]]"
11a_186_137,"[[13, 9, 14, 8], [9, 13, 10, 12], [19, 7, 20, 6], [21, 11, 22, 10], [1, 5, 2, 4], [15, 3, 16, 2], [17, 15, 18, 14], [3, 17, 4, 16], [5, 19, 6, 18], [7, 21, 8, 20], [11, 1, 12, 22]]"
11a_186_138,"[[11, 1, 12, 22], [13, 9, 14, 8], [9, 13, 10, 12], [19, 7, 20, 6], [21, 11, 22, 10], [1, 5, 2, 4], [15, 3, 16, 2], [17, 15, 18, 14], [3, 17, 4, 16], [5, 19, 6, 18], [7, 21, 8, 20]]"
11a_186_139,"[[7, 21, 8, 20], [11, 1, 12, 22], [13, 9, 14, 8], [9, 13, 10, 12], [19, 7, 20, 6], [21, 11, 22, 10], [1, 5, 2, 4], [15, 3, 16, 2], [17, 15, 18, 14], [3, 17, 4, 16], [5, 19, 6, 18]]"
11a_186_140,"[[5, 19, 6, 18], [7, 21, 8, 20], [11, 1, 12, 22], [13, 9, 14, 8], [9, 13, 10, 12], [19, 7, 20, 6], [21, 11, 22, 10], [1, 5, 2, 4], [15, 3, 16, 2], [17, 15, 18, 14], [3, 17, 4, 16]]"
11a_186_141,"[[3, 17, 4, 16], [5, 19, 6, 18], [7, 21, 8, 20], [11, 1, 12, 22], [13, 9, 14, 8], [9, 13, 10, 12], [19, 7, 20, 6], [21, 11, 22, 10], [1, 5, 2, 4], [15, 3, 16, 2], [17, 15, 18, 14]]"
11a_186_142,"[[17, 15, 18, 14], [3, 17, 4, 16], [5, 19, 6, 18], [7, 21, 8, 20], [11, 1, 12, 22], [13, 9, 14, 8], [9, 13, 10, 12], [19, 7, 20, 6], [21, 11, 22, 10], [1, 5, 2, 4], [15, 3, 16, 2]]"
11a_186_143,"[[16, 4, 17, 3], [18, 16, 19, 15], [4, 18, 5, 17], [6, 20, 7, 19], [8, 22, 9, 21], [12, 2, 13, 1], [14, 10, 15, 9], [10, 14, 11, 13], [20, 8, 21, 7], [22, 12, 1, 11], [2, 6, 3, 5]]"
11a_186_144,"[[2, 6, 3, 5], [16, 4, 17, 3], [18, 16, 19, 15], [4, 18, 5, 17], [6, 20, 7, 19], [8, 22, 9, 21], [12, 2, 13, 1], [14, 10, 15, 9], [10, 14, 11, 13], [20, 8, 21, 7], [22, 12, 1, 11]]"
11a_186_145,"[[22, 12, 1, 11], [2, 6, 3, 5], [16, 4, 17, 3], [18, 16, 19, 15], [4, 18, 5, 17], [6, 20, 7, 19], [8, 22, 9, 21], [12, 2, 13, 1], [14, 10, 15, 9], [10, 14, 11, 13], [20, 8, 21, 7]]"
11a_186_146,"[[20, 8, 21, 7], [22, 12, 1, 11], [2, 6, 3, 5], [16, 4, 17, 3], [18, 16, 19, 15], [4, 18, 5, 17], [6, 20, 7, 19], [8, 22, 9, 21], [12, 2, 13, 1], [14, 10, 15, 9], [10, 14, 11, 13]]"
11a_186_147,"[[10, 14, 11, 13], [20, 8, 21, 7], [22, 12, 1, 11], [2, 6, 3, 5], [16, 4, 17, 3], [18, 16, 19, 15], [4, 18, 5, 17], [6, 20, 7, 19], [8, 22, 9, 21], [12, 2, 13, 1], [14, 10, 15, 9]]"
11a_186_148,"[[14, 10, 15, 9], [10, 14, 11, 13], [20, 8, 21, 7], [22, 12, 1, 11], [2, 6, 3, 5], [16, 4, 17, 3], [18, 16, 19, 15], [4, 18, 5, 17], [6, 20, 7, 19], [8, 22, 9, 21], [12, 2, 13, 1]]"
11a_186_149,"[[12, 2, 13, 1], [14, 10, 15, 9], [10, 14, 11, 13], [20, 8, 21, 7], [22, 12, 1, 11], [2, 6, 3, 5], [16, 4, 17, 3], [18, 16, 19, 15], [4, 18, 5, 17], [6, 20, 7, 19], [8, 22, 9, 21]]"
11a_186_150,"[[8, 22, 9, 21], [12, 2, 13, 1], [14, 10, 15, 9], [10, 14, 11, 13], [20, 8, 21, 7], [22, 12, 1, 11], [2, 6, 3, 5], [16, 4, 17, 3], [18, 16, 19, 15], [4, 18, 5, 17], [6, 20, 7, 19]]"
11a_186_151,"[[6, 20, 7, 19], [8, 22, 9, 21], [12, 2, 13, 1], [14, 10, 15, 9], [10, 14, 11, 13], [20, 8, 21, 7], [22, 12, 1, 11], [2, 6, 3, 5], [16, 4, 17, 3], [18, 16, 19, 15], [4, 18, 5, 17]]"
11a_186_152,"[[4, 18, 5, 17], [6, 20, 7, 19], [8, 22, 9, 21], [12, 2, 13, 1], [14, 10, 15, 9], [10, 14, 11, 13], [20, 8, 21, 7], [22, 12, 1, 11], [2, 6, 3, 5], [16, 4, 17, 3], [18, 16, 19, 15]]"
11a_186_153,"[[18, 16, 19, 15], [4, 18, 5, 17], [6, 20, 7, 19], [8, 22, 9, 21], [12, 2, 13, 1], [14, 10, 15, 9], [10, 14, 11, 13], [20, 8, 21, 7], [22, 12, 1, 11], [2, 6, 3, 5], [16, 4, 17, 3]]"
11a_186_154,"[[17, 5, 18, 4], [19, 17, 20, 16], [5, 19, 6, 18], [7, 21, 8, 20], [9, 1, 10, 22], [13, 3, 14, 2], [15, 11, 16, 10], [11, 15, 12, 14], [21, 9, 22, 8], [1, 13, 2, 12], [3, 7, 4, 6]]"
11a_186_155,"[[3, 7, 4, 6], [17, 5, 18, 4], [19, 17, 20, 16], [5, 19, 6, 18], [7, 21, 8, 20], [9, 1, 10, 22], [13, 3, 14, 2], [15, 11, 16, 10], [11, 15, 12, 14], [21, 9, 22, 8], [1, 13, 2, 12]]"
11a_186_156,"[[1, 13, 2, 12], [3, 7, 4, 6], [17, 5, 18, 4], [19, 17, 20, 16], [5, 19, 6, 18], [7, 21, 8, 20], [9, 1, 10, 22], [13, 3, 14, 2], [15, 11, 16, 10], [11, 15, 12, 14], [21, 9, 22, 8]]"
11a_186_157,"[[21, 9, 22, 8], [1, 13, 2, 12], [3, 7, 4, 6], [17, 5, 18, 4], [19, 17, 20, 16], [5, 19, 6, 18], [7, 21, 8, 20], [9, 1, 10, 22], [13, 3, 14, 2], [15, 11, 16, 10], [11, 15, 12, 14]]"
11a_186_158,"[[11, 15, 12, 14], [21, 9, 22, 8], [1, 13, 2, 12], [3, 7, 4, 6], [17, 5, 18, 4], [19, 17, 20, 16], [5, 19, 6, 18], [7, 21, 8, 20], [9, 1, 10, 22], [13, 3, 14, 2], [15, 11, 16, 10]]"
11a_186_159,"[[15, 11, 16, 10], [11, 15, 12, 14], [21, 9, 22, 8], [1, 13, 2, 12], [3, 7, 4, 6], [17, 5, 18, 4], [19, 17, 20, 16], [5, 19, 6, 18], [7, 21, 8, 20], [9, 1, 10, 22], [13, 3, 14, 2]]"
11a_186_160,"[[13, 3, 14, 2], [15, 11, 16, 10], [11, 15, 12, 14], [21, 9, 22, 8], [1, 13, 2, 12], [3, 7, 4, 6], [17, 5, 18, 4], [19, 17, 20, 16], [5, 19, 6, 18], [7, 21, 8, 20], [9, 1, 10, 22]]"
11a_186_161,"[[9, 1, 10, 22], [13, 3, 14, 2], [15, 11, 16, 10], [11, 15, 12, 14], [21, 9, 22, 8], [1, 13, 2, 12], [3, 7, 4, 6], [17, 5, 18, 4], [19, 17, 20, 16], [5, 19, 6, 18], [7, 21, 8, 20]]"
11a_186_162,"[[7, 21, 8, 20], [9, 1, 10, 22], [13, 3, 14, 2], [15, 11, 16, 10], [11, 15, 12, 14], [21, 9, 22, 8], [1, 13, 2, 12], [3, 7, 4, 6], [17, 5, 18, 4], [19, 17, 20, 16], [5, 19, 6, 18]]"
11a_186_163,"[[5, 19, 6, 18], [7, 21, 8, 20], [9, 1, 10, 22], [13, 3, 14, 2], [15, 11, 16, 10], [11, 15, 12, 14], [21, 9, 22, 8], [1, 13, 2, 12], [3, 7, 4, 6], [17, 5, 18, 4], [19, 17, 20, 16]]"
11a_186_164,"[[19, 17, 20, 16], [5, 19, 6, 18], [7, 21, 8, 20], [9, 1, 10, 22], [13, 3, 14, 2], [15, 11, 16, 10], [11, 15, 12, 14], [21, 9, 22, 8], [1, 13, 2, 12], [3, 7, 4, 6], [17, 5, 18, 4]]"
11a_186_165,"[[18, 6, 19, 5], [20, 18, 21, 17], [6, 20, 7, 19], [8, 22, 9, 21], [10, 2, 11, 1], [14, 4, 15, 3], [16, 12, 17, 11], [12, 16, 13, 15], [22, 10, 1, 9], [2, 14, 3, 13], [4, 8, 5, 7]]"
11a_186_166,"[[4, 8, 5, 7], [18, 6, 19, 5], [20, 18, 21, 17], [6, 20, 7, 19], [8, 22, 9, 21], [10, 2, 11, 1], [14, 4, 15, 3], [16, 12, 17, 11], [12, 16, 13, 15], [22, 10, 1, 9], [2, 14, 3, 13]]"
11a_186_167,"[[2, 14, 3, 13], [4, 8, 5, 7], [18, 6, 19, 5], [20, 18, 21, 17], [6, 20, 7, 19], [8, 22, 9, 21], [10, 2, 11, 1], [14, 4, 15, 3], [16, 12, 17, 11], [12, 16, 13, 15], [22, 10, 1, 9]]"
11a_186_168,"[[22, 10, 1, 9], [2, 14, 3, 13], [4, 8, 5, 7], [18, 6, 19, 5], [20, 18, 21, 17], [6, 20, 7, 19], [8, 22, 9, 21], [10, 2, 11, 1], [14, 4, 15, 3], [16, 12, 17, 11], [12, 16, 13, 15]]"
11a_186_169,"[[12, 16, 13, 15], [22, 10, 1, 9], [2, 14, 3, 13], [4, 8, 5, 7], [18, 6, 19, 5], [20, 18, 21, 17], [6, 20, 7, 19], [8, 22, 9, 21], [10, 2, 11, 1], [14, 4, 15, 3], [16, 12, 17, 11]]"
11a_186_170,"[[16, 12, 17, 11], [12, 16, 13, 15], [22, 10, 1, 9], [2, 14, 3, 13], [4, 8, 5, 7], [18, 6, 19, 5], [20, 18, 21, 17], [6, 20, 7, 19], [8, 22, 9, 21], [10, 2, 11, 1], [14, 4, 15, 3]]"
11a_186_171,"[[14, 4, 15, 3], [16, 12, 17, 11], [12, 16, 13, 15], [22, 10, 1, 9], [2, 14, 3, 13], [4, 8, 5, 7], [18, 6, 19, 5], [20, 18, 21, 17], [6, 20, 7, 19], [8, 22, 9, 21], [10, 2, 11, 1]]"
11a_186_172,"[[10, 2, 11, 1], [14, 4, 15, 3], [16, 12, 17, 11], [12, 16, 13, 15], [22, 10, 1, 9], [2, 14, 3, 13], [4, 8, 5, 7], [18, 6, 19, 5], [20, 18, 21, 17], [6, 20, 7, 19], [8, 22, 9, 21]]"
11a_186_173,"[[8, 22, 9, 21], [10, 2, 11, 1], [14, 4, 15, 3], [16, 12, 17, 11], [12, 16, 13, 15], [22, 10, 1, 9], [2, 14, 3, 13], [4, 8, 5, 7], [18, 6, 19, 5], [20, 18, 21, 17], [6, 20, 7, 19]]"
11a_186_174,"[[6, 20, 7, 19], [8, 22, 9, 21], [10, 2, 11, 1], [14, 4, 15, 3], [16, 12, 17, 11], [12, 16, 13, 15], [22, 10, 1, 9], [2, 14, 3, 13], [4, 8, 5, 7], [18, 6, 19, 5], [20, 18, 21, 17]]"
11a_186_175,"[[20, 18, 21, 17], [6, 20, 7, 19], [8, 22, 9, 21], [10, 2, 11, 1], [14, 4, 15, 3], [16, 12, 17, 11], [12, 16, 13, 15], [22, 10, 1, 9], [2, 14, 3, 13], [4, 8, 5, 7], [18, 6, 19, 5]]"
11a_186_176,"[[19, 7, 20, 6], [21, 19, 22, 18], [7, 21, 8, 20], [9, 1, 10, 22], [11, 3, 12, 2], [15, 5, 16, 4], [17, 13, 18, 12], [13, 17, 14, 16], [1, 11, 2, 10], [3, 15, 4, 14], [5, 9, 6, 8]]"
11a_186_177,"[[5, 9, 6, 8], [19, 7, 20, 6], [21, 19, 22, 18], [7, 21, 8, 20], [9, 1, 10, 22], [11, 3, 12, 2], [15, 5, 16, 4], [17, 13, 18, 12], [13, 17, 14, 16], [1, 11, 2, 10], [3, 15, 4, 14]]"
11a_186_178,"[[3, 15, 4, 14], [5, 9, 6, 8], [19, 7, 20, 6], [21, 19, 22, 18], [7, 21, 8, 20], [9, 1, 10, 22], [11, 3, 12, 2], [15, 5, 16, 4], [17, 13, 18, 12], [13, 17, 14, 16], [1, 11, 2, 10]]"
11a_186_179,"[[1, 11, 2, 10], [3, 15, 4, 14], [5, 9, 6, 8], [19, 7, 20, 6], [21, 19, 22, 18], [7, 21, 8, 20], [9, 1, 10, 22], [11, 3, 12, 2], [15, 5, 16, 4], [17, 13, 18, 12], [13, 17, 14, 16]]"
11a_186_180,"[[13, 17, 14, 16], [1, 11, 2, 10], [3, 15, 4, 14], [5, 9, 6, 8], [19, 7, 20, 6], [21, 19, 22, 18], [7, 21, 8, 20], [9, 1, 10, 22], [11, 3, 12, 2], [15, 5, 16, 4], [17, 13, 18, 12]]"
11a_186_181,"[[17, 13, 18, 12], [13, 17, 14, 16], [1, 11, 2, 10], [3, 15, 4, 14], [5, 9, 6, 8], [19, 7, 20, 6], [21, 19, 22, 18], [7, 21, 8, 20], [9, 1, 10, 22], [11, 3, 12, 2], [15, 5, 16, 4]]"
11a_186_182,"[[15, 5, 16, 4], [17, 13, 18, 12], [13, 17, 14, 16], [1, 11, 2, 10], [3, 15, 4, 14], [5, 9, 6, 8], [19, 7, 20, 6], [21, 19, 22, 18], [7, 21, 8, 20], [9, 1, 10, 22], [11, 3, 12, 2]]"
11a_186_183,"[[11, 3, 12, 2], [15, 5, 16, 4], [17, 13, 18, 12], [13, 17, 14, 16], [1, 11, 2, 10], [3, 15, 4, 14], [5, 9, 6, 8], [19, 7, 20, 6], [21, 19, 22, 18], [7, 21, 8, 20], [9, 1, 10, 22]]"
11a_186_184,"[[9, 1, 10, 22], [11, 3, 12, 2], [15, 5, 16, 4], [17, 13, 18, 12], [13, 17, 14, 16], [1, 11, 2, 10], [3, 15, 4, 14], [5, 9, 6, 8], [19, 7, 20, 6], [21, 19, 22, 18], [7, 21, 8, 20]]"
11a_186_185,"[[7, 21, 8, 20], [9, 1, 10, 22], [11, 3, 12, 2], [15, 5, 16, 4], [17, 13, 18, 12], [13, 17, 14, 16], [1, 11, 2, 10], [3, 15, 4, 14], [5, 9, 6, 8], [19, 7, 20, 6], [21, 19, 22, 18]]"
11a_186_186,"[[21, 19, 22, 18], [7, 21, 8, 20], [9, 1, 10, 22], [11, 3, 12, 2], [15, 5, 16, 4], [17, 13, 18, 12], [13, 17, 14, 16], [1, 11, 2, 10], [3, 15, 4, 14], [5, 9, 6, 8], [19, 7, 20, 6]]"
11a_186_187,"[[20, 8, 21, 7], [22, 20, 1, 19], [8, 22, 9, 21], [10, 2, 11, 1], [12, 4, 13, 3], [16, 6, 17, 5], [18, 14, 19, 13], [14, 18, 15, 17], [2, 12, 3, 11], [4, 16, 5, 15], [6, 10, 7, 9]]"
11a_186_188,"[[6, 10, 7, 9], [20, 8, 21, 7], [22, 20, 1, 19], [8, 22, 9, 21], [10, 2, 11, 1], [12, 4, 13, 3], [16, 6, 17, 5], [18, 14, 19, 13], [14, 18, 15, 17], [2, 12, 3, 11], [4, 16, 5, 15]]"
11a_186_189,"[[4, 16, 5, 15], [6, 10, 7, 9], [20, 8, 21, 7], [22, 20, 1, 19], [8, 22, 9, 21], [10, 2, 11, 1], [12, 4, 13, 3], [16, 6, 17, 5], [18, 14, 19, 13], [14, 18, 15, 17], [2, 12, 3, 11]]"
11a_186_190,"[[2, 12, 3, 11], [4, 16, 5, 15], [6, 10, 7, 9], [20, 8, 21, 7], [22, 20, 1, 19], [8, 22, 9, 21], [10, 2, 11, 1], [12, 4, 13, 3], [16, 6, 17, 5], [18, 14, 19, 13], [14, 18, 15, 17]]"
11a_186_191,"[[14, 18, 15, 17], [2, 12, 3, 11], [4, 16, 5, 15], [6, 10, 7, 9], [20, 8, 21, 7], [22, 20, 1, 19], [8, 22, 9, 21], [10, 2, 11, 1], [12, 4, 13, 3], [16, 6, 17, 5], [18, 14, 19, 13]]"
11a_186_192,"[[18, 14, 19, 13], [14, 18, 15, 17], [2, 12, 3, 11], [4, 16, 5, 15], [6, 10, 7, 9], [20, 8, 21, 7], [22, 20, 1, 19], [8, 22, 9, 21], [10, 2, 11, 1], [12, 4, 13, 3], [16, 6, 17, 5]]"
11a_186_193,"[[16, 6, 17, 5], [18, 14, 19, 13], [14, 18, 15, 17], [2, 12, 3, 11], [4, 16, 5, 15], [6, 10, 7, 9], [20, 8, 21, 7], [22, 20, 1, 19], [8, 22, 9, 21], [10, 2, 11, 1], [12, 4, 13, 3]]"
11a_186_194,"[[12, 4, 13, 3], [16, 6, 17, 5], [18, 14, 19, 13], [14, 18, 15, 17], [2, 12, 3, 11], [4, 16, 5, 15], [6, 10, 7, 9], [20, 8, 21, 7], [22, 20, 1, 19], [8, 22, 9, 21], [10, 2, 11, 1]]"
11a_186_195,"[[10, 2, 11, 1], [12, 4, 13, 3], [16, 6, 17, 5], [18, 14, 19, 13], [14, 18, 15, 17], [2, 12, 3, 11], [4, 16, 5, 15], [6, 10, 7, 9], [20, 8, 21, 7], [22, 20, 1, 19], [8, 22, 9, 21]]"
11a_186_196,"[[8, 22, 9, 21], [10, 2, 11, 1], [12, 4, 13, 3], [16, 6, 17, 5], [18, 14, 19, 13], [14, 18, 15, 17], [2, 12, 3, 11], [4, 16, 5, 15], [6, 10, 7, 9], [20, 8, 21, 7], [22, 20, 1, 19]]"
11a_186_197,"[[22, 20, 1, 19], [8, 22, 9, 21], [10, 2, 11, 1], [12, 4, 13, 3], [16, 6, 17, 5], [18, 14, 19, 13], [14, 18, 15, 17], [2, 12, 3, 11], [4, 16, 5, 15], [6, 10, 7, 9], [20, 8, 21, 7]]"
11a_186_198,"[[21, 9, 22, 8], [1, 21, 2, 20], [9, 1, 10, 22], [11, 3, 12, 2], [13, 5, 14, 4], [17, 7, 18, 6], [19, 15, 20, 14], [15, 19, 16, 18], [3, 13, 4, 12], [5, 17, 6, 16], [7, 11, 8, 10]]"
11a_186_199,"[[7, 11, 8, 10], [21, 9, 22, 8], [1, 21, 2, 20], [9, 1, 10, 22], [11, 3, 12, 2], [13, 5, 14, 4], [17, 7, 18, 6], [19, 15, 20, 14], [15, 19, 16, 18], [3, 13, 4, 12], [5, 17, 6, 16]]"
11a_186_200,"[[5, 17, 6, 16], [7, 11, 8, 10], [21, 9, 22, 8], [1, 21, 2, 20], [9, 1, 10, 22], [11, 3, 12, 2], [13, 5, 14, 4], [17, 7, 18, 6], [19, 15, 20, 14], [15, 19, 16, 18], [3, 13, 4, 12]]"
11a_186_201,"[[3, 13, 4, 12], [5, 17, 6, 16], [7, 11, 8, 10], [21, 9, 22, 8], [1, 21, 2, 20], [9, 1, 10, 22], [11, 3, 12, 2], [13, 5, 14, 4], [17, 7, 18, 6], [19, 15, 20, 14], [15, 19, 16, 18]]"
11a_186_202,"[[15, 19, 16, 18], [3, 13, 4, 12], [5, 17, 6, 16], [7, 11, 8, 10], [21, 9, 22, 8], [1, 21, 2, 20], [9, 1, 10, 22], [11, 3, 12, 2], [13, 5, 14, 4], [17, 7, 18, 6], [19, 15, 20, 14]]"
11a_186_203,"[[19, 15, 20, 14], [15, 19, 16, 18], [3, 13, 4, 12], [5, 17, 6, 16], [7, 11, 8, 10], [21, 9, 22, 8], [1, 21, 2, 20], [9, 1, 10, 22], [11, 3, 12, 2], [13, 5, 14, 4], [17, 7, 18, 6]]"
