name,pd_notation
11a_85_0,"[[3, 11, 4, 10], [5, 3, 6, 2], [11, 5, 12, 4], [1, 12, 2, 13], [13, 6, 14, 7], [7, 22, 8, 1], [17, 9, 18, 8], [21, 15, 22, 14], [19, 17, 20, 16], [15, 21, 16, 20], [9, 19, 10, 18]]"
11a_85_1,"[[9, 19, 10, 18], [3, 11, 4, 10], [5, 3, 6, 2], [11, 5, 12, 4], [1, 12, 2, 13], [13, 6, 14, 7], [7, 22, 8, 1], [17, 9, 18, 8], [21, 15, 22, 14], [19, 17, 20, 16], [15, 21, 16, 20]]"
11a_85_2,"[[15, 21, 16, 20], [9, 19, 10, 18], [3, 11, 4, 10], [5, 3, 6, 2], [11, 5, 12, 4], [1, 12, 2, 13], [13, 6, 14, 7], [7, 22, 8, 1], [17, 9, 18, 8], [21, 15, 22, 14], [19, 17, 20, 16]]"
11a_85_3,"[[19, 17, 20, 16], [15, 21, 16, 20], [9, 19, 10, 18], [3, 11, 4, 10], [5, 3, 6, 2], [11, 5, 12, 4], [1, 12, 2, 13], [13, 6, 14, 7], [7, 22, 8, 1], [17, 9, 18, 8], [21, 15, 22, 14]]"
11a_85_4,"[[21, 15, 22, 14], [19, 17, 20, 16], [15, 21, 16, 20], [9, 19, 10, 18], [3, 11, 4, 10], [5, 3, 6, 2], [11, 5, 12, 4], [1, 12, 2, 13], [13, 6, 14, 7], [7, 22, 8, 1], [17, 9, 18, 8]]"
11a_85_5,"[[17, 9, 18, 8], [21, 15, 22, 14], [19, 17, 20, 16], [15, 21, 16, 20], [9, 19, 10, 18], [3, 11, 4, 10], [5, 3, 6, 2], [11, 5, 12, 4], [1, 12, 2, 13], [13, 6, 14, 7], [7, 22, 8, 1]]"
11a_85_6,"[[7, 22, 8, 1], [17, 9, 18, 8], [21, 15, 22, 14], [19, 17, 20, 16], [15, 21, 16, 20], [9, 19, 10, 18], [3, 11, 4, 10], [5, 3, 6, 2], [11, 5, 12, 4], [1, 12, 2, 13], [13, 6, 14, 7]]"
11a_85_7,"[[13, 6, 14, 7], [7, 22, 8, 1], [17, 9, 18, 8], [21, 15, 22, 14], [19, 17, 20, 16], [15, 21, 16, 20], [9, 19, 10, 18], [3, 11, 4, 10], [5, 3, 6, 2], [11, 5, 12, 4], [1, 12, 2, 13]]"
11a_85_8,"[[1, 12, 2, 13], [13, 6, 14, 7], [7, 22, 8, 1], [17, 9, 18, 8], [21, 15, 22, 14], [19, 17, 20, 16], [15, 21, 16, 20], [9, 19, 10, 18], [3, 11, 4, 10], [5, 3, 6, 2], [11, 5, 12, 4]]"
11a_85_9,"[[11, 5, 12, 4], [1, 12, 2, 13], [13, 6, 14, 7], [7, 22, 8, 1], [17, 9, 18, 8], [21, 15, 22, 14], [19, 17, 20, 16], [15, 21, 16, 20], [9, 19, 10, 18], [3, 11, 4, 10], [5, 3, 6, 2]]"
11a_85_10,"[[5, 3, 6, 2], [11, 5, 12, 4], [1, 12, 2, 13], [13, 6, 14, 7], [7, 22, 8, 1], [17, 9, 18, 8], [21, 15, 22, 14], [19, 17, 20, 16], [15, 21, 16, 20], [9, 19, 10, 18], [3, 11, 4, 10]]"
11a_85_11,"[[4, 12, 5, 11], [6, 4, 7, 3], [12, 6, 13, 5], [2, 13, 3, 14], [14, 7, 15, 8], [8, 1, 9, 2], [18, 10, 19, 9], [22, 16, 1, 15], [20, 18, 21, 17], [16, 22, 17, 21], [10, 20, 11, 19]]"
11a_85_12,"[[10, 20, 11, 19], [4, 12, 5, 11], [6, 4, 7, 3], [12, 6, 13, 5], [2, 13, 3, 14], [14, 7, 15, 8], [8, 1, 9, 2], [18, 10, 19, 9], [22, 16, 1, 15], [20, 18, 21, 17], [16, 22, 17, 21]]"
11a_85_13,"[[16, 22, 17, 21], [10, 20, 11, 19], [4, 12, 5, 11], [6, 4, 7, 3], [12, 6, 13, 5], [2, 13, 3, 14], [14, 7, 15, 8], [8, 1, 9, 2], [18, 10, 19, 9], [22, 16, 1, 15], [20, 18, 21, 17]]"
11a_85_14,"[[20, 18, 21, 17], [16, 22, 17, 21], [10, 20, 11, 19], [4, 12, 5, 11], [6, 4, 7, 3], [12, 6, 13, 5], [2, 13, 3, 14], [14, 7, 15, 8], [8, 1, 9, 2], [18, 10, 19, 9], [22, 16, 1, 15]]"
11a_85_15,"[[22, 16, 1, 15], [20, 18, 21, 17], [16, 22, 17, 21], [10, 20, 11, 19], [4, 12, 5, 11], [6, 4, 7, 3], [12, 6, 13, 5], [2, 13, 3, 14], [14, 7, 15, 8], [8, 1, 9, 2], [18, 10, 19, 9]]"
11a_85_16,"[[18, 10, 19, 9], [22, 16, 1, 15], [20, 18, 21, 17], [16, 22, 17, 21], [10, 20, 11, 19], [4, 12, 5, 11], [6, 4, 7, 3], [12, 6, 13, 5], [2, 13, 3, 14], [14, 7, 15, 8], [8, 1, 9, 2]]"
11a_85_17,"[[8, 1, 9, 2], [18, 10, 19, 9], [22, 16, 1, 15], [20, 18, 21, 17], [16, 22, 17, 21], [10, 20, 11, 19], [4, 12, 5, 11], [6, 4, 7, 3], [12, 6, 13, 5], [2, 13, 3, 14], [14, 7, 15, 8]]"
11a_85_18,"[[14, 7, 15, 8], [8, 1, 9, 2], [18, 10, 19, 9], [22, 16, 1, 15], [20, 18, 21, 17], [16, 22, 17, 21], [10, 20, 11, 19], [4, 12, 5, 11], [6, 4, 7, 3], [12, 6, 13, 5], [2, 13, 3, 14]]"
11a_85_19,"[[2, 13, 3, 14], [14, 7, 15, 8], [8, 1, 9, 2], [18, 10, 19, 9], [22, 16, 1, 15], [20, 18, 21, 17], [16, 22, 17, 21], [10, 20, 11, 19], [4, 12, 5, 11], [6, 4, 7, 3], [12, 6, 13, 5]]"
11a_85_20,"[[12, 6, 13, 5], [2, 13, 3, 14], [14, 7, 15, 8], [8, 1, 9, 2], [18, 10, 19, 9], [22, 16, 1, 15], [20, 18, 21, 17], [16, 22, 17, 21], [10, 20, 11, 19], [4, 12, 5, 11], [6, 4, 7, 3]]"
11a_85_21,"[[6, 4, 7, 3], [12, 6, 13, 5], [2, 13, 3, 14], [14, 7, 15, 8], [8, 1, 9, 2], [18, 10, 19, 9], [22, 16, 1, 15], [20, 18, 21, 17], [16, 22, 17, 21], [10, 20, 11, 19], [4, 12, 5, 11]]"
11a_85_22,"[[5, 13, 6, 12], [7, 5, 8, 4], [13, 7, 14, 6], [3, 14, 4, 15], [15, 8, 16, 9], [9, 2, 10, 3], [19, 11, 20, 10], [1, 17, 2, 16], [21, 19, 22, 18], [17, 1, 18, 22], [11, 21, 12, 20]]"
11a_85_23,"[[11, 21, 12, 20], [5, 13, 6, 12], [7, 5, 8, 4], [13, 7, 14, 6], [3, 14, 4, 15], [15, 8, 16, 9], [9, 2, 10, 3], [19, 11, 20, 10], [1, 17, 2, 16], [21, 19, 22, 18], [17, 1, 18, 22]]"
11a_85_24,"[[17, 1, 18, 22], [11, 21, 12, 20], [5, 13, 6, 12], [7, 5, 8, 4], [13, 7, 14, 6], [3, 14, 4, 15], [15, 8, 16, 9], [9, 2, 10, 3], [19, 11, 20, 10], [1, 17, 2, 16], [21, 19, 22, 18]]"
11a_85_25,"[[21, 19, 22, 18], [17, 1, 18, 22], [11, 21, 12, 20], [5, 13, 6, 12], [7, 5, 8, 4], [13, 7, 14, 6], [3, 14, 4, 15], [15, 8, 16, 9], [9, 2, 10, 3], [19, 11, 20, 10], [1, 17, 2, 16]]"
11a_85_26,"[[1, 17, 2, 16], [21, 19, 22, 18], [17, 1, 18, 22], [11, 21, 12, 20], [5, 13, 6, 12], [7, 5, 8, 4], [13, 7, 14, 6], [3, 14, 4, 15], [15, 8, 16, 9], [9, 2, 10, 3], [19, 11, 20, 10]]"
11a_85_27,"[[19, 11, 20, 10], [1, 17, 2, 16], [21, 19, 22, 18], [17, 1, 18, 22], [11, 21, 12, 20], [5, 13, 6, 12], [7, 5, 8, 4], [13, 7, 14, 6], [3, 14, 4, 15], [15, 8, 16, 9], [9, 2, 10, 3]]"
11a_85_28,"[[9, 2, 10, 3], [19, 11, 20, 10], [1, 17, 2, 16], [21, 19, 22, 18], [17, 1, 18, 22], [11, 21, 12, 20], [5, 13, 6, 12], [7, 5, 8, 4], [13, 7, 14, 6], [3, 14, 4, 15], [15, 8, 16, 9]]"
11a_85_29,"[[15, 8, 16, 9], [9, 2, 10, 3], [19, 11, 20, 10], [1, 17, 2, 16], [21, 19, 22, 18], [17, 1, 18, 22], [11, 21, 12, 20], [5, 13, 6, 12], [7, 5, 8, 4], [13, 7, 14, 6], [3, 14, 4, 15]]"
11a_85_30,"[[3, 14, 4, 15], [15, 8, 16, 9], [9, 2, 10, 3], [19, 11, 20, 10], [1, 17, 2, 16], [21, 19, 22, 18], [17, 1, 18, 22], [11, 21, 12, 20], [5, 13, 6, 12], [7, 5, 8, 4], [13, 7, 14, 6]]"
11a_85_31,"[[13, 7, 14, 6], [3, 14, 4, 15], [15, 8, 16, 9], [9, 2, 10, 3], [19, 11, 20, 10], [1, 17, 2, 16], [21, 19, 22, 18], [17, 1, 18, 22], [11, 21, 12, 20], [5, 13, 6, 12], [7, 5, 8, 4]]"
11a_85_32,"[[7, 5, 8, 4], [13, 7, 14, 6], [3, 14, 4, 15], [15, 8, 16, 9], [9, 2, 10, 3], [19, 11, 20, 10], [1, 17, 2, 16], [21, 19, 22, 18], [17, 1, 18, 22], [11, 21, 12, 20], [5, 13, 6, 12]]"
11a_85_33,"[[6, 14, 7, 13], [8, 6, 9, 5], [14, 8, 15, 7], [4, 15, 5, 16], [16, 9, 17, 10], [10, 3, 11, 4], [20, 12, 21, 11], [2, 18, 3, 17], [22, 20, 1, 19], [18, 2, 19, 1], [12, 22, 13, 21]]"
11a_85_34,"[[12, 22, 13, 21], [6, 14, 7, 13], [8, 6, 9, 5], [14, 8, 15, 7], [4, 15, 5, 16], [16, 9, 17, 10], [10, 3, 11, 4], [20, 12, 21, 11], [2, 18, 3, 17], [22, 20, 1, 19], [18, 2, 19, 1]]"
11a_85_35,"[[18, 2, 19, 1], [12, 22, 13, 21], [6, 14, 7, 13], [8, 6, 9, 5], [14, 8, 15, 7], [4, 15, 5, 16], [16, 9, 17, 10], [10, 3, 11, 4], [20, 12, 21, 11], [2, 18, 3, 17], [22, 20, 1, 19]]"
11a_85_36,"[[22, 20, 1, 19], [18, 2, 19, 1], [12, 22, 13, 21], [6, 14, 7, 13], [8, 6, 9, 5], [14, 8, 15, 7], [4, 15, 5, 16], [16, 9, 17, 10], [10, 3, 11, 4], [20, 12, 21, 11], [2, 18, 3, 17]]"
11a_85_37,"[[2, 18, 3, 17], [22, 20, 1, 19], [18, 2, 19, 1], [12, 22, 13, 21], [6, 14, 7, 13], [8, 6, 9, 5], [14, 8, 15, 7], [4, 15, 5, 16], [16, 9, 17, 10], [10, 3, 11, 4], [20, 12, 21, 11]]"
11a_85_38,"[[20, 12, 21, 11], [2, 18, 3, 17], [22, 20, 1, 19], [18, 2, 19, 1], [12, 22, 13, 21], [6, 14, 7, 13], [8, 6, 9, 5], [14, 8, 15, 7], [4, 15, 5, 16], [16, 9, 17, 10], [10, 3, 11, 4]]"
11a_85_39,"[[10, 3, 11, 4], [20, 12, 21, 11], [2, 18, 3, 17], [22, 20, 1, 19], [18, 2, 19, 1], [12, 22, 13, 21], [6, 14, 7, 13], [8, 6, 9, 5], [14, 8, 15, 7], [4, 15, 5, 16], [16, 9, 17, 10]]"
11a_85_40,"[[16, 9, 17, 10], [10, 3, 11, 4], [20, 12, 21, 11], [2, 18, 3, 17], [22, 20, 1, 19], [18, 2, 19, 1], [12, 22, 13, 21], [6, 14, 7, 13], [8, 6, 9, 5], [14, 8, 15, 7], [4, 15, 5, 16]]"
11a_85_41,"[[4, 15, 5, 16], [16, 9, 17, 10], [10, 3, 11, 4], [20, 12, 21, 11], [2, 18, 3, 17], [22, 20, 1, 19], [18, 2, 19, 1], [12, 22, 13, 21], [6, 14, 7, 13], [8, 6, 9, 5], [14, 8, 15, 7]]"
11a_85_42,"[[14, 8, 15, 7], [4, 15, 5, 16], [16, 9, 17, 10], [10, 3, 11, 4], [20, 12, 21, 11], [2, 18, 3, 17], [22, 20, 1, 19], [18, 2, 19, 1], [12, 22, 13, 21], [6, 14, 7, 13], [8, 6, 9, 5]]"
11a_85_43,"[[8, 6, 9, 5], [14, 8, 15, 7], [4, 15, 5, 16], [16, 9, 17, 10], [10, 3, 11, 4], [20, 12, 21, 11], [2, 18, 3, 17], [22, 20, 1, 19], [18, 2, 19, 1], [12, 22, 13, 21], [6, 14, 7, 13]]"
11a_85_44,"[[7, 15, 8, 14], [9, 7, 10, 6], [15, 9, 16, 8], [5, 16, 6, 17], [17, 10, 18, 11], [11, 4, 12, 5], [21, 13, 22, 12], [3, 19, 4, 18], [1, 21, 2, 20], [19, 3, 20, 2], [13, 1, 14, 22]]"
11a_85_45,"[[13, 1, 14, 22], [7, 15, 8, 14], [9, 7, 10, 6], [15, 9, 16, 8], [5, 16, 6, 17], [17, 10, 18, 11], [11, 4, 12, 5], [21, 13, 22, 12], [3, 19, 4, 18], [1, 21, 2, 20], [19, 3, 20, 2]]"
11a_85_46,"[[19, 3, 20, 2], [13, 1, 14, 22], [7, 15, 8, 14], [9, 7, 10, 6], [15, 9, 16, 8], [5, 16, 6, 17], [17, 10, 18, 11], [11, 4, 12, 5], [21, 13, 22, 12], [3, 19, 4, 18], [1, 21, 2, 20]]"
11a_85_47,"[[1, 21, 2, 20], [19, 3, 20, 2], [13, 1, 14, 22], [7, 15, 8, 14], [9, 7, 10, 6], [15, 9, 16, 8], [5, 16, 6, 17], [17, 10, 18, 11], [11, 4, 12, 5], [21, 13, 22, 12], [3, 19, 4, 18]]"
11a_85_48,"[[3, 19, 4, 18], [1, 21, 2, 20], [19, 3, 20, 2], [13, 1, 14, 22], [7, 15, 8, 14], [9, 7, 10, 6], [15, 9, 16, 8], [5, 16, 6, 17], [17, 10, 18, 11], [11, 4, 12, 5], [21, 13, 22, 12]]"
11a_85_49,"[[21, 13, 22, 12], [3, 19, 4, 18], [1, 21, 2, 20], [19, 3, 20, 2], [13, 1, 14, 22], [7, 15, 8, 14], [9, 7, 10, 6], [15, 9, 16, 8], [5, 16, 6, 17], [17, 10, 18, 11], [11, 4, 12, 5]]"
11a_85_50,"[[11, 4, 12, 5], [21, 13, 22, 12], [3, 19, 4, 18], [1, 21, 2, 20], [19, 3, 20, 2], [13, 1, 14, 22], [7, 15, 8, 14], [9, 7, 10, 6], [15, 9, 16, 8], [5, 16, 6, 17], [17, 10, 18, 11]]"
11a_85_51,"[[17, 10, 18, 11], [11, 4, 12, 5], [21, 13, 22, 12], [3, 19, 4, 18], [1, 21, 2, 20], [19, 3, 20, 2], [13, 1, 14, 22], [7, 15, 8, 14], [9, 7, 10, 6], [15, 9, 16, 8], [5, 16, 6, 17]]"
11a_85_52,"[[5, 16, 6, 17], [17, 10, 18, 11], [11, 4, 12, 5], [21, 13, 22, 12], [3, 19, 4, 18], [1, 21, 2, 20], [19, 3, 20, 2], [13, 1, 14, 22], [7, 15, 8, 14], [9, 7, 10, 6], [15, 9, 16, 8]]"
11a_85_53,"[[15, 9, 16, 8], [5, 16, 6, 17], [17, 10, 18, 11], [11, 4, 12, 5], [21, 13, 22, 12], [3, 19, 4, 18], [1, 21, 2, 20], [19, 3, 20, 2], [13, 1, 14, 22], [7, 15, 8, 14], [9, 7, 10, 6]]"
11a_85_54,"[[9, 7, 10, 6], [15, 9, 16, 8], [5, 16, 6, 17], [17, 10, 18, 11], [11, 4, 12, 5], [21, 13, 22, 12], [3, 19, 4, 18], [1, 21, 2, 20], [19, 3, 20, 2], [13, 1, 14, 22], [7, 15, 8, 14]]"
11a_85_55,"[[8, 16, 9, 15], [10, 8, 11, 7], [16, 10, 17, 9], [6, 17, 7, 18], [18, 11, 19, 12], [12, 5, 13, 6], [22, 14, 1, 13], [4, 20, 5, 19], [2, 22, 3, 21], [20, 4, 21, 3], [14, 2, 15, 1]]"
11a_85_56,"[[14, 2, 15, 1], [8, 16, 9, 15], [10, 8, 11, 7], [16, 10, 17, 9], [6, 17, 7, 18], [18, 11, 19, 12], [12, 5, 13, 6], [22, 14, 1, 13], [4, 20, 5, 19], [2, 22, 3, 21], [20, 4, 21, 3]]"
11a_85_57,"[[20, 4, 21, 3], [14, 2, 15, 1], [8, 16, 9, 15], [10, 8, 11, 7], [16, 10, 17, 9], [6, 17, 7, 18], [18, 11, 19, 12], [12, 5, 13, 6], [22, 14, 1, 13], [4, 20, 5, 19], [2, 22, 3, 21]]"
11a_85_58,"[[2, 22, 3, 21], [20, 4, 21, 3], [14, 2, 15, 1], [8, 16, 9, 15], [10, 8, 11, 7], [16, 10, 17, 9], [6, 17, 7, 18], [18, 11, 19, 12], [12, 5, 13, 6], [22, 14, 1, 13], [4, 20, 5, 19]]"
11a_85_59,"[[4, 20, 5, 19], [2, 22, 3, 21], [20, 4, 21, 3], [14, 2, 15, 1], [8, 16, 9, 15], [10, 8, 11, 7], [16, 10, 17, 9], [6, 17, 7, 18], [18, 11, 19, 12], [12, 5, 13, 6], [22, 14, 1, 13]]"
11a_85_60,"[[22, 14, 1, 13], [4, 20, 5, 19], [2, 22, 3, 21], [20, 4, 21, 3], [14, 2, 15, 1], [8, 16, 9, 15], [10, 8, 11, 7], [16, 10, 17, 9], [6, 17, 7, 18], [18, 11, 19, 12], [12, 5, 13, 6]]"
11a_85_61,"[[12, 5, 13, 6], [22, 14, 1, 13], [4, 20, 5, 19], [2, 22, 3, 21], [20, 4, 21, 3], [14, 2, 15, 1], [8, 16, 9, 15], [10, 8, 11, 7], [16, 10, 17, 9], [6, 17, 7, 18], [18, 11, 19, 12]]"
11a_85_62,"[[18, 11, 19, 12], [12, 5, 13, 6], [22, 14, 1, 13], [4, 20, 5, 19], [2, 22, 3, 21], [20, 4, 21, 3], [14, 2, 15, 1], [8, 16, 9, 15], [10, 8, 11, 7], [16, 10, 17, 9], [6, 17, 7, 18]]"
11a_85_63,"[[6, 17, 7, 18], [18, 11, 19, 12], [12, 5, 13, 6], [22, 14, 1, 13], [4, 20, 5, 19], [2, 22, 3, 21], [20, 4, 21, 3], [14, 2, 15, 1], [8, 16, 9, 15], [10, 8, 11, 7], [16, 10, 17, 9]]"
11a_85_64,"[[16, 10, 17, 9], [6, 17, 7, 18], [18, 11, 19, 12], [12, 5, 13, 6], [22, 14, 1, 13], [4, 20, 5, 19], [2, 22, 3, 21], [20, 4, 21, 3], [14, 2, 15, 1], [8, 16, 9, 15], [10, 8, 11, 7]]"
11a_85_65,"[[10, 8, 11, 7], [16, 10, 17, 9], [6, 17, 7, 18], [18, 11, 19, 12], [12, 5, 13, 6], [22, 14, 1, 13], [4, 20, 5, 19], [2, 22, 3, 21], [20, 4, 21, 3], [14, 2, 15, 1], [8, 16, 9, 15]]"
11a_85_66,"[[9, 17, 10, 16], [11, 9, 12, 8], [17, 11, 18, 10], [7, 18, 8, 19], [19, 12, 20, 13], [13, 6, 14, 7], [1, 15, 2, 14], [5, 21, 6, 20], [3, 1, 4, 22], [21, 5, 22, 4], [15, 3, 16, 2]]"
11a_85_67,"[[15, 3, 16, 2], [9, 17, 10, 16], [11, 9, 12, 8], [17, 11, 18, 10], [7, 18, 8, 19], [19, 12, 20, 13], [13, 6, 14, 7], [1, 15, 2, 14], [5, 21, 6, 20], [3, 1, 4, 22], [21, 5, 22, 4]]"
11a_85_68,"[[21, 5, 22, 4], [15, 3, 16, 2], [9, 17, 10, 16], [11, 9, 12, 8], [17, 11, 18, 10], [7, 18, 8, 19], [19, 12, 20, 13], [13, 6, 14, 7], [1, 15, 2, 14], [5, 21, 6, 20], [3, 1, 4, 22]]"
11a_85_69,"[[3, 1, 4, 22], [21, 5, 22, 4], [15, 3, 16, 2], [9, 17, 10, 16], [11, 9, 12, 8], [17, 11, 18, 10], [7, 18, 8, 19], [19, 12, 20, 13], [13, 6, 14, 7], [1, 15, 2, 14], [5, 21, 6, 20]]"
11a_85_70,"[[5, 21, 6, 20], [3, 1, 4, 22], [21, 5, 22, 4], [15, 3, 16, 2], [9, 17, 10, 16], [11, 9, 12, 8], [17, 11, 18, 10], [7, 18, 8, 19], [19, 12, 20, 13], [13, 6, 14, 7], [1, 15, 2, 14]]"
11a_85_71,"[[1, 15, 2, 14], [5, 21, 6, 20], [3, 1, 4, 22], [21, 5, 22, 4], [15, 3, 16, 2], [9, 17, 10, 16], [11, 9, 12, 8], [17, 11, 18, 10], [7, 18, 8, 19], [19, 12, 20, 13], [13, 6, 14, 7]]"
11a_85_72,"[[13, 6, 14, 7], [1, 15, 2, 14], [5, 21, 6, 20], [3, 1, 4, 22], [21, 5, 22, 4], [15, 3, 16, 2], [9, 17, 10, 16], [11, 9, 12, 8], [17, 11, 18, 10], [7, 18, 8, 19], [19, 12, 20, 13]]"
11a_85_73,"[[19, 12, 20, 13], [13, 6, 14, 7], [1, 15, 2, 14], [5, 21, 6, 20], [3, 1, 4, 22], [21, 5, 22, 4], [15, 3, 16, 2], [9, 17, 10, 16], [11, 9, 12, 8], [17, 11, 18, 10], [7, 18, 8, 19]]"
11a_85_74,"[[7, 18, 8, 19], [19, 12, 20, 13], [13, 6, 14, 7], [1, 15, 2, 14], [5, 21, 6, 20], [3, 1, 4, 22], [21, 5, 22, 4], [15, 3, 16, 2], [9, 17, 10, 16], [11, 9, 12, 8], [17, 11, 18, 10]]"
11a_85_75,"[[17, 11, 18, 10], [7, 18, 8, 19], [19, 12, 20, 13], [13, 6, 14, 7], [1, 15, 2, 14], [5, 21, 6, 20], [3, 1, 4, 22], [21, 5, 22, 4], [15, 3, 16, 2], [9, 17, 10, 16], [11, 9, 12, 8]]"
11a_85_76,"[[11, 9, 12, 8], [17, 11, 18, 10], [7, 18, 8, 19], [19, 12, 20, 13], [13, 6, 14, 7], [1, 15, 2, 14], [5, 21, 6, 20], [3, 1, 4, 22], [21, 5, 22, 4], [15, 3, 16, 2], [9, 17, 10, 16]]"
11a_85_77,"[[10, 18, 11, 17], [12, 10, 13, 9], [18, 12, 19, 11], [8, 19, 9, 20], [20, 13, 21, 14], [14, 7, 15, 8], [2, 16, 3, 15], [6, 22, 7, 21], [4, 2, 5, 1], [22, 6, 1, 5], [16, 4, 17, 3]]"
11a_85_78,"[[16, 4, 17, 3], [10, 18, 11, 17], [12, 10, 13, 9], [18, 12, 19, 11], [8, 19, 9, 20], [20, 13, 21, 14], [14, 7, 15, 8], [2, 16, 3, 15], [6, 22, 7, 21], [4, 2, 5, 1], [22, 6, 1, 5]]"
11a_85_79,"[[22, 6, 1, 5], [16, 4, 17, 3], [10, 18, 11, 17], [12, 10, 13, 9], [18, 12, 19, 11], [8, 19, 9, 20], [20, 13, 21, 14], [14, 7, 15, 8], [2, 16, 3, 15], [6, 22, 7, 21], [4, 2, 5, 1]]"
11a_85_80,"[[4, 2, 5, 1], [22, 6, 1, 5], [16, 4, 17, 3], [10, 18, 11, 17], [12, 10, 13, 9], [18, 12, 19, 11], [8, 19, 9, 20], [20, 13, 21, 14], [14, 7, 15, 8], [2, 16, 3, 15], [6, 22, 7, 21]]"
11a_85_81,"[[6, 22, 7, 21], [4, 2, 5, 1], [22, 6, 1, 5], [16, 4, 17, 3], [10, 18, 11, 17], [12, 10, 13, 9], [18, 12, 19, 11], [8, 19, 9, 20], [20, 13, 21, 14], [14, 7, 15, 8], [2, 16, 3, 15]]"
11a_85_82,"[[2, 16, 3, 15], [6, 22, 7, 21], [4, 2, 5, 1], [22, 6, 1, 5], [16, 4, 17, 3], [10, 18, 11, 17], [12, 10, 13, 9], [18, 12, 19, 11], [8, 19, 9, 20], [20, 13, 21, 14], [14, 7, 15, 8]]"
11a_85_83,"[[14, 7, 15, 8], [2, 16, 3, 15], [6, 22, 7, 21], [4, 2, 5, 1], [22, 6, 1, 5], [16, 4, 17, 3], [10, 18, 11, 17], [12, 10, 13, 9], [18, 12, 19, 11], [8, 19, 9, 20], [20, 13, 21, 14]]"
11a_85_84,"[[20, 13, 21, 14], [14, 7, 15, 8], [2, 16, 3, 15], [6, 22, 7, 21], [4, 2, 5, 1], [22, 6, 1, 5], [16, 4, 17, 3], [10, 18, 11, 17], [12, 10, 13, 9], [18, 12, 19, 11], [8, 19, 9, 20]]"
11a_85_85,"[[8, 19, 9, 20], [20, 13, 21, 14], [14, 7, 15, 8], [2, 16, 3, 15], [6, 22, 7, 21], [4, 2, 5, 1], [22, 6, 1, 5], [16, 4, 17, 3], [10, 18, 11, 17], [12, 10, 13, 9], [18, 12, 19, 11]]"
11a_85_86,"[[18, 12, 19, 11], [8, 19, 9, 20], [20, 13, 21, 14], [14, 7, 15, 8], [2, 16, 3, 15], [6, 22, 7, 21], [4, 2, 5, 1], [22, 6, 1, 5], [16, 4, 17, 3], [10, 18, 11, 17], [12, 10, 13, 9]]"
11a_85_87,"[[12, 10, 13, 9], [18, 12, 19, 11], [8, 19, 9, 20], [20, 13, 21, 14], [14, 7, 15, 8], [2, 16, 3, 15], [6, 22, 7, 21], [4, 2, 5, 1], [22, 6, 1, 5], [16, 4, 17, 3], [10, 18, 11, 17]]"
11a_85_88,"[[11, 19, 12, 18], [13, 11, 14, 10], [19, 13, 20, 12], [9, 20, 10, 21], [21, 14, 22, 15], [15, 8, 16, 9], [3, 17, 4, 16], [7, 1, 8, 22], [5, 3, 6, 2], [1, 7, 2, 6], [17, 5, 18, 4]]"
11a_85_89,"[[17, 5, 18, 4], [11, 19, 12, 18], [13, 11, 14, 10], [19, 13, 20, 12], [9, 20, 10, 21], [21, 14, 22, 15], [15, 8, 16, 9], [3, 17, 4, 16], [7, 1, 8, 22], [5, 3, 6, 2], [1, 7, 2, 6]]"
11a_85_90,"[[1, 7, 2, 6], [17, 5, 18, 4], [11, 19, 12, 18], [13, 11, 14, 10], [19, 13, 20, 12], [9, 20, 10, 21], [21, 14, 22, 15], [15, 8, 16, 9], [3, 17, 4, 16], [7, 1, 8, 22], [5, 3, 6, 2]]"
11a_85_91,"[[5, 3, 6, 2], [1, 7, 2, 6], [17, 5, 18, 4], [11, 19, 12, 18], [13, 11, 14, 10], [19, 13, 20, 12], [9, 20, 10, 21], [21, 14, 22, 15], [15, 8, 16, 9], [3, 17, 4, 16], [7, 1, 8, 22]]"
11a_85_92,"[[7, 1, 8, 22], [5, 3, 6, 2], [1, 7, 2, 6], [17, 5, 18, 4], [11, 19, 12, 18], [13, 11, 14, 10], [19, 13, 20, 12], [9, 20, 10, 21], [21, 14, 22, 15], [15, 8, 16, 9], [3, 17, 4, 16]]"
11a_85_93,"[[3, 17, 4, 16], [7, 1, 8, 22], [5, 3, 6, 2], [1, 7, 2, 6], [17, 5, 18, 4], [11, 19, 12, 18], [13, 11, 14, 10], [19, 13, 20, 12], [9, 20, 10, 21], [21, 14, 22, 15], [15, 8, 16, 9]]"
11a_85_94,"[[15, 8, 16, 9], [3, 17, 4, 16], [7, 1, 8, 22], [5, 3, 6, 2], [1, 7, 2, 6], [17, 5, 18, 4], [11, 19, 12, 18], [13, 11, 14, 10], [19, 13, 20, 12], [9, 20, 10, 21], [21, 14, 22, 15]]"
11a_85_95,"[[21, 14, 22, 15], [15, 8, 16, 9], [3, 17, 4, 16], [7, 1, 8, 22], [5, 3, 6, 2], [1, 7, 2, 6], [17, 5, 18, 4], [11, 19, 12, 18], [13, 11, 14, 10], [19, 13, 20, 12], [9, 20, 10, 21]]"
11a_85_96,"[[9, 20, 10, 21], [21, 14, 22, 15], [15, 8, 16, 9], [3, 17, 4, 16], [7, 1, 8, 22], [5, 3, 6, 2], [1, 7, 2, 6], [17, 5, 18, 4], [11, 19, 12, 18], [13, 11, 14, 10], [19, 13, 20, 12]]"
11a_85_97,"[[19, 13, 20, 12], [9, 20, 10, 21], [21, 14, 22, 15], [15, 8, 16, 9], [3, 17, 4, 16], [7, 1, 8, 22], [5, 3, 6, 2], [1, 7, 2, 6], [17, 5, 18, 4], [11, 19, 12, 18], [13, 11, 14, 10]]"
11a_85_98,"[[13, 11, 14, 10], [19, 13, 20, 12], [9, 20, 10, 21], [21, 14, 22, 15], [15, 8, 16, 9], [3, 17, 4, 16], [7, 1, 8, 22], [5, 3, 6, 2], [1, 7, 2, 6], [17, 5, 18, 4], [11, 19, 12, 18]]"
11a_85_99,"[[12, 20, 13, 19], [14, 12, 15, 11], [20, 14, 21, 13], [10, 21, 11, 22], [22, 15, 1, 16], [16, 9, 17, 10], [4, 18, 5, 17], [8, 2, 9, 1], [6, 4, 7, 3], [2, 8, 3, 7], [18, 6, 19, 5]]"
11a_85_100,"[[18, 6, 19, 5], [12, 20, 13, 19], [14, 12, 15, 11], [20, 14, 21, 13], [10, 21, 11, 22], [22, 15, 1, 16], [16, 9, 17, 10], [4, 18, 5, 17], [8, 2, 9, 1], [6, 4, 7, 3], [2, 8, 3, 7]]"
11a_85_101,"[[2, 8, 3, 7], [18, 6, 19, 5], [12, 20, 13, 19], [14, 12, 15, 11], [20, 14, 21, 13], [10, 21, 11, 22], [22, 15, 1, 16], [16, 9, 17, 10], [4, 18, 5, 17], [8, 2, 9, 1], [6, 4, 7, 3]]"
11a_85_102,"[[6, 4, 7, 3], [2, 8, 3, 7], [18, 6, 19, 5], [12, 20, 13, 19], [14, 12, 15, 11], [20, 14, 21, 13], [10, 21, 11, 22], [22, 15, 1, 16], [16, 9, 17, 10], [4, 18, 5, 17], [8, 2, 9, 1]]"
11a_85_103,"[[8, 2, 9, 1], [6, 4, 7, 3], [2, 8, 3, 7], [18, 6, 19, 5], [12, 20, 13, 19], [14, 12, 15, 11], [20, 14, 21, 13], [10, 21, 11, 22], [22, 15, 1, 16], [16, 9, 17, 10], [4, 18, 5, 17]]"
11a_85_104,"[[4, 18, 5, 17], [8, 2, 9, 1], [6, 4, 7, 3], [2, 8, 3, 7], [18, 6, 19, 5], [12, 20, 13, 19], [14, 12, 15, 11], [20, 14, 21, 13], [10, 21, 11, 22], [22, 15, 1, 16], [16, 9, 17, 10]]"
11a_85_105,"[[16, 9, 17, 10], [4, 18, 5, 17], [8, 2, 9, 1], [6, 4, 7, 3], [2, 8, 3, 7], [18, 6, 19, 5], [12, 20, 13, 19], [14, 12, 15, 11], [20, 14, 21, 13], [10, 21, 11, 22], [22, 15, 1, 16]]"
11a_85_106,"[[22, 15, 1, 16], [16, 9, 17, 10], [4, 18, 5, 17], [8, 2, 9, 1], [6, 4, 7, 3], [2, 8, 3, 7], [18, 6, 19, 5], [12, 20, 13, 19], [14, 12, 15, 11], [20, 14, 21, 13], [10, 21, 11, 22]]"
11a_85_107,"[[10, 21, 11, 22], [22, 15, 1, 16], [16, 9, 17, 10], [4, 18, 5, 17], [8, 2, 9, 1], [6, 4, 7, 3], [2, 8, 3, 7], [18, 6, 19, 5], [12, 20, 13, 19], [14, 12, 15, 11], [20, 14, 21, 13]]"
11a_85_108,"[[20, 14, 21, 13], [10, 21, 11, 22], [22, 15, 1, 16], [16, 9, 17, 10], [4, 18, 5, 17], [8, 2, 9, 1], [6, 4, 7, 3], [2, 8, 3, 7], [18, 6, 19, 5], [12, 20, 13, 19], [14, 12, 15, 11]]"
11a_85_109,"[[14, 12, 15, 11], [20, 14, 21, 13], [10, 21, 11, 22], [22, 15, 1, 16], [16, 9, 17, 10], [4, 18, 5, 17], [8, 2, 9, 1], [6, 4, 7, 3], [2, 8, 3, 7], [18, 6, 19, 5], [12, 20, 13, 19]]"
11a_85_110,"[[13, 21, 14, 20], [15, 13, 16, 12], [21, 15, 22, 14], [11, 22, 12, 1], [1, 16, 2, 17], [17, 10, 18, 11], [5, 19, 6, 18], [9, 3, 10, 2], [7, 5, 8, 4], [3, 9, 4, 8], [19, 7, 20, 6]]"
11a_85_111,"[[19, 7, 20, 6], [13, 21, 14, 20], [15, 13, 16, 12], [21, 15, 22, 14], [11, 22, 12, 1], [1, 16, 2, 17], [17, 10, 18, 11], [5, 19, 6, 18], [9, 3, 10, 2], [7, 5, 8, 4], [3, 9, 4, 8]]"
11a_85_112,"[[3, 9, 4, 8], [19, 7, 20, 6], [13, 21, 14, 20], [15, 13, 16, 12], [21, 15, 22, 14], [11, 22, 12, 1], [1, 16, 2, 17], [17, 10, 18, 11], [5, 19, 6, 18], [9, 3, 10, 2], [7, 5, 8, 4]]"
11a_85_113,"[[7, 5, 8, 4], [3, 9, 4, 8], [19, 7, 20, 6], [13, 21, 14, 20], [15, 13, 16, 12], [21, 15, 22, 14], [11, 22, 12, 1], [1, 16, 2, 17], [17, 10, 18, 11], [5, 19, 6, 18], [9, 3, 10, 2]]"
11a_85_114,"[[9, 3, 10, 2], [7, 5, 8, 4], [3, 9, 4, 8], [19, 7, 20, 6], [13, 21, 14, 20], [15, 13, 16, 12], [21, 15, 22, 14], [11, 22, 12, 1], [1, 16, 2, 17], [17, 10, 18, 11], [5, 19, 6, 18]]"
11a_85_115,"[[5, 19, 6, 18], [9, 3, 10, 2], [7, 5, 8, 4], [3, 9, 4, 8], [19, 7, 20, 6], [13, 21, 14, 20], [15, 13, 16, 12], [21, 15, 22, 14], [11, 22, 12, 1], [1, 16, 2, 17], [17, 10, 18, 11]]"
11a_85_116,"[[17, 10, 18, 11], [5, 19, 6, 18], [9, 3, 10, 2], [7, 5, 8, 4], [3, 9, 4, 8], [19, 7, 20, 6], [13, 21, 14, 20], [15, 13, 16, 12], [21, 15, 22, 14], [11, 22, 12, 1], [1, 16, 2, 17]]"
11a_85_117,"[[1, 16, 2, 17], [17, 10, 18, 11], [5, 19, 6, 18], [9, 3, 10, 2], [7, 5, 8, 4], [3, 9, 4, 8], [19, 7, 20, 6], [13, 21, 14, 20], [15, 13, 16, 12], [21, 15, 22, 14], [11, 22, 12, 1]]"
11a_85_118,"[[11, 22, 12, 1], [1, 16, 2, 17], [17, 10, 18, 11], [5, 19, 6, 18], [9, 3, 10, 2], [7, 5, 8, 4], [3, 9, 4, 8], [19, 7, 20, 6], [13, 21, 14, 20], [15, 13, 16, 12], [21, 15, 22, 14]]"
11a_85_119,"[[21, 15, 22, 14], [11, 22, 12, 1], [1, 16, 2, 17], [17, 10, 18, 11], [5, 19, 6, 18], [9, 3, 10, 2], [7, 5, 8, 4], [3, 9, 4, 8], [19, 7, 20, 6], [13, 21, 14, 20], [15, 13, 16, 12]]"
11a_85_120,"[[15, 13, 16, 12], [21, 15, 22, 14], [11, 22, 12, 1], [1, 16, 2, 17], [17, 10, 18, 11], [5, 19, 6, 18], [9, 3, 10, 2], [7, 5, 8, 4], [3, 9, 4, 8], [19, 7, 20, 6], [13, 21, 14, 20]]"
11a_85_121,"[[14, 22, 15, 21], [16, 14, 17, 13], [22, 16, 1, 15], [12, 1, 13, 2], [2, 17, 3, 18], [18, 11, 19, 12], [6, 20, 7, 19], [10, 4, 11, 3], [8, 6, 9, 5], [4, 10, 5, 9], [20, 8, 21, 7]]"
11a_85_122,"[[20, 8, 21, 7], [14, 22, 15, 21], [16, 14, 17, 13], [22, 16, 1, 15], [12, 1, 13, 2], [2, 17, 3, 18], [18, 11, 19, 12], [6, 20, 7, 19], [10, 4, 11, 3], [8, 6, 9, 5], [4, 10, 5, 9]]"
11a_85_123,"[[4, 10, 5, 9], [20, 8, 21, 7], [14, 22, 15, 21], [16, 14, 17, 13], [22, 16, 1, 15], [12, 1, 13, 2], [2, 17, 3, 18], [18, 11, 19, 12], [6, 20, 7, 19], [10, 4, 11, 3], [8, 6, 9, 5]]"
11a_85_124,"[[8, 6, 9, 5], [4, 10, 5, 9], [20, 8, 21, 7], [14, 22, 15, 21], [16, 14, 17, 13], [22, 16, 1, 15], [12, 1, 13, 2], [2, 17, 3, 18], [18, 11, 19, 12], [6, 20, 7, 19], [10, 4, 11, 3]]"
11a_85_125,"[[10, 4, 11, 3], [8, 6, 9, 5], [4, 10, 5, 9], [20, 8, 21, 7], [14, 22, 15, 21], [16, 14, 17, 13], [22, 16, 1, 15], [12, 1, 13, 2], [2, 17, 3, 18], [18, 11, 19, 12], [6, 20, 7, 19]]"
11a_85_126,"[[6, 20, 7, 19], [10, 4, 11, 3], [8, 6, 9, 5], [4, 10, 5, 9], [20, 8, 21, 7], [14, 22, 15, 21], [16, 14, 17, 13], [22, 16, 1, 15], [12, 1, 13, 2], [2, 17, 3, 18], [18, 11, 19, 12]]"
11a_85_127,"[[18, 11, 19, 12], [6, 20, 7, 19], [10, 4, 11, 3], [8, 6, 9, 5], [4, 10, 5, 9], [20, 8, 21, 7], [14, 22, 15, 21], [16, 14, 17, 13], [22, 16, 1, 15], [12, 1, 13, 2], [2, 17, 3, 18]]"
11a_85_128,"[[2, 17, 3, 18], [18, 11, 19, 12], [6, 20, 7, 19], [10, 4, 11, 3], [8, 6, 9, 5], [4, 10, 5, 9], [20, 8, 21, 7], [14, 22, 15, 21], [16, 14, 17, 13], [22, 16, 1, 15], [12, 1, 13, 2]]"
11a_85_129,"[[12, 1, 13, 2], [2, 17, 3, 18], [18, 11, 19, 12], [6, 20, 7, 19], [10, 4, 11, 3], [8, 6, 9, 5], [4, 10, 5, 9], [20, 8, 21, 7], [14, 22, 15, 21], [16, 14, 17, 13], [22, 16, 1, 15]]"
11a_85_130,"[[22, 16, 1, 15], [12, 1, 13, 2], [2, 17, 3, 18], [18, 11, 19, 12], [6, 20, 7, 19], [10, 4, 11, 3], [8, 6, 9, 5], [4, 10, 5, 9], [20, 8, 21, 7], [14, 22, 15, 21], [16, 14, 17, 13]]"
11a_85_131,"[[16, 14, 17, 13], [22, 16, 1, 15], [12, 1, 13, 2], [2, 17, 3, 18], [18, 11, 19, 12], [6, 20, 7, 19], [10, 4, 11, 3], [8, 6, 9, 5], [4, 10, 5, 9], [20, 8, 21, 7], [14, 22, 15, 21]]"
11a_85_132,"[[15, 1, 16, 22], [17, 15, 18, 14], [1, 17, 2, 16], [13, 2, 14, 3], [3, 18, 4, 19], [19, 12, 20, 13], [7, 21, 8, 20], [11, 5, 12, 4], [9, 7, 10, 6], [5, 11, 6, 10], [21, 9, 22, 8]]"
11a_85_133,"[[21, 9, 22, 8], [15, 1, 16, 22], [17, 15, 18, 14], [1, 17, 2, 16], [13, 2, 14, 3], [3, 18, 4, 19], [19, 12, 20, 13], [7, 21, 8, 20], [11, 5, 12, 4], [9, 7, 10, 6], [5, 11, 6, 10]]"
11a_85_134,"[[5, 11, 6, 10], [21, 9, 22, 8], [15, 1, 16, 22], [17, 15, 18, 14], [1, 17, 2, 16], [13, 2, 14, 3], [3, 18, 4, 19], [19, 12, 20, 13], [7, 21, 8, 20], [11, 5, 12, 4], [9, 7, 10, 6]]"
11a_85_135,"[[9, 7, 10, 6], [5, 11, 6, 10], [21, 9, 22, 8], [15, 1, 16, 22], [17, 15, 18, 14], [1, 17, 2, 16], [13, 2, 14, 3], [3, 18, 4, 19], [19, 12, 20, 13], [7, 21, 8, 20], [11, 5, 12, 4]]"
11a_85_136,"[[11, 5, 12, 4], [9, 7, 10, 6], [5, 11, 6, 10], [21, 9, 22, 8], [15, 1, 16, 22], [17, 15, 18, 14], [1, 17, 2, 16], [13, 2, 14, 3], [3, 18, 4, 19], [19, 12, 20, 13], [7, 21, 8, 20]]"
11a_85_137,"[[7, 21, 8, 20], [11, 5, 12, 4], [9, 7, 10, 6], [5, 11, 6, 10], [21, 9, 22, 8], [15, 1, 16, 22], [17, 15, 18, 14], [1, 17, 2, 16], [13, 2, 14, 3], [3, 18, 4, 19], [19, 12, 20, 13]]"
11a_85_138,"[[19, 12, 20, 13], [7, 21, 8, 20], [11, 5, 12, 4], [9, 7, 10, 6], [5, 11, 6, 10], [21, 9, 22, 8], [15, 1, 16, 22], [17, 15, 18, 14], [1, 17, 2, 16], [13, 2, 14, 3], [3, 18, 4, 19]]"
11a_85_139,"[[3, 18, 4, 19], [19, 12, 20, 13], [7, 21, 8, 20], [11, 5, 12, 4], [9, 7, 10, 6], [5, 11, 6, 10], [21, 9, 22, 8], [15, 1, 16, 22], [17, 15, 18, 14], [1, 17, 2, 16], [13, 2, 14, 3]]"
11a_85_140,"[[13, 2, 14, 3], [3, 18, 4, 19], [19, 12, 20, 13], [7, 21, 8, 20], [11, 5, 12, 4], [9, 7, 10, 6], [5, 11, 6, 10], [21, 9, 22, 8], [15, 1, 16, 22], [17, 15, 18, 14], [1, 17, 2, 16]]"
11a_85_141,"[[1, 17, 2, 16], [13, 2, 14, 3], [3, 18, 4, 19], [19, 12, 20, 13], [7, 21, 8, 20], [11, 5, 12, 4], [9, 7, 10, 6], [5, 11, 6, 10], [21, 9, 22, 8], [15, 1, 16, 22], [17, 15, 18, 14]]"
11a_85_142,"[[17, 15, 18, 14], [1, 17, 2, 16], [13, 2, 14, 3], [3, 18, 4, 19], [19, 12, 20, 13], [7, 21, 8, 20], [11, 5, 12, 4], [9, 7, 10, 6], [5, 11, 6, 10], [21, 9, 22, 8], [15, 1, 16, 22]]"
11a_85_143,"[[16, 2, 17, 1], [18, 16, 19, 15], [2, 18, 3, 17], [14, 3, 15, 4], [4, 19, 5, 20], [20, 13, 21, 14], [8, 22, 9, 21], [12, 6, 13, 5], [10, 8, 11, 7], [6, 12, 7, 11], [22, 10, 1, 9]]"
11a_85_144,"[[22, 10, 1, 9], [16, 2, 17, 1], [18, 16, 19, 15], [2, 18, 3, 17], [14, 3, 15, 4], [4, 19, 5, 20], [20, 13, 21, 14], [8, 22, 9, 21], [12, 6, 13, 5], [10, 8, 11, 7], [6, 12, 7, 11]]"
11a_85_145,"[[6, 12, 7, 11], [22, 10, 1, 9], [16, 2, 17, 1], [18, 16, 19, 15], [2, 18, 3, 17], [14, 3, 15, 4], [4, 19, 5, 20], [20, 13, 21, 14], [8, 22, 9, 21], [12, 6, 13, 5], [10, 8, 11, 7]]"
11a_85_146,"[[10, 8, 11, 7], [6, 12, 7, 11], [22, 10, 1, 9], [16, 2, 17, 1], [18, 16, 19, 15], [2, 18, 3, 17], [14, 3, 15, 4], [4, 19, 5, 20], [20, 13, 21, 14], [8, 22, 9, 21], [12, 6, 13, 5]]"
11a_85_147,"[[12, 6, 13, 5], [10, 8, 11, 7], [6, 12, 7, 11], [22, 10, 1, 9], [16, 2, 17, 1], [18, 16, 19, 15], [2, 18, 3, 17], [14, 3, 15, 4], [4, 19, 5, 20], [20, 13, 21, 14], [8, 22, 9, 21]]"
11a_85_148,"[[8, 22, 9, 21], [12, 6, 13, 5], [10, 8, 11, 7], [6, 12, 7, 11], [22, 10, 1, 9], [16, 2, 17, 1], [18, 16, 19, 15], [2, 18, 3, 17], [14, 3, 15, 4], [4, 19, 5, 20], [20, 13, 21, 14]]"
11a_85_149,"[[20, 13, 21, 14], [8, 22, 9, 21], [12, 6, 13, 5], [10, 8, 11, 7], [6, 12, 7, 11], [22, 10, 1, 9], [16, 2, 17, 1], [18, 16, 19, 15], [2, 18, 3, 17], [14, 3, 15, 4], [4, 19, 5, 20]]"
11a_85_150,"[[4, 19, 5, 20], [20, 13, 21, 14], [8, 22, 9, 21], [12, 6, 13, 5], [10, 8, 11, 7], [6, 12, 7, 11], [22, 10, 1, 9], [16, 2, 17, 1], [18, 16, 19, 15], [2, 18, 3, 17], [14, 3, 15, 4]]"
11a_85_151,"[[14, 3, 15, 4], [4, 19, 5, 20], [20, 13, 21, 14], [8, 22, 9, 21], [12, 6, 13, 5], [10, 8, 11, 7], [6, 12, 7, 11], [22, 10, 1, 9], [16, 2, 17, 1], [18, 16, 19, 15], [2, 18, 3, 17]]"
11a_85_152,"[[2, 18, 3, 17], [14, 3, 15, 4], [4, 19, 5, 20], [20, 13, 21, 14], [8, 22, 9, 21], [12, 6, 13, 5], [10, 8, 11, 7], [6, 12, 7, 11], [22, 10, 1, 9], [16, 2, 17, 1], [18, 16, 19, 15]]"
11a_85_153,"[[18, 16, 19, 15], [2, 18, 3, 17], [14, 3, 15, 4], [4, 19, 5, 20], [20, 13, 21, 14], [8, 22, 9, 21], [12, 6, 13, 5], [10, 8, 11, 7], [6, 12, 7, 11], [22, 10, 1, 9], [16, 2, 17, 1]]"
11a_85_154,"[[17, 3, 18, 2], [19, 17, 20, 16], [3, 19, 4, 18], [15, 4, 16, 5], [5, 20, 6, 21], [21, 14, 22, 15], [9, 1, 10, 22], [13, 7, 14, 6], [11, 9, 12, 8], [7, 13, 8, 12], [1, 11, 2, 10]]"
11a_85_155,"[[1, 11, 2, 10], [17, 3, 18, 2], [19, 17, 20, 16], [3, 19, 4, 18], [15, 4, 16, 5], [5, 20, 6, 21], [21, 14, 22, 15], [9, 1, 10, 22], [13, 7, 14, 6], [11, 9, 12, 8], [7, 13, 8, 12]]"
11a_85_156,"[[7, 13, 8, 12], [1, 11, 2, 10], [17, 3, 18, 2], [19, 17, 20, 16], [3, 19, 4, 18], [15, 4, 16, 5], [5, 20, 6, 21], [21, 14, 22, 15], [9, 1, 10, 22], [13, 7, 14, 6], [11, 9, 12, 8]]"
11a_85_157,"[[11, 9, 12, 8], [7, 13, 8, 12], [1, 11, 2, 10], [17, 3, 18, 2], [19, 17, 20, 16], [3, 19, 4, 18], [15, 4, 16, 5], [5, 20, 6, 21], [21, 14, 22, 15], [9, 1, 10, 22], [13, 7, 14, 6]]"
11a_85_158,"[[13, 7, 14, 6], [11, 9, 12, 8], [7, 13, 8, 12], [1, 11, 2, 10], [17, 3, 18, 2], [19, 17, 20, 16], [3, 19, 4, 18], [15, 4, 16, 5], [5, 20, 6, 21], [21, 14, 22, 15], [9, 1, 10, 22]]"
11a_85_159,"[[9, 1, 10, 22], [13, 7, 14, 6], [11, 9, 12, 8], [7, 13, 8, 12], [1, 11, 2, 10], [17, 3, 18, 2], [19, 17, 20, 16], [3, 19, 4, 18], [15, 4, 16, 5], [5, 20, 6, 21], [21, 14, 22, 15]]"
11a_85_160,"[[21, 14, 22, 15], [9, 1, 10, 22], [13, 7, 14, 6], [11, 9, 12, 8], [7, 13, 8, 12], [1, 11, 2, 10], [17, 3, 18, 2], [19, 17, 20, 16], [3, 19, 4, 18], [15, 4, 16, 5], [5, 20, 6, 21]]"
11a_85_161,"[[5, 20, 6, 21], [21, 14, 22, 15], [9, 1, 10, 22], [13, 7, 14, 6], [11, 9, 12, 8], [7, 13, 8, 12], [1, 11, 2, 10], [17, 3, 18, 2], [19, 17, 20, 16], [3, 19, 4, 18], [15, 4, 16, 5]]"
11a_85_162,"[[15, 4, 16, 5], [5, 20, 6, 21], [21, 14, 22, 15], [9, 1, 10, 22], [13, 7, 14, 6], [11, 9, 12, 8], [7, 13, 8, 12], [1, 11, 2, 10], [17, 3, 18, 2], [19, 17, 20, 16], [3, 19, 4, 18]]"
11a_85_163,"[[3, 19, 4, 18], [15, 4, 16, 5], [5, 20, 6, 21], [21, 14, 22, 15], [9, 1, 10, 22], [13, 7, 14, 6], [11, 9, 12, 8], [7, 13, 8, 12], [1, 11, 2, 10], [17, 3, 18, 2], [19, 17, 20, 16]]"
11a_85_164,"[[19, 17, 20, 16], [3, 19, 4, 18], [15, 4, 16, 5], [5, 20, 6, 21], [21, 14, 22, 15], [9, 1, 10, 22], [13, 7, 14, 6], [11, 9, 12, 8], [7, 13, 8, 12], [1, 11, 2, 10], [17, 3, 18, 2]]"
11a_85_165,"[[18, 4, 19, 3], [20, 18, 21, 17], [4, 20, 5, 19], [16, 5, 17, 6], [6, 21, 7, 22], [22, 15, 1, 16], [10, 2, 11, 1], [14, 8, 15, 7], [12, 10, 13, 9], [8, 14, 9, 13], [2, 12, 3, 11]]"
11a_85_166,"[[2, 12, 3, 11], [18, 4, 19, 3], [20, 18, 21, 17], [4, 20, 5, 19], [16, 5, 17, 6], [6, 21, 7, 22], [22, 15, 1, 16], [10, 2, 11, 1], [14, 8, 15, 7], [12, 10, 13, 9], [8, 14, 9, 13]]"
11a_85_167,"[[8, 14, 9, 13], [2, 12, 3, 11], [18, 4, 19, 3], [20, 18, 21, 17], [4, 20, 5, 19], [16, 5, 17, 6], [6, 21, 7, 22], [22, 15, 1, 16], [10, 2, 11, 1], [14, 8, 15, 7], [12, 10, 13, 9]]"
11a_85_168,"[[12, 10, 13, 9], [8, 14, 9, 13], [2, 12, 3, 11], [18, 4, 19, 3], [20, 18, 21, 17], [4, 20, 5, 19], [16, 5, 17, 6], [6, 21, 7, 22], [22, 15, 1, 16], [10, 2, 11, 1], [14, 8, 15, 7]]"
11a_85_169,"[[14, 8, 15, 7], [12, 10, 13, 9], [8, 14, 9, 13], [2, 12, 3, 11], [18, 4, 19, 3], [20, 18, 21, 17], [4, 20, 5, 19], [16, 5, 17, 6], [6, 21, 7, 22], [22, 15, 1, 16], [10, 2, 11, 1]]"
11a_85_170,"[[10, 2, 11, 1], [14, 8, 15, 7], [12, 10, 13, 9], [8, 14, 9, 13], [2, 12, 3, 11], [18, 4, 19, 3], [20, 18, 21, 17], [4, 20, 5, 19], [16, 5, 17, 6], [6, 21, 7, 22], [22, 15, 1, 16]]"
11a_85_171,"[[22, 15, 1, 16], [10, 2, 11, 1], [14, 8, 15, 7], [12, 10, 13, 9], [8, 14, 9, 13], [2, 12, 3, 11], [18, 4, 19, 3], [20, 18, 21, 17], [4, 20, 5, 19], [16, 5, 17, 6], [6, 21, 7, 22]]"
11a_85_172,"[[6, 21, 7, 22], [22, 15, 1, 16], [10, 2, 11, 1], [14, 8, 15, 7], [12, 10, 13, 9], [8, 14, 9, 13], [2, 12, 3, 11], [18, 4, 19, 3], [20, 18, 21, 17], [4, 20, 5, 19], [16, 5, 17, 6]]"
11a_85_173,"[[16, 5, 17, 6], [6, 21, 7, 22], [22, 15, 1, 16], [10, 2, 11, 1], [14, 8, 15, 7], [12, 10, 13, 9], [8, 14, 9, 13], [2, 12, 3, 11], [18, 4, 19, 3], [20, 18, 21, 17], [4, 20, 5, 19]]"
11a_85_174,"[[4, 20, 5, 19], [16, 5, 17, 6], [6, 21, 7, 22], [22, 15, 1, 16], [10, 2, 11, 1], [14, 8, 15, 7], [12, 10, 13, 9], [8, 14, 9, 13], [2, 12, 3, 11], [18, 4, 19, 3], [20, 18, 21, 17]]"
11a_85_175,"[[20, 18, 21, 17], [4, 20, 5, 19], [16, 5, 17, 6], [6, 21, 7, 22], [22, 15, 1, 16], [10, 2, 11, 1], [14, 8, 15, 7], [12, 10, 13, 9], [8, 14, 9, 13], [2, 12, 3, 11], [18, 4, 19, 3]]"
11a_85_176,"[[19, 5, 20, 4], [21, 19, 22, 18], [5, 21, 6, 20], [17, 6, 18, 7], [7, 22, 8, 1], [1, 16, 2, 17], [11, 3, 12, 2], [15, 9, 16, 8], [13, 11, 14, 10], [9, 15, 10, 14], [3, 13, 4, 12]]"
11a_85_177,"[[3, 13, 4, 12], [19, 5, 20, 4], [21, 19, 22, 18], [5, 21, 6, 20], [17, 6, 18, 7], [7, 22, 8, 1], [1, 16, 2, 17], [11, 3, 12, 2], [15, 9, 16, 8], [13, 11, 14, 10], [9, 15, 10, 14]]"
11a_85_178,"[[9, 15, 10, 14], [3, 13, 4, 12], [19, 5, 20, 4], [21, 19, 22, 18], [5, 21, 6, 20], [17, 6, 18, 7], [7, 22, 8, 1], [1, 16, 2, 17], [11, 3, 12, 2], [15, 9, 16, 8], [13, 11, 14, 10]]"
11a_85_179,"[[13, 11, 14, 10], [9, 15, 10, 14], [3, 13, 4, 12], [19, 5, 20, 4], [21, 19, 22, 18], [5, 21, 6, 20], [17, 6, 18, 7], [7, 22, 8, 1], [1, 16, 2, 17], [11, 3, 12, 2], [15, 9, 16, 8]]"
11a_85_180,"[[15, 9, 16, 8], [13, 11, 14, 10], [9, 15, 10, 14], [3, 13, 4, 12], [19, 5, 20, 4], [21, 19, 22, 18], [5, 21, 6, 20], [17, 6, 18, 7], [7, 22, 8, 1], [1, 16, 2, 17], [11, 3, 12, 2]]"
11a_85_181,"[[11, 3, 12, 2], [15, 9, 16, 8], [13, 11, 14, 10], [9, 15, 10, 14], [3, 13, 4, 12], [19, 5, 20, 4], [21, 19, 22, 18], [5, 21, 6, 20], [17, 6, 18, 7], [7, 22, 8, 1], [1, 16, 2, 17]]"
11a_85_182,"[[1, 16, 2, 17], [11, 3, 12, 2], [15, 9, 16, 8], [13, 11, 14, 10], [9, 15, 10, 14], [3, 13, 4, 12], [19, 5, 20, 4], [21, 19, 22, 18], [5, 21, 6, 20], [17, 6, 18, 7], [7, 22, 8, 1]]"
11a_85_183,"[[7, 22, 8, 1], [1, 16, 2, 17], [11, 3, 12, 2], [15, 9, 16, 8], [13, 11, 14, 10], [9, 15, 10, 14], [3, 13, 4, 12], [19, 5, 20, 4], [21, 19, 22, 18], [5, 21, 6, 20], [17, 6, 18, 7]]"
11a_85_184,"[[17, 6, 18, 7], [7, 22, 8, 1], [1, 16, 2, 17], [11, 3, 12, 2], [15, 9, 16, 8], [13, 11, 14, 10], [9, 15, 10, 14], [3, 13, 4, 12], [19, 5, 20, 4], [21, 19, 22, 18], [5, 21, 6, 20]]"
11a_85_185,"[[5, 21, 6, 20], [17, 6, 18, 7], [7, 22, 8, 1], [1, 16, 2, 17], [11, 3, 12, 2], [15, 9, 16, 8], [13, 11, 14, 10], [9, 15, 10, 14], [3, 13, 4, 12], [19, 5, 20, 4], [21, 19, 22, 18]]"
11a_85_186,"[[21, 19, 22, 18], [5, 21, 6, 20], [17, 6, 18, 7], [7, 22, 8, 1], [1, 16, 2, 17], [11, 3, 12, 2], [15, 9, 16, 8], [13, 11, 14, 10], [9, 15, 10, 14], [3, 13, 4, 12], [19, 5, 20, 4]]"
11a_85_187,"[[20, 6, 21, 5], [22, 20, 1, 19], [6, 22, 7, 21], [18, 7, 19, 8], [8, 1, 9, 2], [2, 17, 3, 18], [12, 4, 13, 3], [16, 10, 17, 9], [14, 12, 15, 11], [10, 16, 11, 15], [4, 14, 5, 13]]"
11a_85_188,"[[4, 14, 5, 13], [20, 6, 21, 5], [22, 20, 1, 19], [6, 22, 7, 21], [18, 7, 19, 8], [8, 1, 9, 2], [2, 17, 3, 18], [12, 4, 13, 3], [16, 10, 17, 9], [14, 12, 15, 11], [10, 16, 11, 15]]"
11a_85_189,"[[10, 16, 11, 15], [4, 14, 5, 13], [20, 6, 21, 5], [22, 20, 1, 19], [6, 22, 7, 21], [18, 7, 19, 8], [8, 1, 9, 2], [2, 17, 3, 18], [12, 4, 13, 3], [16, 10, 17, 9], [14, 12, 15, 11]]"
11a_85_190,"[[14, 12, 15, 11], [10, 16, 11, 15], [4, 14, 5, 13], [20, 6, 21, 5], [22, 20, 1, 19], [6, 22, 7, 21], [18, 7, 19, 8], [8, 1, 9, 2], [2, 17, 3, 18], [12, 4, 13, 3], [16, 10, 17, 9]]"
11a_85_191,"[[16, 10, 17, 9], [14, 12, 15, 11], [10, 16, 11, 15], [4, 14, 5, 13], [20, 6, 21, 5], [22, 20, 1, 19], [6, 22, 7, 21], [18, 7, 19, 8], [8, 1, 9, 2], [2, 17, 3, 18], [12, 4, 13, 3]]"
11a_85_192,"[[12, 4, 13, 3], [16, 10, 17, 9], [14, 12, 15, 11], [10, 16, 11, 15], [4, 14, 5, 13], [20, 6, 21, 5], [22, 20, 1, 19], [6, 22, 7, 21], [18, 7, 19, 8], [8, 1, 9, 2], [2, 17, 3, 18]]"
11a_85_193,"[[2, 17, 3, 18], [12, 4, 13, 3], [16, 10, 17, 9], [14, 12, 15, 11], [10, 16, 11, 15], [4, 14, 5, 13], [20, 6, 21, 5], [22, 20, 1, 19], [6, 22, 7, 21], [18, 7, 19, 8], [8, 1, 9, 2]]"
11a_85_194,"[[8, 1, 9, 2], [2, 17, 3, 18], [12, 4, 13, 3], [16, 10, 17, 9], [14, 12, 15, 11], [10, 16, 11, 15], [4, 14, 5, 13], [20, 6, 21, 5], [22, 20, 1, 19], [6, 22, 7, 21], [18, 7, 19, 8]]"
11a_85_195,"[[18, 7, 19, 8], [8, 1, 9, 2], [2, 17, 3, 18], [12, 4, 13, 3], [16, 10, 17, 9], [14, 12, 15, 11], [10, 16, 11, 15], [4, 14, 5, 13], [20, 6, 21, 5], [22, 20, 1, 19], [6, 22, 7, 21]]"
11a_85_196,"[[6, 22, 7, 21], [18, 7, 19, 8], [8, 1, 9, 2], [2, 17, 3, 18], [12, 4, 13, 3], [16, 10, 17, 9], [14, 12, 15, 11], [10, 16, 11, 15], [4, 14, 5, 13], [20, 6, 21, 5], [22, 20, 1, 19]]"
11a_85_197,"[[22, 20, 1, 19], [6, 22, 7, 21], [18, 7, 19, 8], [8, 1, 9, 2], [2, 17, 3, 18], [12, 4, 13, 3], [16, 10, 17, 9], [14, 12, 15, 11], [10, 16, 11, 15], [4, 14, 5, 13], [20, 6, 21, 5]]"
11a_85_198,"[[21, 7, 22, 6], [1, 21, 2, 20], [7, 1, 8, 22], [19, 8, 20, 9], [9, 2, 10, 3], [3, 18, 4, 19], [13, 5, 14, 4], [17, 11, 18, 10], [15, 13, 16, 12], [11, 17, 12, 16], [5, 15, 6, 14]]"
11a_85_199,"[[5, 15, 6, 14], [21, 7, 22, 6], [1, 21, 2, 20], [7, 1, 8, 22], [19, 8, 20, 9], [9, 2, 10, 3], [3, 18, 4, 19], [13, 5, 14, 4], [17, 11, 18, 10], [15, 13, 16, 12], [11, 17, 12, 16]]"
11a_85_200,"[[11, 17, 12, 16], [5, 15, 6, 14], [21, 7, 22, 6], [1, 21, 2, 20], [7, 1, 8, 22], [19, 8, 20, 9], [9, 2, 10, 3], [3, 18, 4, 19], [13, 5, 14, 4], [17, 11, 18, 10], [15, 13, 16, 12]]"
11a_85_201,"[[15, 13, 16, 12], [11, 17, 12, 16], [5, 15, 6, 14], [21, 7, 22, 6], [1, 21, 2, 20], [7, 1, 8, 22], [19, 8, 20, 9], [9, 2, 10, 3], [3, 18, 4, 19], [13, 5, 14, 4], [17, 11, 18, 10]]"
11a_85_202,"[[17, 11, 18, 10], [15, 13, 16, 12], [11, 17, 12, 16], [5, 15, 6, 14], [21, 7, 22, 6], [1, 21, 2, 20], [7, 1, 8, 22], [19, 8, 20, 9], [9, 2, 10, 3], [3, 18, 4, 19], [13, 5, 14, 4]]"
11a_85_203,"[[13, 5, 14, 4], [17, 11, 18, 10], [15, 13, 16, 12], [11, 17, 12, 16], [5, 15, 6, 14], [21, 7, 22, 6], [1, 21, 2, 20], [7, 1, 8, 22], [19, 8, 20, 9], [9, 2, 10, 3], [3, 18, 4, 19]]"
11a_85_204,"[[3, 18, 4, 19], [13, 5, 14, 4], [17, 11, 18, 10], [15, 13, 16, 12], [11, 17, 12, 16], [5, 15, 6, 14], [21, 7, 22, 6], [1, 21, 2, 20], [7, 1, 8, 22], [19, 8, 20, 9], [9, 2, 10, 3]]"
