name,pd_notation
11a_67_0,"[[11, 19, 12, 18], [5, 3, 6, 2], [13, 9, 14, 8], [9, 4, 10, 5], [3, 10, 4, 11], [21, 16, 22, 17], [17, 6, 18, 7], [7, 20, 8, 21], [1, 14, 2, 15], [15, 22, 16, 1], [19, 13, 20, 12]]"
11a_67_1,"[[19, 13, 20, 12], [11, 19, 12, 18], [5, 3, 6, 2], [13, 9, 14, 8], [9, 4, 10, 5], [3, 10, 4, 11], [21, 16, 22, 17], [17, 6, 18, 7], [7, 20, 8, 21], [1, 14, 2, 15], [15, 22, 16, 1]]"
11a_67_2,"[[15, 22, 16, 1], [19, 13, 20, 12], [11, 19, 12, 18], [5, 3, 6, 2], [13, 9, 14, 8], [9, 4, 10, 5], [3, 10, 4, 11], [21, 16, 22, 17], [17, 6, 18, 7], [7, 20, 8, 21], [1, 14, 2, 15]]"
11a_67_3,"[[1, 14, 2, 15], [15, 22, 16, 1], [19, 13, 20, 12], [11, 19, 12, 18], [5, 3, 6, 2], [13, 9, 14, 8], [9, 4, 10, 5], [3, 10, 4, 11], [21, 16, 22, 17], [17, 6, 18, 7], [7, 20, 8, 21]]"
11a_67_4,"[[7, 20, 8, 21], [1, 14, 2, 15], [15, 22, 16, 1], [19, 13, 20, 12], [11, 19, 12, 18], [5, 3, 6, 2], [13, 9, 14, 8], [9, 4, 10, 5], [3, 10, 4, 11], [21, 16, 22, 17], [17, 6, 18, 7]]"
11a_67_5,"[[17, 6, 18, 7], [7, 20, 8, 21], [1, 14, 2, 15], [15, 22, 16, 1], [19, 13, 20, 12], [11, 19, 12, 18], [5, 3, 6, 2], [13, 9, 14, 8], [9, 4, 10, 5], [3, 10, 4, 11], [21, 16, 22, 17]]"
11a_67_6,"[[21, 16, 22, 17], [17, 6, 18, 7], [7, 20, 8, 21], [1, 14, 2, 15], [15, 22, 16, 1], [19, 13, 20, 12], [11, 19, 12, 18], [5, 3, 6, 2], [13, 9, 14, 8], [9, 4, 10, 5], [3, 10, 4, 11]]"
11a_67_7,"[[3, 10, 4, 11], [21, 16, 22, 17], [17, 6, 18, 7], [7, 20, 8, 21], [1, 14, 2, 15], [15, 22, 16, 1], [19, 13, 20, 12], [11, 19, 12, 18], [5, 3, 6, 2], [13, 9, 14, 8], [9, 4, 10, 5]]"
11a_67_8,"[[9, 4, 10, 5], [3, 10, 4, 11], [21, 16, 22, 17], [17, 6, 18, 7], [7, 20, 8, 21], [1, 14, 2, 15], [15, 22, 16, 1], [19, 13, 20, 12], [11, 19, 12, 18], [5, 3, 6, 2], [13, 9, 14, 8]]"
11a_67_9,"[[13, 9, 14, 8], [9, 4, 10, 5], [3, 10, 4, 11], [21, 16, 22, 17], [17, 6, 18, 7], [7, 20, 8, 21], [1, 14, 2, 15], [15, 22, 16, 1], [19, 13, 20, 12], [11, 19, 12, 18], [5, 3, 6, 2]]"
11a_67_10,"[[5, 3, 6, 2], [13, 9, 14, 8], [9, 4, 10, 5], [3, 10, 4, 11], [21, 16, 22, 17], [17, 6, 18, 7], [7, 20, 8, 21], [1, 14, 2, 15], [15, 22, 16, 1], [19, 13, 20, 12], [11, 19, 12, 18]]"
11a_67_11,"[[12, 20, 13, 19], [6, 4, 7, 3], [14, 10, 15, 9], [10, 5, 11, 6], [4, 11, 5, 12], [22, 17, 1, 18], [18, 7, 19, 8], [8, 21, 9, 22], [2, 15, 3, 16], [16, 1, 17, 2], [20, 14, 21, 13]]"
11a_67_12,"[[20, 14, 21, 13], [12, 20, 13, 19], [6, 4, 7, 3], [14, 10, 15, 9], [10, 5, 11, 6], [4, 11, 5, 12], [22, 17, 1, 18], [18, 7, 19, 8], [8, 21, 9, 22], [2, 15, 3, 16], [16, 1, 17, 2]]"
11a_67_13,"[[16, 1, 17, 2], [20, 14, 21, 13], [12, 20, 13, 19], [6, 4, 7, 3], [14, 10, 15, 9], [10, 5, 11, 6], [4, 11, 5, 12], [22, 17, 1, 18], [18, 7, 19, 8], [8, 21, 9, 22], [2, 15, 3, 16]]"
11a_67_14,"[[2, 15, 3, 16], [16, 1, 17, 2], [20, 14, 21, 13], [12, 20, 13, 19], [6, 4, 7, 3], [14, 10, 15, 9], [10, 5, 11, 6], [4, 11, 5, 12], [22, 17, 1, 18], [18, 7, 19, 8], [8, 21, 9, 22]]"
11a_67_15,"[[8, 21, 9, 22], [2, 15, 3, 16], [16, 1, 17, 2], [20, 14, 21, 13], [12, 20, 13, 19], [6, 4, 7, 3], [14, 10, 15, 9], [10, 5, 11, 6], [4, 11, 5, 12], [22, 17, 1, 18], [18, 7, 19, 8]]"
11a_67_16,"[[18, 7, 19, 8], [8, 21, 9, 22], [2, 15, 3, 16], [16, 1, 17, 2], [20, 14, 21, 13], [12, 20, 13, 19], [6, 4, 7, 3], [14, 10, 15, 9], [10, 5, 11, 6], [4, 11, 5, 12], [22, 17, 1, 18]]"
11a_67_17,"[[22, 17, 1, 18], [18, 7, 19, 8], [8, 21, 9, 22], [2, 15, 3, 16], [16, 1, 17, 2], [20, 14, 21, 13], [12, 20, 13, 19], [6, 4, 7, 3], [14, 10, 15, 9], [10, 5, 11, 6], [4, 11, 5, 12]]"
11a_67_18,"[[4, 11, 5, 12], [22, 17, 1, 18], [18, 7, 19, 8], [8, 21, 9, 22], [2, 15, 3, 16], [16, 1, 17, 2], [20, 14, 21, 13], [12, 20, 13, 19], [6, 4, 7, 3], [14, 10, 15, 9], [10, 5, 11, 6]]"
11a_67_19,"[[10, 5, 11, 6], [4, 11, 5, 12], [22, 17, 1, 18], [18, 7, 19, 8], [8, 21, 9, 22], [2, 15, 3, 16], [16, 1, 17, 2], [20, 14, 21, 13], [12, 20, 13, 19], [6, 4, 7, 3], [14, 10, 15, 9]]"
11a_67_20,"[[14, 10, 15, 9], [10, 5, 11, 6], [4, 11, 5, 12], [22, 17, 1, 18], [18, 7, 19, 8], [8, 21, 9, 22], [2, 15, 3, 16], [16, 1, 17, 2], [20, 14, 21, 13], [12, 20, 13, 19], [6, 4, 7, 3]]"
11a_67_21,"[[6, 4, 7, 3], [14, 10, 15, 9], [10, 5, 11, 6], [4, 11, 5, 12], [22, 17, 1, 18], [18, 7, 19, 8], [8, 21, 9, 22], [2, 15, 3, 16], [16, 1, 17, 2], [20, 14, 21, 13], [12, 20, 13, 19]]"
11a_67_22,"[[13, 21, 14, 20], [7, 5, 8, 4], [15, 11, 16, 10], [11, 6, 12, 7], [5, 12, 6, 13], [1, 18, 2, 19], [19, 8, 20, 9], [9, 22, 10, 1], [3, 16, 4, 17], [17, 2, 18, 3], [21, 15, 22, 14]]"
11a_67_23,"[[21, 15, 22, 14], [13, 21, 14, 20], [7, 5, 8, 4], [15, 11, 16, 10], [11, 6, 12, 7], [5, 12, 6, 13], [1, 18, 2, 19], [19, 8, 20, 9], [9, 22, 10, 1], [3, 16, 4, 17], [17, 2, 18, 3]]"
11a_67_24,"[[17, 2, 18, 3], [21, 15, 22, 14], [13, 21, 14, 20], [7, 5, 8, 4], [15, 11, 16, 10], [11, 6, 12, 7], [5, 12, 6, 13], [1, 18, 2, 19], [19, 8, 20, 9], [9, 22, 10, 1], [3, 16, 4, 17]]"
11a_67_25,"[[3, 16, 4, 17], [17, 2, 18, 3], [21, 15, 22, 14], [13, 21, 14, 20], [7, 5, 8, 4], [15, 11, 16, 10], [11, 6, 12, 7], [5, 12, 6, 13], [1, 18, 2, 19], [19, 8, 20, 9], [9, 22, 10, 1]]"
11a_67_26,"[[9, 22, 10, 1], [3, 16, 4, 17], [17, 2, 18, 3], [21, 15, 22, 14], [13, 21, 14, 20], [7, 5, 8, 4], [15, 11, 16, 10], [11, 6, 12, 7], [5, 12, 6, 13], [1, 18, 2, 19], [19, 8, 20, 9]]"
11a_67_27,"[[19, 8, 20, 9], [9, 22, 10, 1], [3, 16, 4, 17], [17, 2, 18, 3], [21, 15, 22, 14], [13, 21, 14, 20], [7, 5, 8, 4], [15, 11, 16, 10], [11, 6, 12, 7], [5, 12, 6, 13], [1, 18, 2, 19]]"
11a_67_28,"[[1, 18, 2, 19], [19, 8, 20, 9], [9, 22, 10, 1], [3, 16, 4, 17], [17, 2, 18, 3], [21, 15, 22, 14], [13, 21, 14, 20], [7, 5, 8, 4], [15, 11, 16, 10], [11, 6, 12, 7], [5, 12, 6, 13]]"
11a_67_29,"[[5, 12, 6, 13], [1, 18, 2, 19], [19, 8, 20, 9], [9, 22, 10, 1], [3, 16, 4, 17], [17, 2, 18, 3], [21, 15, 22, 14], [13, 21, 14, 20], [7, 5, 8, 4], [15, 11, 16, 10], [11, 6, 12, 7]]"
11a_67_30,"[[11, 6, 12, 7], [5, 12, 6, 13], [1, 18, 2, 19], [19, 8, 20, 9], [9, 22, 10, 1], [3, 16, 4, 17], [17, 2, 18, 3], [21, 15, 22, 14], [13, 21, 14, 20], [7, 5, 8, 4], [15, 11, 16, 10]]"
11a_67_31,"[[15, 11, 16, 10], [11, 6, 12, 7], [5, 12, 6, 13], [1, 18, 2, 19], [19, 8, 20, 9], [9, 22, 10, 1], [3, 16, 4, 17], [17, 2, 18, 3], [21, 15, 22, 14], [13, 21, 14, 20], [7, 5, 8, 4]]"
11a_67_32,"[[7, 5, 8, 4], [15, 11, 16, 10], [11, 6, 12, 7], [5, 12, 6, 13], [1, 18, 2, 19], [19, 8, 20, 9], [9, 22, 10, 1], [3, 16, 4, 17], [17, 2, 18, 3], [21, 15, 22, 14], [13, 21, 14, 20]]"
11a_67_33,"[[14, 22, 15, 21], [8, 6, 9, 5], [16, 12, 17, 11], [12, 7, 13, 8], [6, 13, 7, 14], [2, 19, 3, 20], [20, 9, 21, 10], [10, 1, 11, 2], [4, 17, 5, 18], [18, 3, 19, 4], [22, 16, 1, 15]]"
11a_67_34,"[[22, 16, 1, 15], [14, 22, 15, 21], [8, 6, 9, 5], [16, 12, 17, 11], [12, 7, 13, 8], [6, 13, 7, 14], [2, 19, 3, 20], [20, 9, 21, 10], [10, 1, 11, 2], [4, 17, 5, 18], [18, 3, 19, 4]]"
11a_67_35,"[[18, 3, 19, 4], [22, 16, 1, 15], [14, 22, 15, 21], [8, 6, 9, 5], [16, 12, 17, 11], [12, 7, 13, 8], [6, 13, 7, 14], [2, 19, 3, 20], [20, 9, 21, 10], [10, 1, 11, 2], [4, 17, 5, 18]]"
11a_67_36,"[[4, 17, 5, 18], [18, 3, 19, 4], [22, 16, 1, 15], [14, 22, 15, 21], [8, 6, 9, 5], [16, 12, 17, 11], [12, 7, 13, 8], [6, 13, 7, 14], [2, 19, 3, 20], [20, 9, 21, 10], [10, 1, 11, 2]]"
11a_67_37,"[[10, 1, 11, 2], [4, 17, 5, 18], [18, 3, 19, 4], [22, 16, 1, 15], [14, 22, 15, 21], [8, 6, 9, 5], [16, 12, 17, 11], [12, 7, 13, 8], [6, 13, 7, 14], [2, 19, 3, 20], [20, 9, 21, 10]]"
11a_67_38,"[[20, 9, 21, 10], [10, 1, 11, 2], [4, 17, 5, 18], [18, 3, 19, 4], [22, 16, 1, 15], [14, 22, 15, 21], [8, 6, 9, 5], [16, 12, 17, 11], [12, 7, 13, 8], [6, 13, 7, 14], [2, 19, 3, 20]]"
11a_67_39,"[[2, 19, 3, 20], [20, 9, 21, 10], [10, 1, 11, 2], [4, 17, 5, 18], [18, 3, 19, 4], [22, 16, 1, 15], [14, 22, 15, 21], [8, 6, 9, 5], [16, 12, 17, 11], [12, 7, 13, 8], [6, 13, 7, 14]]"
11a_67_40,"[[6, 13, 7, 14], [2, 19, 3, 20], [20, 9, 21, 10], [10, 1, 11, 2], [4, 17, 5, 18], [18, 3, 19, 4], [22, 16, 1, 15], [14, 22, 15, 21], [8, 6, 9, 5], [16, 12, 17, 11], [12, 7, 13, 8]]"
11a_67_41,"[[12, 7, 13, 8], [6, 13, 7, 14], [2, 19, 3, 20], [20, 9, 21, 10], [10, 1, 11, 2], [4, 17, 5, 18], [18, 3, 19, 4], [22, 16, 1, 15], [14, 22, 15, 21], [8, 6, 9, 5], [16, 12, 17, 11]]"
11a_67_42,"[[16, 12, 17, 11], [12, 7, 13, 8], [6, 13, 7, 14], [2, 19, 3, 20], [20, 9, 21, 10], [10, 1, 11, 2], [4, 17, 5, 18], [18, 3, 19, 4], [22, 16, 1, 15], [14, 22, 15, 21], [8, 6, 9, 5]]"
11a_67_43,"[[8, 6, 9, 5], [16, 12, 17, 11], [12, 7, 13, 8], [6, 13, 7, 14], [2, 19, 3, 20], [20, 9, 21, 10], [10, 1, 11, 2], [4, 17, 5, 18], [18, 3, 19, 4], [22, 16, 1, 15], [14, 22, 15, 21]]"
11a_67_44,"[[15, 1, 16, 22], [9, 7, 10, 6], [17, 13, 18, 12], [13, 8, 14, 9], [7, 14, 8, 15], [3, 20, 4, 21], [21, 10, 22, 11], [11, 2, 12, 3], [5, 18, 6, 19], [19, 4, 20, 5], [1, 17, 2, 16]]"
11a_67_45,"[[1, 17, 2, 16], [15, 1, 16, 22], [9, 7, 10, 6], [17, 13, 18, 12], [13, 8, 14, 9], [7, 14, 8, 15], [3, 20, 4, 21], [21, 10, 22, 11], [11, 2, 12, 3], [5, 18, 6, 19], [19, 4, 20, 5]]"
11a_67_46,"[[19, 4, 20, 5], [1, 17, 2, 16], [15, 1, 16, 22], [9, 7, 10, 6], [17, 13, 18, 12], [13, 8, 14, 9], [7, 14, 8, 15], [3, 20, 4, 21], [21, 10, 22, 11], [11, 2, 12, 3], [5, 18, 6, 19]]"
11a_67_47,"[[5, 18, 6, 19], [19, 4, 20, 5], [1, 17, 2, 16], [15, 1, 16, 22], [9, 7, 10, 6], [17, 13, 18, 12], [13, 8, 14, 9], [7, 14, 8, 15], [3, 20, 4, 21], [21, 10, 22, 11], [11, 2, 12, 3]]"
11a_67_48,"[[11, 2, 12, 3], [5, 18, 6, 19], [19, 4, 20, 5], [1, 17, 2, 16], [15, 1, 16, 22], [9, 7, 10, 6], [17, 13, 18, 12], [13, 8, 14, 9], [7, 14, 8, 15], [3, 20, 4, 21], [21, 10, 22, 11]]"
11a_67_49,"[[21, 10, 22, 11], [11, 2, 12, 3], [5, 18, 6, 19], [19, 4, 20, 5], [1, 17, 2, 16], [15, 1, 16, 22], [9, 7, 10, 6], [17, 13, 18, 12], [13, 8, 14, 9], [7, 14, 8, 15], [3, 20, 4, 21]]"
11a_67_50,"[[3, 20, 4, 21], [21, 10, 22, 11], [11, 2, 12, 3], [5, 18, 6, 19], [19, 4, 20, 5], [1, 17, 2, 16], [15, 1, 16, 22], [9, 7, 10, 6], [17, 13, 18, 12], [13, 8, 14, 9], [7, 14, 8, 15]]"
11a_67_51,"[[7, 14, 8, 15], [3, 20, 4, 21], [21, 10, 22, 11], [11, 2, 12, 3], [5, 18, 6, 19], [19, 4, 20, 5], [1, 17, 2, 16], [15, 1, 16, 22], [9, 7, 10, 6], [17, 13, 18, 12], [13, 8, 14, 9]]"
11a_67_52,"[[13, 8, 14, 9], [7, 14, 8, 15], [3, 20, 4, 21], [21, 10, 22, 11], [11, 2, 12, 3], [5, 18, 6, 19], [19, 4, 20, 5], [1, 17, 2, 16], [15, 1, 16, 22], [9, 7, 10, 6], [17, 13, 18, 12]]"
11a_67_53,"[[17, 13, 18, 12], [13, 8, 14, 9], [7, 14, 8, 15], [3, 20, 4, 21], [21, 10, 22, 11], [11, 2, 12, 3], [5, 18, 6, 19], [19, 4, 20, 5], [1, 17, 2, 16], [15, 1, 16, 22], [9, 7, 10, 6]]"
11a_67_54,"[[9, 7, 10, 6], [17, 13, 18, 12], [13, 8, 14, 9], [7, 14, 8, 15], [3, 20, 4, 21], [21, 10, 22, 11], [11, 2, 12, 3], [5, 18, 6, 19], [19, 4, 20, 5], [1, 17, 2, 16], [15, 1, 16, 22]]"
11a_67_55,"[[16, 2, 17, 1], [10, 8, 11, 7], [18, 14, 19, 13], [14, 9, 15, 10], [8, 15, 9, 16], [4, 21, 5, 22], [22, 11, 1, 12], [12, 3, 13, 4], [6, 19, 7, 20], [20, 5, 21, 6], [2, 18, 3, 17]]"
11a_67_56,"[[2, 18, 3, 17], [16, 2, 17, 1], [10, 8, 11, 7], [18, 14, 19, 13], [14, 9, 15, 10], [8, 15, 9, 16], [4, 21, 5, 22], [22, 11, 1, 12], [12, 3, 13, 4], [6, 19, 7, 20], [20, 5, 21, 6]]"
11a_67_57,"[[20, 5, 21, 6], [2, 18, 3, 17], [16, 2, 17, 1], [10, 8, 11, 7], [18, 14, 19, 13], [14, 9, 15, 10], [8, 15, 9, 16], [4, 21, 5, 22], [22, 11, 1, 12], [12, 3, 13, 4], [6, 19, 7, 20]]"
11a_67_58,"[[6, 19, 7, 20], [20, 5, 21, 6], [2, 18, 3, 17], [16, 2, 17, 1], [10, 8, 11, 7], [18, 14, 19, 13], [14, 9, 15, 10], [8, 15, 9, 16], [4, 21, 5, 22], [22, 11, 1, 12], [12, 3, 13, 4]]"
11a_67_59,"[[12, 3, 13, 4], [6, 19, 7, 20], [20, 5, 21, 6], [2, 18, 3, 17], [16, 2, 17, 1], [10, 8, 11, 7], [18, 14, 19, 13], [14, 9, 15, 10], [8, 15, 9, 16], [4, 21, 5, 22], [22, 11, 1, 12]]"
11a_67_60,"[[22, 11, 1, 12], [12, 3, 13, 4], [6, 19, 7, 20], [20, 5, 21, 6], [2, 18, 3, 17], [16, 2, 17, 1], [10, 8, 11, 7], [18, 14, 19, 13], [14, 9, 15, 10], [8, 15, 9, 16], [4, 21, 5, 22]]"
11a_67_61,"[[4, 21, 5, 22], [22, 11, 1, 12], [12, 3, 13, 4], [6, 19, 7, 20], [20, 5, 21, 6], [2, 18, 3, 17], [16, 2, 17, 1], [10, 8, 11, 7], [18, 14, 19, 13], [14, 9, 15, 10], [8, 15, 9, 16]]"
11a_67_62,"[[8, 15, 9, 16], [4, 21, 5, 22], [22, 11, 1, 12], [12, 3, 13, 4], [6, 19, 7, 20], [20, 5, 21, 6], [2, 18, 3, 17], [16, 2, 17, 1], [10, 8, 11, 7], [18, 14, 19, 13], [14, 9, 15, 10]]"
11a_67_63,"[[14, 9, 15, 10], [8, 15, 9, 16], [4, 21, 5, 22], [22, 11, 1, 12], [12, 3, 13, 4], [6, 19, 7, 20], [20, 5, 21, 6], [2, 18, 3, 17], [16, 2, 17, 1], [10, 8, 11, 7], [18, 14, 19, 13]]"
11a_67_64,"[[18, 14, 19, 13], [14, 9, 15, 10], [8, 15, 9, 16], [4, 21, 5, 22], [22, 11, 1, 12], [12, 3, 13, 4], [6, 19, 7, 20], [20, 5, 21, 6], [2, 18, 3, 17], [16, 2, 17, 1], [10, 8, 11, 7]]"
11a_67_65,"[[10, 8, 11, 7], [18, 14, 19, 13], [14, 9, 15, 10], [8, 15, 9, 16], [4, 21, 5, 22], [22, 11, 1, 12], [12, 3, 13, 4], [6, 19, 7, 20], [20, 5, 21, 6], [2, 18, 3, 17], [16, 2, 17, 1]]"
11a_67_66,"[[17, 3, 18, 2], [11, 9, 12, 8], [19, 15, 20, 14], [15, 10, 16, 11], [9, 16, 10, 17], [5, 22, 6, 1], [1, 12, 2, 13], [13, 4, 14, 5], [7, 20, 8, 21], [21, 6, 22, 7], [3, 19, 4, 18]]"
11a_67_67,"[[3, 19, 4, 18], [17, 3, 18, 2], [11, 9, 12, 8], [19, 15, 20, 14], [15, 10, 16, 11], [9, 16, 10, 17], [5, 22, 6, 1], [1, 12, 2, 13], [13, 4, 14, 5], [7, 20, 8, 21], [21, 6, 22, 7]]"
11a_67_68,"[[21, 6, 22, 7], [3, 19, 4, 18], [17, 3, 18, 2], [11, 9, 12, 8], [19, 15, 20, 14], [15, 10, 16, 11], [9, 16, 10, 17], [5, 22, 6, 1], [1, 12, 2, 13], [13, 4, 14, 5], [7, 20, 8, 21]]"
11a_67_69,"[[7, 20, 8, 21], [21, 6, 22, 7], [3, 19, 4, 18], [17, 3, 18, 2], [11, 9, 12, 8], [19, 15, 20, 14], [15, 10, 16, 11], [9, 16, 10, 17], [5, 22, 6, 1], [1, 12, 2, 13], [13, 4, 14, 5]]"
11a_67_70,"[[13, 4, 14, 5], [7, 20, 8, 21], [21, 6, 22, 7], [3, 19, 4, 18], [17, 3, 18, 2], [11, 9, 12, 8], [19, 15, 20, 14], [15, 10, 16, 11], [9, 16, 10, 17], [5, 22, 6, 1], [1, 12, 2, 13]]"
11a_67_71,"[[1, 12, 2, 13], [13, 4, 14, 5], [7, 20, 8, 21], [21, 6, 22, 7], [3, 19, 4, 18], [17, 3, 18, 2], [11, 9, 12, 8], [19, 15, 20, 14], [15, 10, 16, 11], [9, 16, 10, 17], [5, 22, 6, 1]]"
11a_67_72,"[[5, 22, 6, 1], [1, 12, 2, 13], [13, 4, 14, 5], [7, 20, 8, 21], [21, 6, 22, 7], [3, 19, 4, 18], [17, 3, 18, 2], [11, 9, 12, 8], [19, 15, 20, 14], [15, 10, 16, 11], [9, 16, 10, 17]]"
11a_67_73,"[[9, 16, 10, 17], [5, 22, 6, 1], [1, 12, 2, 13], [13, 4, 14, 5], [7, 20, 8, 21], [21, 6, 22, 7], [3, 19, 4, 18], [17, 3, 18, 2], [11, 9, 12, 8], [19, 15, 20, 14], [15, 10, 16, 11]]"
11a_67_74,"[[15, 10, 16, 11], [9, 16, 10, 17], [5, 22, 6, 1], [1, 12, 2, 13], [13, 4, 14, 5], [7, 20, 8, 21], [21, 6, 22, 7], [3, 19, 4, 18], [17, 3, 18, 2], [11, 9, 12, 8], [19, 15, 20, 14]]"
11a_67_75,"[[19, 15, 20, 14], [15, 10, 16, 11], [9, 16, 10, 17], [5, 22, 6, 1], [1, 12, 2, 13], [13, 4, 14, 5], [7, 20, 8, 21], [21, 6, 22, 7], [3, 19, 4, 18], [17, 3, 18, 2], [11, 9, 12, 8]]"
11a_67_76,"[[11, 9, 12, 8], [19, 15, 20, 14], [15, 10, 16, 11], [9, 16, 10, 17], [5, 22, 6, 1], [1, 12, 2, 13], [13, 4, 14, 5], [7, 20, 8, 21], [21, 6, 22, 7], [3, 19, 4, 18], [17, 3, 18, 2]]"
11a_67_77,"[[18, 4, 19, 3], [12, 10, 13, 9], [20, 16, 21, 15], [16, 11, 17, 12], [10, 17, 11, 18], [6, 1, 7, 2], [2, 13, 3, 14], [14, 5, 15, 6], [8, 21, 9, 22], [22, 7, 1, 8], [4, 20, 5, 19]]"
11a_67_78,"[[4, 20, 5, 19], [18, 4, 19, 3], [12, 10, 13, 9], [20, 16, 21, 15], [16, 11, 17, 12], [10, 17, 11, 18], [6, 1, 7, 2], [2, 13, 3, 14], [14, 5, 15, 6], [8, 21, 9, 22], [22, 7, 1, 8]]"
11a_67_79,"[[22, 7, 1, 8], [4, 20, 5, 19], [18, 4, 19, 3], [12, 10, 13, 9], [20, 16, 21, 15], [16, 11, 17, 12], [10, 17, 11, 18], [6, 1, 7, 2], [2, 13, 3, 14], [14, 5, 15, 6], [8, 21, 9, 22]]"
11a_67_80,"[[8, 21, 9, 22], [22, 7, 1, 8], [4, 20, 5, 19], [18, 4, 19, 3], [12, 10, 13, 9], [20, 16, 21, 15], [16, 11, 17, 12], [10, 17, 11, 18], [6, 1, 7, 2], [2, 13, 3, 14], [14, 5, 15, 6]]"
11a_67_81,"[[14, 5, 15, 6], [8, 21, 9, 22], [22, 7, 1, 8], [4, 20, 5, 19], [18, 4, 19, 3], [12, 10, 13, 9], [20, 16, 21, 15], [16, 11, 17, 12], [10, 17, 11, 18], [6, 1, 7, 2], [2, 13, 3, 14]]"
11a_67_82,"[[2, 13, 3, 14], [14, 5, 15, 6], [8, 21, 9, 22], [22, 7, 1, 8], [4, 20, 5, 19], [18, 4, 19, 3], [12, 10, 13, 9], [20, 16, 21, 15], [16, 11, 17, 12], [10, 17, 11, 18], [6, 1, 7, 2]]"
11a_67_83,"[[6, 1, 7, 2], [2, 13, 3, 14], [14, 5, 15, 6], [8, 21, 9, 22], [22, 7, 1, 8], [4, 20, 5, 19], [18, 4, 19, 3], [12, 10, 13, 9], [20, 16, 21, 15], [16, 11, 17, 12], [10, 17, 11, 18]]"
11a_67_84,"[[10, 17, 11, 18], [6, 1, 7, 2], [2, 13, 3, 14], [14, 5, 15, 6], [8, 21, 9, 22], [22, 7, 1, 8], [4, 20, 5, 19], [18, 4, 19, 3], [12, 10, 13, 9], [20, 16, 21, 15], [16, 11, 17, 12]]"
11a_67_85,"[[16, 11, 17, 12], [10, 17, 11, 18], [6, 1, 7, 2], [2, 13, 3, 14], [14, 5, 15, 6], [8, 21, 9, 22], [22, 7, 1, 8], [4, 20, 5, 19], [18, 4, 19, 3], [12, 10, 13, 9], [20, 16, 21, 15]]"
11a_67_86,"[[20, 16, 21, 15], [16, 11, 17, 12], [10, 17, 11, 18], [6, 1, 7, 2], [2, 13, 3, 14], [14, 5, 15, 6], [8, 21, 9, 22], [22, 7, 1, 8], [4, 20, 5, 19], [18, 4, 19, 3], [12, 10, 13, 9]]"
11a_67_87,"[[12, 10, 13, 9], [20, 16, 21, 15], [16, 11, 17, 12], [10, 17, 11, 18], [6, 1, 7, 2], [2, 13, 3, 14], [14, 5, 15, 6], [8, 21, 9, 22], [22, 7, 1, 8], [4, 20, 5, 19], [18, 4, 19, 3]]"
11a_67_88,"[[19, 5, 20, 4], [13, 11, 14, 10], [21, 17, 22, 16], [17, 12, 18, 13], [11, 18, 12, 19], [7, 2, 8, 3], [3, 14, 4, 15], [15, 6, 16, 7], [9, 22, 10, 1], [1, 8, 2, 9], [5, 21, 6, 20]]"
11a_67_89,"[[5, 21, 6, 20], [19, 5, 20, 4], [13, 11, 14, 10], [21, 17, 22, 16], [17, 12, 18, 13], [11, 18, 12, 19], [7, 2, 8, 3], [3, 14, 4, 15], [15, 6, 16, 7], [9, 22, 10, 1], [1, 8, 2, 9]]"
11a_67_90,"[[1, 8, 2, 9], [5, 21, 6, 20], [19, 5, 20, 4], [13, 11, 14, 10], [21, 17, 22, 16], [17, 12, 18, 13], [11, 18, 12, 19], [7, 2, 8, 3], [3, 14, 4, 15], [15, 6, 16, 7], [9, 22, 10, 1]]"
11a_67_91,"[[9, 22, 10, 1], [1, 8, 2, 9], [5, 21, 6, 20], [19, 5, 20, 4], [13, 11, 14, 10], [21, 17, 22, 16], [17, 12, 18, 13], [11, 18, 12, 19], [7, 2, 8, 3], [3, 14, 4, 15], [15, 6, 16, 7]]"
11a_67_92,"[[15, 6, 16, 7], [9, 22, 10, 1], [1, 8, 2, 9], [5, 21, 6, 20], [19, 5, 20, 4], [13, 11, 14, 10], [21, 17, 22, 16], [17, 12, 18, 13], [11, 18, 12, 19], [7, 2, 8, 3], [3, 14, 4, 15]]"
11a_67_93,"[[3, 14, 4, 15], [15, 6, 16, 7], [9, 22, 10, 1], [1, 8, 2, 9], [5, 21, 6, 20], [19, 5, 20, 4], [13, 11, 14, 10], [21, 17, 22, 16], [17, 12, 18, 13], [11, 18, 12, 19], [7, 2, 8, 3]]"
11a_67_94,"[[7, 2, 8, 3], [3, 14, 4, 15], [15, 6, 16, 7], [9, 22, 10, 1], [1, 8, 2, 9], [5, 21, 6, 20], [19, 5, 20, 4], [13, 11, 14, 10], [21, 17, 22, 16], [17, 12, 18, 13], [11, 18, 12, 19]]"
11a_67_95,"[[11, 18, 12, 19], [7, 2, 8, 3], [3, 14, 4, 15], [15, 6, 16, 7], [9, 22, 10, 1], [1, 8, 2, 9], [5, 21, 6, 20], [19, 5, 20, 4], [13, 11, 14, 10], [21, 17, 22, 16], [17, 12, 18, 13]]"
11a_67_96,"[[17, 12, 18, 13], [11, 18, 12, 19], [7, 2, 8, 3], [3, 14, 4, 15], [15, 6, 16, 7], [9, 22, 10, 1], [1, 8, 2, 9], [5, 21, 6, 20], [19, 5, 20, 4], [13, 11, 14, 10], [21, 17, 22, 16]]"
11a_67_97,"[[21, 17, 22, 16], [17, 12, 18, 13], [11, 18, 12, 19], [7, 2, 8, 3], [3, 14, 4, 15], [15, 6, 16, 7], [9, 22, 10, 1], [1, 8, 2, 9], [5, 21, 6, 20], [19, 5, 20, 4], [13, 11, 14, 10]]"
11a_67_98,"[[13, 11, 14, 10], [21, 17, 22, 16], [17, 12, 18, 13], [11, 18, 12, 19], [7, 2, 8, 3], [3, 14, 4, 15], [15, 6, 16, 7], [9, 22, 10, 1], [1, 8, 2, 9], [5, 21, 6, 20], [19, 5, 20, 4]]"
11a_67_99,"[[20, 6, 21, 5], [14, 12, 15, 11], [22, 18, 1, 17], [18, 13, 19, 14], [12, 19, 13, 20], [8, 3, 9, 4], [4, 15, 5, 16], [16, 7, 17, 8], [10, 1, 11, 2], [2, 9, 3, 10], [6, 22, 7, 21]]"
11a_67_100,"[[6, 22, 7, 21], [20, 6, 21, 5], [14, 12, 15, 11], [22, 18, 1, 17], [18, 13, 19, 14], [12, 19, 13, 20], [8, 3, 9, 4], [4, 15, 5, 16], [16, 7, 17, 8], [10, 1, 11, 2], [2, 9, 3, 10]]"
11a_67_101,"[[2, 9, 3, 10], [6, 22, 7, 21], [20, 6, 21, 5], [14, 12, 15, 11], [22, 18, 1, 17], [18, 13, 19, 14], [12, 19, 13, 20], [8, 3, 9, 4], [4, 15, 5, 16], [16, 7, 17, 8], [10, 1, 11, 2]]"
11a_67_102,"[[10, 1, 11, 2], [2, 9, 3, 10], [6, 22, 7, 21], [20, 6, 21, 5], [14, 12, 15, 11], [22, 18, 1, 17], [18, 13, 19, 14], [12, 19, 13, 20], [8, 3, 9, 4], [4, 15, 5, 16], [16, 7, 17, 8]]"
11a_67_103,"[[16, 7, 17, 8], [10, 1, 11, 2], [2, 9, 3, 10], [6, 22, 7, 21], [20, 6, 21, 5], [14, 12, 15, 11], [22, 18, 1, 17], [18, 13, 19, 14], [12, 19, 13, 20], [8, 3, 9, 4], [4, 15, 5, 16]]"
11a_67_104,"[[4, 15, 5, 16], [16, 7, 17, 8], [10, 1, 11, 2], [2, 9, 3, 10], [6, 22, 7, 21], [20, 6, 21, 5], [14, 12, 15, 11], [22, 18, 1, 17], [18, 13, 19, 14], [12, 19, 13, 20], [8, 3, 9, 4]]"
11a_67_105,"[[8, 3, 9, 4], [4, 15, 5, 16], [16, 7, 17, 8], [10, 1, 11, 2], [2, 9, 3, 10], [6, 22, 7, 21], [20, 6, 21, 5], [14, 12, 15, 11], [22, 18, 1, 17], [18, 13, 19, 14], [12, 19, 13, 20]]"
11a_67_106,"[[12, 19, 13, 20], [8, 3, 9, 4], [4, 15, 5, 16], [16, 7, 17, 8], [10, 1, 11, 2], [2, 9, 3, 10], [6, 22, 7, 21], [20, 6, 21, 5], [14, 12, 15, 11], [22, 18, 1, 17], [18, 13, 19, 14]]"
11a_67_107,"[[18, 13, 19, 14], [12, 19, 13, 20], [8, 3, 9, 4], [4, 15, 5, 16], [16, 7, 17, 8], [10, 1, 11, 2], [2, 9, 3, 10], [6, 22, 7, 21], [20, 6, 21, 5], [14, 12, 15, 11], [22, 18, 1, 17]]"
11a_67_108,"[[22, 18, 1, 17], [18, 13, 19, 14], [12, 19, 13, 20], [8, 3, 9, 4], [4, 15, 5, 16], [16, 7, 17, 8], [10, 1, 11, 2], [2, 9, 3, 10], [6, 22, 7, 21], [20, 6, 21, 5], [14, 12, 15, 11]]"
11a_67_109,"[[14, 12, 15, 11], [22, 18, 1, 17], [18, 13, 19, 14], [12, 19, 13, 20], [8, 3, 9, 4], [4, 15, 5, 16], [16, 7, 17, 8], [10, 1, 11, 2], [2, 9, 3, 10], [6, 22, 7, 21], [20, 6, 21, 5]]"
11a_67_110,"[[21, 7, 22, 6], [15, 13, 16, 12], [1, 19, 2, 18], [19, 14, 20, 15], [13, 20, 14, 21], [9, 4, 10, 5], [5, 16, 6, 17], [17, 8, 18, 9], [11, 2, 12, 3], [3, 10, 4, 11], [7, 1, 8, 22]]"
11a_67_111,"[[7, 1, 8, 22], [21, 7, 22, 6], [15, 13, 16, 12], [1, 19, 2, 18], [19, 14, 20, 15], [13, 20, 14, 21], [9, 4, 10, 5], [5, 16, 6, 17], [17, 8, 18, 9], [11, 2, 12, 3], [3, 10, 4, 11]]"
11a_67_112,"[[3, 10, 4, 11], [7, 1, 8, 22], [21, 7, 22, 6], [15, 13, 16, 12], [1, 19, 2, 18], [19, 14, 20, 15], [13, 20, 14, 21], [9, 4, 10, 5], [5, 16, 6, 17], [17, 8, 18, 9], [11, 2, 12, 3]]"
11a_67_113,"[[11, 2, 12, 3], [3, 10, 4, 11], [7, 1, 8, 22], [21, 7, 22, 6], [15, 13, 16, 12], [1, 19, 2, 18], [19, 14, 20, 15], [13, 20, 14, 21], [9, 4, 10, 5], [5, 16, 6, 17], [17, 8, 18, 9]]"
11a_67_114,"[[17, 8, 18, 9], [11, 2, 12, 3], [3, 10, 4, 11], [7, 1, 8, 22], [21, 7, 22, 6], [15, 13, 16, 12], [1, 19, 2, 18], [19, 14, 20, 15], [13, 20, 14, 21], [9, 4, 10, 5], [5, 16, 6, 17]]"
11a_67_115,"[[5, 16, 6, 17], [17, 8, 18, 9], [11, 2, 12, 3], [3, 10, 4, 11], [7, 1, 8, 22], [21, 7, 22, 6], [15, 13, 16, 12], [1, 19, 2, 18], [19, 14, 20, 15], [13, 20, 14, 21], [9, 4, 10, 5]]"
11a_67_116,"[[9, 4, 10, 5], [5, 16, 6, 17], [17, 8, 18, 9], [11, 2, 12, 3], [3, 10, 4, 11], [7, 1, 8, 22], [21, 7, 22, 6], [15, 13, 16, 12], [1, 19, 2, 18], [19, 14, 20, 15], [13, 20, 14, 21]]"
11a_67_117,"[[13, 20, 14, 21], [9, 4, 10, 5], [5, 16, 6, 17], [17, 8, 18, 9], [11, 2, 12, 3], [3, 10, 4, 11], [7, 1, 8, 22], [21, 7, 22, 6], [15, 13, 16, 12], [1, 19, 2, 18], [19, 14, 20, 15]]"
11a_67_118,"[[19, 14, 20, 15], [13, 20, 14, 21], [9, 4, 10, 5], [5, 16, 6, 17], [17, 8, 18, 9], [11, 2, 12, 3], [3, 10, 4, 11], [7, 1, 8, 22], [21, 7, 22, 6], [15, 13, 16, 12], [1, 19, 2, 18]]"
11a_67_119,"[[1, 19, 2, 18], [19, 14, 20, 15], [13, 20, 14, 21], [9, 4, 10, 5], [5, 16, 6, 17], [17, 8, 18, 9], [11, 2, 12, 3], [3, 10, 4, 11], [7, 1, 8, 22], [21, 7, 22, 6], [15, 13, 16, 12]]"
11a_67_120,"[[15, 13, 16, 12], [1, 19, 2, 18], [19, 14, 20, 15], [13, 20, 14, 21], [9, 4, 10, 5], [5, 16, 6, 17], [17, 8, 18, 9], [11, 2, 12, 3], [3, 10, 4, 11], [7, 1, 8, 22], [21, 7, 22, 6]]"
11a_67_121,"[[22, 8, 1, 7], [16, 14, 17, 13], [2, 20, 3, 19], [20, 15, 21, 16], [14, 21, 15, 22], [10, 5, 11, 6], [6, 17, 7, 18], [18, 9, 19, 10], [12, 3, 13, 4], [4, 11, 5, 12], [8, 2, 9, 1]]"
11a_67_122,"[[8, 2, 9, 1], [22, 8, 1, 7], [16, 14, 17, 13], [2, 20, 3, 19], [20, 15, 21, 16], [14, 21, 15, 22], [10, 5, 11, 6], [6, 17, 7, 18], [18, 9, 19, 10], [12, 3, 13, 4], [4, 11, 5, 12]]"
11a_67_123,"[[4, 11, 5, 12], [8, 2, 9, 1], [22, 8, 1, 7], [16, 14, 17, 13], [2, 20, 3, 19], [20, 15, 21, 16], [14, 21, 15, 22], [10, 5, 11, 6], [6, 17, 7, 18], [18, 9, 19, 10], [12, 3, 13, 4]]"
11a_67_124,"[[12, 3, 13, 4], [4, 11, 5, 12], [8, 2, 9, 1], [22, 8, 1, 7], [16, 14, 17, 13], [2, 20, 3, 19], [20, 15, 21, 16], [14, 21, 15, 22], [10, 5, 11, 6], [6, 17, 7, 18], [18, 9, 19, 10]]"
11a_67_125,"[[18, 9, 19, 10], [12, 3, 13, 4], [4, 11, 5, 12], [8, 2, 9, 1], [22, 8, 1, 7], [16, 14, 17, 13], [2, 20, 3, 19], [20, 15, 21, 16], [14, 21, 15, 22], [10, 5, 11, 6], [6, 17, 7, 18]]"
11a_67_126,"[[6, 17, 7, 18], [18, 9, 19, 10], [12, 3, 13, 4], [4, 11, 5, 12], [8, 2, 9, 1], [22, 8, 1, 7], [16, 14, 17, 13], [2, 20, 3, 19], [20, 15, 21, 16], [14, 21, 15, 22], [10, 5, 11, 6]]"
11a_67_127,"[[10, 5, 11, 6], [6, 17, 7, 18], [18, 9, 19, 10], [12, 3, 13, 4], [4, 11, 5, 12], [8, 2, 9, 1], [22, 8, 1, 7], [16, 14, 17, 13], [2, 20, 3, 19], [20, 15, 21, 16], [14, 21, 15, 22]]"
11a_67_128,"[[14, 21, 15, 22], [10, 5, 11, 6], [6, 17, 7, 18], [18, 9, 19, 10], [12, 3, 13, 4], [4, 11, 5, 12], [8, 2, 9, 1], [22, 8, 1, 7], [16, 14, 17, 13], [2, 20, 3, 19], [20, 15, 21, 16]]"
11a_67_129,"[[20, 15, 21, 16], [14, 21, 15, 22], [10, 5, 11, 6], [6, 17, 7, 18], [18, 9, 19, 10], [12, 3, 13, 4], [4, 11, 5, 12], [8, 2, 9, 1], [22, 8, 1, 7], [16, 14, 17, 13], [2, 20, 3, 19]]"
11a_67_130,"[[2, 20, 3, 19], [20, 15, 21, 16], [14, 21, 15, 22], [10, 5, 11, 6], [6, 17, 7, 18], [18, 9, 19, 10], [12, 3, 13, 4], [4, 11, 5, 12], [8, 2, 9, 1], [22, 8, 1, 7], [16, 14, 17, 13]]"
11a_67_131,"[[16, 14, 17, 13], [2, 20, 3, 19], [20, 15, 21, 16], [14, 21, 15, 22], [10, 5, 11, 6], [6, 17, 7, 18], [18, 9, 19, 10], [12, 3, 13, 4], [4, 11, 5, 12], [8, 2, 9, 1], [22, 8, 1, 7]]"
11a_67_132,"[[1, 9, 2, 8], [17, 15, 18, 14], [3, 21, 4, 20], [21, 16, 22, 17], [15, 22, 16, 1], [11, 6, 12, 7], [7, 18, 8, 19], [19, 10, 20, 11], [13, 4, 14, 5], [5, 12, 6, 13], [9, 3, 10, 2]]"
11a_67_133,"[[9, 3, 10, 2], [1, 9, 2, 8], [17, 15, 18, 14], [3, 21, 4, 20], [21, 16, 22, 17], [15, 22, 16, 1], [11, 6, 12, 7], [7, 18, 8, 19], [19, 10, 20, 11], [13, 4, 14, 5], [5, 12, 6, 13]]"
11a_67_134,"[[5, 12, 6, 13], [9, 3, 10, 2], [1, 9, 2, 8], [17, 15, 18, 14], [3, 21, 4, 20], [21, 16, 22, 17], [15, 22, 16, 1], [11, 6, 12, 7], [7, 18, 8, 19], [19, 10, 20, 11], [13, 4, 14, 5]]"
11a_67_135,"[[13, 4, 14, 5], [5, 12, 6, 13], [9, 3, 10, 2], [1, 9, 2, 8], [17, 15, 18, 14], [3, 21, 4, 20], [21, 16, 22, 17], [15, 22, 16, 1], [11, 6, 12, 7], [7, 18, 8, 19], [19, 10, 20, 11]]"
11a_67_136,"[[19, 10, 20, 11], [13, 4, 14, 5], [5, 12, 6, 13], [9, 3, 10, 2], [1, 9, 2, 8], [17, 15, 18, 14], [3, 21, 4, 20], [21, 16, 22, 17], [15, 22, 16, 1], [11, 6, 12, 7], [7, 18, 8, 19]]"
11a_67_137,"[[7, 18, 8, 19], [19, 10, 20, 11], [13, 4, 14, 5], [5, 12, 6, 13], [9, 3, 10, 2], [1, 9, 2, 8], [17, 15, 18, 14], [3, 21, 4, 20], [21, 16, 22, 17], [15, 22, 16, 1], [11, 6, 12, 7]]"
11a_67_138,"[[11, 6, 12, 7], [7, 18, 8, 19], [19, 10, 20, 11], [13, 4, 14, 5], [5, 12, 6, 13], [9, 3, 10, 2], [1, 9, 2, 8], [17, 15, 18, 14], [3, 21, 4, 20], [21, 16, 22, 17], [15, 22, 16, 1]]"
11a_67_139,"[[15, 22, 16, 1], [11, 6, 12, 7], [7, 18, 8, 19], [19, 10, 20, 11], [13, 4, 14, 5], [5, 12, 6, 13], [9, 3, 10, 2], [1, 9, 2, 8], [17, 15, 18, 14], [3, 21, 4, 20], [21, 16, 22, 17]]"
11a_67_140,"[[21, 16, 22, 17], [15, 22, 16, 1], [11, 6, 12, 7], [7, 18, 8, 19], [19, 10, 20, 11], [13, 4, 14, 5], [5, 12, 6, 13], [9, 3, 10, 2], [1, 9, 2, 8], [17, 15, 18, 14], [3, 21, 4, 20]]"
11a_67_141,"[[3, 21, 4, 20], [21, 16, 22, 17], [15, 22, 16, 1], [11, 6, 12, 7], [7, 18, 8, 19], [19, 10, 20, 11], [13, 4, 14, 5], [5, 12, 6, 13], [9, 3, 10, 2], [1, 9, 2, 8], [17, 15, 18, 14]]"
11a_67_142,"[[17, 15, 18, 14], [3, 21, 4, 20], [21, 16, 22, 17], [15, 22, 16, 1], [11, 6, 12, 7], [7, 18, 8, 19], [19, 10, 20, 11], [13, 4, 14, 5], [5, 12, 6, 13], [9, 3, 10, 2], [1, 9, 2, 8]]"
11a_67_143,"[[2, 10, 3, 9], [18, 16, 19, 15], [4, 22, 5, 21], [22, 17, 1, 18], [16, 1, 17, 2], [12, 7, 13, 8], [8, 19, 9, 20], [20, 11, 21, 12], [14, 5, 15, 6], [6, 13, 7, 14], [10, 4, 11, 3]]"
11a_67_144,"[[10, 4, 11, 3], [2, 10, 3, 9], [18, 16, 19, 15], [4, 22, 5, 21], [22, 17, 1, 18], [16, 1, 17, 2], [12, 7, 13, 8], [8, 19, 9, 20], [20, 11, 21, 12], [14, 5, 15, 6], [6, 13, 7, 14]]"
11a_67_145,"[[6, 13, 7, 14], [10, 4, 11, 3], [2, 10, 3, 9], [18, 16, 19, 15], [4, 22, 5, 21], [22, 17, 1, 18], [16, 1, 17, 2], [12, 7, 13, 8], [8, 19, 9, 20], [20, 11, 21, 12], [14, 5, 15, 6]]"
11a_67_146,"[[14, 5, 15, 6], [6, 13, 7, 14], [10, 4, 11, 3], [2, 10, 3, 9], [18, 16, 19, 15], [4, 22, 5, 21], [22, 17, 1, 18], [16, 1, 17, 2], [12, 7, 13, 8], [8, 19, 9, 20], [20, 11, 21, 12]]"
11a_67_147,"[[20, 11, 21, 12], [14, 5, 15, 6], [6, 13, 7, 14], [10, 4, 11, 3], [2, 10, 3, 9], [18, 16, 19, 15], [4, 22, 5, 21], [22, 17, 1, 18], [16, 1, 17, 2], [12, 7, 13, 8], [8, 19, 9, 20]]"
11a_67_148,"[[8, 19, 9, 20], [20, 11, 21, 12], [14, 5, 15, 6], [6, 13, 7, 14], [10, 4, 11, 3], [2, 10, 3, 9], [18, 16, 19, 15], [4, 22, 5, 21], [22, 17, 1, 18], [16, 1, 17, 2], [12, 7, 13, 8]]"
11a_67_149,"[[12, 7, 13, 8], [8, 19, 9, 20], [20, 11, 21, 12], [14, 5, 15, 6], [6, 13, 7, 14], [10, 4, 11, 3], [2, 10, 3, 9], [18, 16, 19, 15], [4, 22, 5, 21], [22, 17, 1, 18], [16, 1, 17, 2]]"
11a_67_150,"[[16, 1, 17, 2], [12, 7, 13, 8], [8, 19, 9, 20], [20, 11, 21, 12], [14, 5, 15, 6], [6, 13, 7, 14], [10, 4, 11, 3], [2, 10, 3, 9], [18, 16, 19, 15], [4, 22, 5, 21], [22, 17, 1, 18]]"
11a_67_151,"[[22, 17, 1, 18], [16, 1, 17, 2], [12, 7, 13, 8], [8, 19, 9, 20], [20, 11, 21, 12], [14, 5, 15, 6], [6, 13, 7, 14], [10, 4, 11, 3], [2, 10, 3, 9], [18, 16, 19, 15], [4, 22, 5, 21]]"
11a_67_152,"[[4, 22, 5, 21], [22, 17, 1, 18], [16, 1, 17, 2], [12, 7, 13, 8], [8, 19, 9, 20], [20, 11, 21, 12], [14, 5, 15, 6], [6, 13, 7, 14], [10, 4, 11, 3], [2, 10, 3, 9], [18, 16, 19, 15]]"
11a_67_153,"[[18, 16, 19, 15], [4, 22, 5, 21], [22, 17, 1, 18], [16, 1, 17, 2], [12, 7, 13, 8], [8, 19, 9, 20], [20, 11, 21, 12], [14, 5, 15, 6], [6, 13, 7, 14], [10, 4, 11, 3], [2, 10, 3, 9]]"
11a_67_154,"[[3, 11, 4, 10], [19, 17, 20, 16], [5, 1, 6, 22], [1, 18, 2, 19], [17, 2, 18, 3], [13, 8, 14, 9], [9, 20, 10, 21], [21, 12, 22, 13], [15, 6, 16, 7], [7, 14, 8, 15], [11, 5, 12, 4]]"
11a_67_155,"[[11, 5, 12, 4], [3, 11, 4, 10], [19, 17, 20, 16], [5, 1, 6, 22], [1, 18, 2, 19], [17, 2, 18, 3], [13, 8, 14, 9], [9, 20, 10, 21], [21, 12, 22, 13], [15, 6, 16, 7], [7, 14, 8, 15]]"
11a_67_156,"[[7, 14, 8, 15], [11, 5, 12, 4], [3, 11, 4, 10], [19, 17, 20, 16], [5, 1, 6, 22], [1, 18, 2, 19], [17, 2, 18, 3], [13, 8, 14, 9], [9, 20, 10, 21], [21, 12, 22, 13], [15, 6, 16, 7]]"
11a_67_157,"[[15, 6, 16, 7], [7, 14, 8, 15], [11, 5, 12, 4], [3, 11, 4, 10], [19, 17, 20, 16], [5, 1, 6, 22], [1, 18, 2, 19], [17, 2, 18, 3], [13, 8, 14, 9], [9, 20, 10, 21], [21, 12, 22, 13]]"
11a_67_158,"[[21, 12, 22, 13], [15, 6, 16, 7], [7, 14, 8, 15], [11, 5, 12, 4], [3, 11, 4, 10], [19, 17, 20, 16], [5, 1, 6, 22], [1, 18, 2, 19], [17, 2, 18, 3], [13, 8, 14, 9], [9, 20, 10, 21]]"
11a_67_159,"[[9, 20, 10, 21], [21, 12, 22, 13], [15, 6, 16, 7], [7, 14, 8, 15], [11, 5, 12, 4], [3, 11, 4, 10], [19, 17, 20, 16], [5, 1, 6, 22], [1, 18, 2, 19], [17, 2, 18, 3], [13, 8, 14, 9]]"
11a_67_160,"[[13, 8, 14, 9], [9, 20, 10, 21], [21, 12, 22, 13], [15, 6, 16, 7], [7, 14, 8, 15], [11, 5, 12, 4], [3, 11, 4, 10], [19, 17, 20, 16], [5, 1, 6, 22], [1, 18, 2, 19], [17, 2, 18, 3]]"
11a_67_161,"[[17, 2, 18, 3], [13, 8, 14, 9], [9, 20, 10, 21], [21, 12, 22, 13], [15, 6, 16, 7], [7, 14, 8, 15], [11, 5, 12, 4], [3, 11, 4, 10], [19, 17, 20, 16], [5, 1, 6, 22], [1, 18, 2, 19]]"
11a_67_162,"[[1, 18, 2, 19], [17, 2, 18, 3], [13, 8, 14, 9], [9, 20, 10, 21], [21, 12, 22, 13], [15, 6, 16, 7], [7, 14, 8, 15], [11, 5, 12, 4], [3, 11, 4, 10], [19, 17, 20, 16], [5, 1, 6, 22]]"
11a_67_163,"[[5, 1, 6, 22], [1, 18, 2, 19], [17, 2, 18, 3], [13, 8, 14, 9], [9, 20, 10, 21], [21, 12, 22, 13], [15, 6, 16, 7], [7, 14, 8, 15], [11, 5, 12, 4], [3, 11, 4, 10], [19, 17, 20, 16]]"
11a_67_164,"[[19, 17, 20, 16], [5, 1, 6, 22], [1, 18, 2, 19], [17, 2, 18, 3], [13, 8, 14, 9], [9, 20, 10, 21], [21, 12, 22, 13], [15, 6, 16, 7], [7, 14, 8, 15], [11, 5, 12, 4], [3, 11, 4, 10]]"
11a_67_165,"[[4, 12, 5, 11], [20, 18, 21, 17], [6, 2, 7, 1], [2, 19, 3, 20], [18, 3, 19, 4], [14, 9, 15, 10], [10, 21, 11, 22], [22, 13, 1, 14], [16, 7, 17, 8], [8, 15, 9, 16], [12, 6, 13, 5]]"
11a_67_166,"[[12, 6, 13, 5], [4, 12, 5, 11], [20, 18, 21, 17], [6, 2, 7, 1], [2, 19, 3, 20], [18, 3, 19, 4], [14, 9, 15, 10], [10, 21, 11, 22], [22, 13, 1, 14], [16, 7, 17, 8], [8, 15, 9, 16]]"
11a_67_167,"[[8, 15, 9, 16], [12, 6, 13, 5], [4, 12, 5, 11], [20, 18, 21, 17], [6, 2, 7, 1], [2, 19, 3, 20], [18, 3, 19, 4], [14, 9, 15, 10], [10, 21, 11, 22], [22, 13, 1, 14], [16, 7, 17, 8]]"
11a_67_168,"[[16, 7, 17, 8], [8, 15, 9, 16], [12, 6, 13, 5], [4, 12, 5, 11], [20, 18, 21, 17], [6, 2, 7, 1], [2, 19, 3, 20], [18, 3, 19, 4], [14, 9, 15, 10], [10, 21, 11, 22], [22, 13, 1, 14]]"
11a_67_169,"[[22, 13, 1, 14], [16, 7, 17, 8], [8, 15, 9, 16], [12, 6, 13, 5], [4, 12, 5, 11], [20, 18, 21, 17], [6, 2, 7, 1], [2, 19, 3, 20], [18, 3, 19, 4], [14, 9, 15, 10], [10, 21, 11, 22]]"
11a_67_170,"[[10, 21, 11, 22], [22, 13, 1, 14], [16, 7, 17, 8], [8, 15, 9, 16], [12, 6, 13, 5], [4, 12, 5, 11], [20, 18, 21, 17], [6, 2, 7, 1], [2, 19, 3, 20], [18, 3, 19, 4], [14, 9, 15, 10]]"
11a_67_171,"[[14, 9, 15, 10], [10, 21, 11, 22], [22, 13, 1, 14], [16, 7, 17, 8], [8, 15, 9, 16], [12, 6, 13, 5], [4, 12, 5, 11], [20, 18, 21, 17], [6, 2, 7, 1], [2, 19, 3, 20], [18, 3, 19, 4]]"
11a_67_172,"[[18, 3, 19, 4], [14, 9, 15, 10], [10, 21, 11, 22], [22, 13, 1, 14], [16, 7, 17, 8], [8, 15, 9, 16], [12, 6, 13, 5], [4, 12, 5, 11], [20, 18, 21, 17], [6, 2, 7, 1], [2, 19, 3, 20]]"
11a_67_173,"[[2, 19, 3, 20], [18, 3, 19, 4], [14, 9, 15, 10], [10, 21, 11, 22], [22, 13, 1, 14], [16, 7, 17, 8], [8, 15, 9, 16], [12, 6, 13, 5], [4, 12, 5, 11], [20, 18, 21, 17], [6, 2, 7, 1]]"
11a_67_174,"[[6, 2, 7, 1], [2, 19, 3, 20], [18, 3, 19, 4], [14, 9, 15, 10], [10, 21, 11, 22], [22, 13, 1, 14], [16, 7, 17, 8], [8, 15, 9, 16], [12, 6, 13, 5], [4, 12, 5, 11], [20, 18, 21, 17]]"
11a_67_175,"[[20, 18, 21, 17], [6, 2, 7, 1], [2, 19, 3, 20], [18, 3, 19, 4], [14, 9, 15, 10], [10, 21, 11, 22], [22, 13, 1, 14], [16, 7, 17, 8], [8, 15, 9, 16], [12, 6, 13, 5], [4, 12, 5, 11]]"
11a_67_176,"[[5, 13, 6, 12], [21, 19, 22, 18], [7, 3, 8, 2], [3, 20, 4, 21], [19, 4, 20, 5], [15, 10, 16, 11], [11, 22, 12, 1], [1, 14, 2, 15], [17, 8, 18, 9], [9, 16, 10, 17], [13, 7, 14, 6]]"
11a_67_177,"[[13, 7, 14, 6], [5, 13, 6, 12], [21, 19, 22, 18], [7, 3, 8, 2], [3, 20, 4, 21], [19, 4, 20, 5], [15, 10, 16, 11], [11, 22, 12, 1], [1, 14, 2, 15], [17, 8, 18, 9], [9, 16, 10, 17]]"
11a_67_178,"[[9, 16, 10, 17], [13, 7, 14, 6], [5, 13, 6, 12], [21, 19, 22, 18], [7, 3, 8, 2], [3, 20, 4, 21], [19, 4, 20, 5], [15, 10, 16, 11], [11, 22, 12, 1], [1, 14, 2, 15], [17, 8, 18, 9]]"
11a_67_179,"[[17, 8, 18, 9], [9, 16, 10, 17], [13, 7, 14, 6], [5, 13, 6, 12], [21, 19, 22, 18], [7, 3, 8, 2], [3, 20, 4, 21], [19, 4, 20, 5], [15, 10, 16, 11], [11, 22, 12, 1], [1, 14, 2, 15]]"
11a_67_180,"[[1, 14, 2, 15], [17, 8, 18, 9], [9, 16, 10, 17], [13, 7, 14, 6], [5, 13, 6, 12], [21, 19, 22, 18], [7, 3, 8, 2], [3, 20, 4, 21], [19, 4, 20, 5], [15, 10, 16, 11], [11, 22, 12, 1]]"
11a_67_181,"[[11, 22, 12, 1], [1, 14, 2, 15], [17, 8, 18, 9], [9, 16, 10, 17], [13, 7, 14, 6], [5, 13, 6, 12], [21, 19, 22, 18], [7, 3, 8, 2], [3, 20, 4, 21], [19, 4, 20, 5], [15, 10, 16, 11]]"
11a_67_182,"[[15, 10, 16, 11], [11, 22, 12, 1], [1, 14, 2, 15], [17, 8, 18, 9], [9, 16, 10, 17], [13, 7, 14, 6], [5, 13, 6, 12], [21, 19, 22, 18], [7, 3, 8, 2], [3, 20, 4, 21], [19, 4, 20, 5]]"
11a_67_183,"[[19, 4, 20, 5], [15, 10, 16, 11], [11, 22, 12, 1], [1, 14, 2, 15], [17, 8, 18, 9], [9, 16, 10, 17], [13, 7, 14, 6], [5, 13, 6, 12], [21, 19, 22, 18], [7, 3, 8, 2], [3, 20, 4, 21]]"
11a_67_184,"[[3, 20, 4, 21], [19, 4, 20, 5], [15, 10, 16, 11], [11, 22, 12, 1], [1, 14, 2, 15], [17, 8, 18, 9], [9, 16, 10, 17], [13, 7, 14, 6], [5, 13, 6, 12], [21, 19, 22, 18], [7, 3, 8, 2]]"
11a_67_185,"[[7, 3, 8, 2], [3, 20, 4, 21], [19, 4, 20, 5], [15, 10, 16, 11], [11, 22, 12, 1], [1, 14, 2, 15], [17, 8, 18, 9], [9, 16, 10, 17], [13, 7, 14, 6], [5, 13, 6, 12], [21, 19, 22, 18]]"
11a_67_186,"[[21, 19, 22, 18], [7, 3, 8, 2], [3, 20, 4, 21], [19, 4, 20, 5], [15, 10, 16, 11], [11, 22, 12, 1], [1, 14, 2, 15], [17, 8, 18, 9], [9, 16, 10, 17], [13, 7, 14, 6], [5, 13, 6, 12]]"
11a_67_187,"[[6, 14, 7, 13], [22, 20, 1, 19], [8, 4, 9, 3], [4, 21, 5, 22], [20, 5, 21, 6], [16, 11, 17, 12], [12, 1, 13, 2], [2, 15, 3, 16], [18, 9, 19, 10], [10, 17, 11, 18], [14, 8, 15, 7]]"
11a_67_188,"[[14, 8, 15, 7], [6, 14, 7, 13], [22, 20, 1, 19], [8, 4, 9, 3], [4, 21, 5, 22], [20, 5, 21, 6], [16, 11, 17, 12], [12, 1, 13, 2], [2, 15, 3, 16], [18, 9, 19, 10], [10, 17, 11, 18]]"
11a_67_189,"[[10, 17, 11, 18], [14, 8, 15, 7], [6, 14, 7, 13], [22, 20, 1, 19], [8, 4, 9, 3], [4, 21, 5, 22], [20, 5, 21, 6], [16, 11, 17, 12], [12, 1, 13, 2], [2, 15, 3, 16], [18, 9, 19, 10]]"
11a_67_190,"[[18, 9, 19, 10], [10, 17, 11, 18], [14, 8, 15, 7], [6, 14, 7, 13], [22, 20, 1, 19], [8, 4, 9, 3], [4, 21, 5, 22], [20, 5, 21, 6], [16, 11, 17, 12], [12, 1, 13, 2], [2, 15, 3, 16]]"
11a_67_191,"[[2, 15, 3, 16], [18, 9, 19, 10], [10, 17, 11, 18], [14, 8, 15, 7], [6, 14, 7, 13], [22, 20, 1, 19], [8, 4, 9, 3], [4, 21, 5, 22], [20, 5, 21, 6], [16, 11, 17, 12], [12, 1, 13, 2]]"
11a_67_192,"[[12, 1, 13, 2], [2, 15, 3, 16], [18, 9, 19, 10], [10, 17, 11, 18], [14, 8, 15, 7], [6, 14, 7, 13], [22, 20, 1, 19], [8, 4, 9, 3], [4, 21, 5, 22], [20, 5, 21, 6], [16, 11, 17, 12]]"
11a_67_193,"[[16, 11, 17, 12], [12, 1, 13, 2], [2, 15, 3, 16], [18, 9, 19, 10], [10, 17, 11, 18], [14, 8, 15, 7], [6, 14, 7, 13], [22, 20, 1, 19], [8, 4, 9, 3], [4, 21, 5, 22], [20, 5, 21, 6]]"
11a_67_194,"[[20, 5, 21, 6], [16, 11, 17, 12], [12, 1, 13, 2], [2, 15, 3, 16], [18, 9, 19, 10], [10, 17, 11, 18], [14, 8, 15, 7], [6, 14, 7, 13], [22, 20, 1, 19], [8, 4, 9, 3], [4, 21, 5, 22]]"
11a_67_195,"[[4, 21, 5, 22], [20, 5, 21, 6], [16, 11, 17, 12], [12, 1, 13, 2], [2, 15, 3, 16], [18, 9, 19, 10], [10, 17, 11, 18], [14, 8, 15, 7], [6, 14, 7, 13], [22, 20, 1, 19], [8, 4, 9, 3]]"
11a_67_196,"[[8, 4, 9, 3], [4, 21, 5, 22], [20, 5, 21, 6], [16, 11, 17, 12], [12, 1, 13, 2], [2, 15, 3, 16], [18, 9, 19, 10], [10, 17, 11, 18], [14, 8, 15, 7], [6, 14, 7, 13], [22, 20, 1, 19]]"
11a_67_197,"[[22, 20, 1, 19], [8, 4, 9, 3], [4, 21, 5, 22], [20, 5, 21, 6], [16, 11, 17, 12], [12, 1, 13, 2], [2, 15, 3, 16], [18, 9, 19, 10], [10, 17, 11, 18], [14, 8, 15, 7], [6, 14, 7, 13]]"
11a_67_198,"[[7, 15, 8, 14], [1, 21, 2, 20], [9, 5, 10, 4], [5, 22, 6, 1], [21, 6, 22, 7], [17, 12, 18, 13], [13, 2, 14, 3], [3, 16, 4, 17], [19, 10, 20, 11], [11, 18, 12, 19], [15, 9, 16, 8]]"
11a_67_199,"[[15, 9, 16, 8], [7, 15, 8, 14], [1, 21, 2, 20], [9, 5, 10, 4], [5, 22, 6, 1], [21, 6, 22, 7], [17, 12, 18, 13], [13, 2, 14, 3], [3, 16, 4, 17], [19, 10, 20, 11], [11, 18, 12, 19]]"
11a_67_200,"[[11, 18, 12, 19], [15, 9, 16, 8], [7, 15, 8, 14], [1, 21, 2, 20], [9, 5, 10, 4], [5, 22, 6, 1], [21, 6, 22, 7], [17, 12, 18, 13], [13, 2, 14, 3], [3, 16, 4, 17], [19, 10, 20, 11]]"
11a_67_201,"[[19, 10, 20, 11], [11, 18, 12, 19], [15, 9, 16, 8], [7, 15, 8, 14], [1, 21, 2, 20], [9, 5, 10, 4], [5, 22, 6, 1], [21, 6, 22, 7], [17, 12, 18, 13], [13, 2, 14, 3], [3, 16, 4, 17]]"
11a_67_202,"[[3, 16, 4, 17], [19, 10, 20, 11], [11, 18, 12, 19], [15, 9, 16, 8], [7, 15, 8, 14], [1, 21, 2, 20], [9, 5, 10, 4], [5, 22, 6, 1], [21, 6, 22, 7], [17, 12, 18, 13], [13, 2, 14, 3]]"
11a_67_203,"[[13, 2, 14, 3], [3, 16, 4, 17], [19, 10, 20, 11], [11, 18, 12, 19], [15, 9, 16, 8], [7, 15, 8, 14], [1, 21, 2, 20], [9, 5, 10, 4], [5, 22, 6, 1], [21, 6, 22, 7], [17, 12, 18, 13]]"
11a_67_204,"[[17, 12, 18, 13], [13, 2, 14, 3], [3, 16, 4, 17], [19, 10, 20, 11], [11, 18, 12, 19], [15, 9, 16, 8], [7, 15, 8, 14], [1, 21, 2, 20], [9, 5, 10, 4], [5, 22, 6, 1], [21, 6, 22, 7]]"
