name,pd_notation
11a_301_0,"[[1, 14, 2, 15], [7, 3, 8, 2], [15, 8, 16, 9], [19, 6, 20, 7], [17, 11, 18, 10], [3, 20, 4, 21], [5, 12, 6, 13], [11, 4, 12, 5], [21, 17, 22, 16], [13, 19, 14, 18], [9, 22, 10, 1]]"
11a_301_1,"[[9, 22, 10, 1], [1, 14, 2, 15], [7, 3, 8, 2], [15, 8, 16, 9], [19, 6, 20, 7], [17, 11, 18, 10], [3, 20, 4, 21], [5, 12, 6, 13], [11, 4, 12, 5], [21, 17, 22, 16], [13, 19, 14, 18]]"
11a_301_2,"[[13, 19, 14, 18], [9, 22, 10, 1], [1, 14, 2, 15], [7, 3, 8, 2], [15, 8, 16, 9], [19, 6, 20, 7], [17, 11, 18, 10], [3, 20, 4, 21], [5, 12, 6, 13], [11, 4, 12, 5], [21, 17, 22, 16]]"
11a_301_3,"[[21, 17, 22, 16], [13, 19, 14, 18], [9, 22, 10, 1], [1, 14, 2, 15], [7, 3, 8, 2], [15, 8, 16, 9], [19, 6, 20, 7], [17, 11, 18, 10], [3, 20, 4, 21], [5, 12, 6, 13], [11, 4, 12, 5]]"
11a_301_4,"[[11, 4, 12, 5], [21, 17, 22, 16], [13, 19, 14, 18], [9, 22, 10, 1], [1, 14, 2, 15], [7, 3, 8, 2], [15, 8, 16, 9], [19, 6, 20, 7], [17, 11, 18, 10], [3, 20, 4, 21], [5, 12, 6, 13]]"
11a_301_5,"[[5, 12, 6, 13], [11, 4, 12, 5], [21, 17, 22, 16], [13, 19, 14, 18], [9, 22, 10, 1], [1, 14, 2, 15], [7, 3, 8, 2], [15, 8, 16, 9], [19, 6, 20, 7], [17, 11, 18, 10], [3, 20, 4, 21]]"
11a_301_6,"[[3, 20, 4, 21], [5, 12, 6, 13], [11, 4, 12, 5], [21, 17, 22, 16], [13, 19, 14, 18], [9, 22, 10, 1], [1, 14, 2, 15], [7, 3, 8, 2], [15, 8, 16, 9], [19, 6, 20, 7], [17, 11, 18, 10]]"
11a_301_7,"[[17, 11, 18, 10], [3, 20, 4, 21], [5, 12, 6, 13], [11, 4, 12, 5], [21, 17, 22, 16], [13, 19, 14, 18], [9, 22, 10, 1], [1, 14, 2, 15], [7, 3, 8, 2], [15, 8, 16, 9], [19, 6, 20, 7]]"
11a_301_8,"[[19, 6, 20, 7], [17, 11, 18, 10], [3, 20, 4, 21], [5, 12, 6, 13], [11, 4, 12, 5], [21, 17, 22, 16], [13, 19, 14, 18], [9, 22, 10, 1], [1, 14, 2, 15], [7, 3, 8, 2], [15, 8, 16, 9]]"
11a_301_9,"[[15, 8, 16, 9], [19, 6, 20, 7], [17, 11, 18, 10], [3, 20, 4, 21], [5, 12, 6, 13], [11, 4, 12, 5], [21, 17, 22, 16], [13, 19, 14, 18], [9, 22, 10, 1], [1, 14, 2, 15], [7, 3, 8, 2]]"
11a_301_10,"[[7, 3, 8, 2], [15, 8, 16, 9], [19, 6, 20, 7], [17, 11, 18, 10], [3, 20, 4, 21], [5, 12, 6, 13], [11, 4, 12, 5], [21, 17, 22, 16], [13, 19, 14, 18], [9, 22, 10, 1], [1, 14, 2, 15]]"
11a_301_11,"[[2, 15, 3, 16], [8, 4, 9, 3], [16, 9, 17, 10], [20, 7, 21, 8], [18, 12, 19, 11], [4, 21, 5, 22], [6, 13, 7, 14], [12, 5, 13, 6], [22, 18, 1, 17], [14, 20, 15, 19], [10, 1, 11, 2]]"
11a_301_12,"[[10, 1, 11, 2], [2, 15, 3, 16], [8, 4, 9, 3], [16, 9, 17, 10], [20, 7, 21, 8], [18, 12, 19, 11], [4, 21, 5, 22], [6, 13, 7, 14], [12, 5, 13, 6], [22, 18, 1, 17], [14, 20, 15, 19]]"
11a_301_13,"[[14, 20, 15, 19], [10, 1, 11, 2], [2, 15, 3, 16], [8, 4, 9, 3], [16, 9, 17, 10], [20, 7, 21, 8], [18, 12, 19, 11], [4, 21, 5, 22], [6, 13, 7, 14], [12, 5, 13, 6], [22, 18, 1, 17]]"
11a_301_14,"[[22, 18, 1, 17], [14, 20, 15, 19], [10, 1, 11, 2], [2, 15, 3, 16], [8, 4, 9, 3], [16, 9, 17, 10], [20, 7, 21, 8], [18, 12, 19, 11], [4, 21, 5, 22], [6, 13, 7, 14], [12, 5, 13, 6]]"
11a_301_15,"[[12, 5, 13, 6], [22, 18, 1, 17], [14, 20, 15, 19], [10, 1, 11, 2], [2, 15, 3, 16], [8, 4, 9, 3], [16, 9, 17, 10], [20, 7, 21, 8], [18, 12, 19, 11], [4, 21, 5, 22], [6, 13, 7, 14]]"
11a_301_16,"[[6, 13, 7, 14], [12, 5, 13, 6], [22, 18, 1, 17], [14, 20, 15, 19], [10, 1, 11, 2], [2, 15, 3, 16], [8, 4, 9, 3], [16, 9, 17, 10], [20, 7, 21, 8], [18, 12, 19, 11], [4, 21, 5, 22]]"
11a_301_17,"[[4, 21, 5, 22], [6, 13, 7, 14], [12, 5, 13, 6], [22, 18, 1, 17], [14, 20, 15, 19], [10, 1, 11, 2], [2, 15, 3, 16], [8, 4, 9, 3], [16, 9, 17, 10], [20, 7, 21, 8], [18, 12, 19, 11]]"
11a_301_18,"[[18, 12, 19, 11], [4, 21, 5, 22], [6, 13, 7, 14], [12, 5, 13, 6], [22, 18, 1, 17], [14, 20, 15, 19], [10, 1, 11, 2], [2, 15, 3, 16], [8, 4, 9, 3], [16, 9, 17, 10], [20, 7, 21, 8]]"
11a_301_19,"[[20, 7, 21, 8], [18, 12, 19, 11], [4, 21, 5, 22], [6, 13, 7, 14], [12, 5, 13, 6], [22, 18, 1, 17], [14, 20, 15, 19], [10, 1, 11, 2], [2, 15, 3, 16], [8, 4, 9, 3], [16, 9, 17, 10]]"
11a_301_20,"[[16, 9, 17, 10], [20, 7, 21, 8], [18, 12, 19, 11], [4, 21, 5, 22], [6, 13, 7, 14], [12, 5, 13, 6], [22, 18, 1, 17], [14, 20, 15, 19], [10, 1, 11, 2], [2, 15, 3, 16], [8, 4, 9, 3]]"
11a_301_21,"[[8, 4, 9, 3], [16, 9, 17, 10], [20, 7, 21, 8], [18, 12, 19, 11], [4, 21, 5, 22], [6, 13, 7, 14], [12, 5, 13, 6], [22, 18, 1, 17], [14, 20, 15, 19], [10, 1, 11, 2], [2, 15, 3, 16]]"
11a_301_22,"[[3, 16, 4, 17], [9, 5, 10, 4], [17, 10, 18, 11], [21, 8, 22, 9], [19, 13, 20, 12], [5, 22, 6, 1], [7, 14, 8, 15], [13, 6, 14, 7], [1, 19, 2, 18], [15, 21, 16, 20], [11, 2, 12, 3]]"
11a_301_23,"[[11, 2, 12, 3], [3, 16, 4, 17], [9, 5, 10, 4], [17, 10, 18, 11], [21, 8, 22, 9], [19, 13, 20, 12], [5, 22, 6, 1], [7, 14, 8, 15], [13, 6, 14, 7], [1, 19, 2, 18], [15, 21, 16, 20]]"
11a_301_24,"[[15, 21, 16, 20], [11, 2, 12, 3], [3, 16, 4, 17], [9, 5, 10, 4], [17, 10, 18, 11], [21, 8, 22, 9], [19, 13, 20, 12], [5, 22, 6, 1], [7, 14, 8, 15], [13, 6, 14, 7], [1, 19, 2, 18]]"
11a_301_25,"[[1, 19, 2, 18], [15, 21, 16, 20], [11, 2, 12, 3], [3, 16, 4, 17], [9, 5, 10, 4], [17, 10, 18, 11], [21, 8, 22, 9], [19, 13, 20, 12], [5, 22, 6, 1], [7, 14, 8, 15], [13, 6, 14, 7]]"
11a_301_26,"[[13, 6, 14, 7], [1, 19, 2, 18], [15, 21, 16, 20], [11, 2, 12, 3], [3, 16, 4, 17], [9, 5, 10, 4], [17, 10, 18, 11], [21, 8, 22, 9], [19, 13, 20, 12], [5, 22, 6, 1], [7, 14, 8, 15]]"
11a_301_27,"[[7, 14, 8, 15], [13, 6, 14, 7], [1, 19, 2, 18], [15, 21, 16, 20], [11, 2, 12, 3], [3, 16, 4, 17], [9, 5, 10, 4], [17, 10, 18, 11], [21, 8, 22, 9], [19, 13, 20, 12], [5, 22, 6, 1]]"
11a_301_28,"[[5, 22, 6, 1], [7, 14, 8, 15], [13, 6, 14, 7], [1, 19, 2, 18], [15, 21, 16, 20], [11, 2, 12, 3], [3, 16, 4, 17], [9, 5, 10, 4], [17, 10, 18, 11], [21, 8, 22, 9], [19, 13, 20, 12]]"
11a_301_29,"[[19, 13, 20, 12], [5, 22, 6, 1], [7, 14, 8, 15], [13, 6, 14, 7], [1, 19, 2, 18], [15, 21, 16, 20], [11, 2, 12, 3], [3, 16, 4, 17], [9, 5, 10, 4], [17, 10, 18, 11], [21, 8, 22, 9]]"
11a_301_30,"[[21, 8, 22, 9], [19, 13, 20, 12], [5, 22, 6, 1], [7, 14, 8, 15], [13, 6, 14, 7], [1, 19, 2, 18], [15, 21, 16, 20], [11, 2, 12, 3], [3, 16, 4, 17], [9, 5, 10, 4], [17, 10, 18, 11]]"
11a_301_31,"[[17, 10, 18, 11], [21, 8, 22, 9], [19, 13, 20, 12], [5, 22, 6, 1], [7, 14, 8, 15], [13, 6, 14, 7], [1, 19, 2, 18], [15, 21, 16, 20], [11, 2, 12, 3], [3, 16, 4, 17], [9, 5, 10, 4]]"
11a_301_32,"[[9, 5, 10, 4], [17, 10, 18, 11], [21, 8, 22, 9], [19, 13, 20, 12], [5, 22, 6, 1], [7, 14, 8, 15], [13, 6, 14, 7], [1, 19, 2, 18], [15, 21, 16, 20], [11, 2, 12, 3], [3, 16, 4, 17]]"
11a_301_33,"[[4, 17, 5, 18], [10, 6, 11, 5], [18, 11, 19, 12], [22, 9, 1, 10], [20, 14, 21, 13], [6, 1, 7, 2], [8, 15, 9, 16], [14, 7, 15, 8], [2, 20, 3, 19], [16, 22, 17, 21], [12, 3, 13, 4]]"
11a_301_34,"[[12, 3, 13, 4], [4, 17, 5, 18], [10, 6, 11, 5], [18, 11, 19, 12], [22, 9, 1, 10], [20, 14, 21, 13], [6, 1, 7, 2], [8, 15, 9, 16], [14, 7, 15, 8], [2, 20, 3, 19], [16, 22, 17, 21]]"
11a_301_35,"[[16, 22, 17, 21], [12, 3, 13, 4], [4, 17, 5, 18], [10, 6, 11, 5], [18, 11, 19, 12], [22, 9, 1, 10], [20, 14, 21, 13], [6, 1, 7, 2], [8, 15, 9, 16], [14, 7, 15, 8], [2, 20, 3, 19]]"
11a_301_36,"[[2, 20, 3, 19], [16, 22, 17, 21], [12, 3, 13, 4], [4, 17, 5, 18], [10, 6, 11, 5], [18, 11, 19, 12], [22, 9, 1, 10], [20, 14, 21, 13], [6, 1, 7, 2], [8, 15, 9, 16], [14, 7, 15, 8]]"
11a_301_37,"[[14, 7, 15, 8], [2, 20, 3, 19], [16, 22, 17, 21], [12, 3, 13, 4], [4, 17, 5, 18], [10, 6, 11, 5], [18, 11, 19, 12], [22, 9, 1, 10], [20, 14, 21, 13], [6, 1, 7, 2], [8, 15, 9, 16]]"
11a_301_38,"[[8, 15, 9, 16], [14, 7, 15, 8], [2, 20, 3, 19], [16, 22, 17, 21], [12, 3, 13, 4], [4, 17, 5, 18], [10, 6, 11, 5], [18, 11, 19, 12], [22, 9, 1, 10], [20, 14, 21, 13], [6, 1, 7, 2]]"
11a_301_39,"[[6, 1, 7, 2], [8, 15, 9, 16], [14, 7, 15, 8], [2, 20, 3, 19], [16, 22, 17, 21], [12, 3, 13, 4], [4, 17, 5, 18], [10, 6, 11, 5], [18, 11, 19, 12], [22, 9, 1, 10], [20, 14, 21, 13]]"
11a_301_40,"[[20, 14, 21, 13], [6, 1, 7, 2], [8, 15, 9, 16], [14, 7, 15, 8], [2, 20, 3, 19], [16, 22, 17, 21], [12, 3, 13, 4], [4, 17, 5, 18], [10, 6, 11, 5], [18, 11, 19, 12], [22, 9, 1, 10]]"
11a_301_41,"[[22, 9, 1, 10], [20, 14, 21, 13], [6, 1, 7, 2], [8, 15, 9, 16], [14, 7, 15, 8], [2, 20, 3, 19], [16, 22, 17, 21], [12, 3, 13, 4], [4, 17, 5, 18], [10, 6, 11, 5], [18, 11, 19, 12]]"
11a_301_42,"[[18, 11, 19, 12], [22, 9, 1, 10], [20, 14, 21, 13], [6, 1, 7, 2], [8, 15, 9, 16], [14, 7, 15, 8], [2, 20, 3, 19], [16, 22, 17, 21], [12, 3, 13, 4], [4, 17, 5, 18], [10, 6, 11, 5]]"
11a_301_43,"[[10, 6, 11, 5], [18, 11, 19, 12], [22, 9, 1, 10], [20, 14, 21, 13], [6, 1, 7, 2], [8, 15, 9, 16], [14, 7, 15, 8], [2, 20, 3, 19], [16, 22, 17, 21], [12, 3, 13, 4], [4, 17, 5, 18]]"
11a_301_44,"[[5, 18, 6, 19], [11, 7, 12, 6], [19, 12, 20, 13], [1, 10, 2, 11], [21, 15, 22, 14], [7, 2, 8, 3], [9, 16, 10, 17], [15, 8, 16, 9], [3, 21, 4, 20], [17, 1, 18, 22], [13, 4, 14, 5]]"
11a_301_45,"[[13, 4, 14, 5], [5, 18, 6, 19], [11, 7, 12, 6], [19, 12, 20, 13], [1, 10, 2, 11], [21, 15, 22, 14], [7, 2, 8, 3], [9, 16, 10, 17], [15, 8, 16, 9], [3, 21, 4, 20], [17, 1, 18, 22]]"
11a_301_46,"[[17, 1, 18, 22], [13, 4, 14, 5], [5, 18, 6, 19], [11, 7, 12, 6], [19, 12, 20, 13], [1, 10, 2, 11], [21, 15, 22, 14], [7, 2, 8, 3], [9, 16, 10, 17], [15, 8, 16, 9], [3, 21, 4, 20]]"
11a_301_47,"[[3, 21, 4, 20], [17, 1, 18, 22], [13, 4, 14, 5], [5, 18, 6, 19], [11, 7, 12, 6], [19, 12, 20, 13], [1, 10, 2, 11], [21, 15, 22, 14], [7, 2, 8, 3], [9, 16, 10, 17], [15, 8, 16, 9]]"
11a_301_48,"[[15, 8, 16, 9], [3, 21, 4, 20], [17, 1, 18, 22], [13, 4, 14, 5], [5, 18, 6, 19], [11, 7, 12, 6], [19, 12, 20, 13], [1, 10, 2, 11], [21, 15, 22, 14], [7, 2, 8, 3], [9, 16, 10, 17]]"
11a_301_49,"[[9, 16, 10, 17], [15, 8, 16, 9], [3, 21, 4, 20], [17, 1, 18, 22], [13, 4, 14, 5], [5, 18, 6, 19], [11, 7, 12, 6], [19, 12, 20, 13], [1, 10, 2, 11], [21, 15, 22, 14], [7, 2, 8, 3]]"
11a_301_50,"[[7, 2, 8, 3], [9, 16, 10, 17], [15, 8, 16, 9], [3, 21, 4, 20], [17, 1, 18, 22], [13, 4, 14, 5], [5, 18, 6, 19], [11, 7, 12, 6], [19, 12, 20, 13], [1, 10, 2, 11], [21, 15, 22, 14]]"
11a_301_51,"[[21, 15, 22, 14], [7, 2, 8, 3], [9, 16, 10, 17], [15, 8, 16, 9], [3, 21, 4, 20], [17, 1, 18, 22], [13, 4, 14, 5], [5, 18, 6, 19], [11, 7, 12, 6], [19, 12, 20, 13], [1, 10, 2, 11]]"
11a_301_52,"[[1, 10, 2, 11], [21, 15, 22, 14], [7, 2, 8, 3], [9, 16, 10, 17], [15, 8, 16, 9], [3, 21, 4, 20], [17, 1, 18, 22], [13, 4, 14, 5], [5, 18, 6, 19], [11, 7, 12, 6], [19, 12, 20, 13]]"
11a_301_53,"[[19, 12, 20, 13], [1, 10, 2, 11], [21, 15, 22, 14], [7, 2, 8, 3], [9, 16, 10, 17], [15, 8, 16, 9], [3, 21, 4, 20], [17, 1, 18, 22], [13, 4, 14, 5], [5, 18, 6, 19], [11, 7, 12, 6]]"
11a_301_54,"[[11, 7, 12, 6], [19, 12, 20, 13], [1, 10, 2, 11], [21, 15, 22, 14], [7, 2, 8, 3], [9, 16, 10, 17], [15, 8, 16, 9], [3, 21, 4, 20], [17, 1, 18, 22], [13, 4, 14, 5], [5, 18, 6, 19]]"
11a_301_55,"[[6, 19, 7, 20], [12, 8, 13, 7], [20, 13, 21, 14], [2, 11, 3, 12], [22, 16, 1, 15], [8, 3, 9, 4], [10, 17, 11, 18], [16, 9, 17, 10], [4, 22, 5, 21], [18, 2, 19, 1], [14, 5, 15, 6]]"
11a_301_56,"[[14, 5, 15, 6], [6, 19, 7, 20], [12, 8, 13, 7], [20, 13, 21, 14], [2, 11, 3, 12], [22, 16, 1, 15], [8, 3, 9, 4], [10, 17, 11, 18], [16, 9, 17, 10], [4, 22, 5, 21], [18, 2, 19, 1]]"
11a_301_57,"[[18, 2, 19, 1], [14, 5, 15, 6], [6, 19, 7, 20], [12, 8, 13, 7], [20, 13, 21, 14], [2, 11, 3, 12], [22, 16, 1, 15], [8, 3, 9, 4], [10, 17, 11, 18], [16, 9, 17, 10], [4, 22, 5, 21]]"
11a_301_58,"[[4, 22, 5, 21], [18, 2, 19, 1], [14, 5, 15, 6], [6, 19, 7, 20], [12, 8, 13, 7], [20, 13, 21, 14], [2, 11, 3, 12], [22, 16, 1, 15], [8, 3, 9, 4], [10, 17, 11, 18], [16, 9, 17, 10]]"
11a_301_59,"[[16, 9, 17, 10], [4, 22, 5, 21], [18, 2, 19, 1], [14, 5, 15, 6], [6, 19, 7, 20], [12, 8, 13, 7], [20, 13, 21, 14], [2, 11, 3, 12], [22, 16, 1, 15], [8, 3, 9, 4], [10, 17, 11, 18]]"
11a_301_60,"[[10, 17, 11, 18], [16, 9, 17, 10], [4, 22, 5, 21], [18, 2, 19, 1], [14, 5, 15, 6], [6, 19, 7, 20], [12, 8, 13, 7], [20, 13, 21, 14], [2, 11, 3, 12], [22, 16, 1, 15], [8, 3, 9, 4]]"
11a_301_61,"[[8, 3, 9, 4], [10, 17, 11, 18], [16, 9, 17, 10], [4, 22, 5, 21], [18, 2, 19, 1], [14, 5, 15, 6], [6, 19, 7, 20], [12, 8, 13, 7], [20, 13, 21, 14], [2, 11, 3, 12], [22, 16, 1, 15]]"
11a_301_62,"[[22, 16, 1, 15], [8, 3, 9, 4], [10, 17, 11, 18], [16, 9, 17, 10], [4, 22, 5, 21], [18, 2, 19, 1], [14, 5, 15, 6], [6, 19, 7, 20], [12, 8, 13, 7], [20, 13, 21, 14], [2, 11, 3, 12]]"
11a_301_63,"[[2, 11, 3, 12], [22, 16, 1, 15], [8, 3, 9, 4], [10, 17, 11, 18], [16, 9, 17, 10], [4, 22, 5, 21], [18, 2, 19, 1], [14, 5, 15, 6], [6, 19, 7, 20], [12, 8, 13, 7], [20, 13, 21, 14]]"
11a_301_64,"[[20, 13, 21, 14], [2, 11, 3, 12], [22, 16, 1, 15], [8, 3, 9, 4], [10, 17, 11, 18], [16, 9, 17, 10], [4, 22, 5, 21], [18, 2, 19, 1], [14, 5, 15, 6], [6, 19, 7, 20], [12, 8, 13, 7]]"
11a_301_65,"[[12, 8, 13, 7], [20, 13, 21, 14], [2, 11, 3, 12], [22, 16, 1, 15], [8, 3, 9, 4], [10, 17, 11, 18], [16, 9, 17, 10], [4, 22, 5, 21], [18, 2, 19, 1], [14, 5, 15, 6], [6, 19, 7, 20]]"
11a_301_66,"[[7, 20, 8, 21], [13, 9, 14, 8], [21, 14, 22, 15], [3, 12, 4, 13], [1, 17, 2, 16], [9, 4, 10, 5], [11, 18, 12, 19], [17, 10, 18, 11], [5, 1, 6, 22], [19, 3, 20, 2], [15, 6, 16, 7]]"
11a_301_67,"[[15, 6, 16, 7], [7, 20, 8, 21], [13, 9, 14, 8], [21, 14, 22, 15], [3, 12, 4, 13], [1, 17, 2, 16], [9, 4, 10, 5], [11, 18, 12, 19], [17, 10, 18, 11], [5, 1, 6, 22], [19, 3, 20, 2]]"
11a_301_68,"[[19, 3, 20, 2], [15, 6, 16, 7], [7, 20, 8, 21], [13, 9, 14, 8], [21, 14, 22, 15], [3, 12, 4, 13], [1, 17, 2, 16], [9, 4, 10, 5], [11, 18, 12, 19], [17, 10, 18, 11], [5, 1, 6, 22]]"
11a_301_69,"[[5, 1, 6, 22], [19, 3, 20, 2], [15, 6, 16, 7], [7, 20, 8, 21], [13, 9, 14, 8], [21, 14, 22, 15], [3, 12, 4, 13], [1, 17, 2, 16], [9, 4, 10, 5], [11, 18, 12, 19], [17, 10, 18, 11]]"
11a_301_70,"[[17, 10, 18, 11], [5, 1, 6, 22], [19, 3, 20, 2], [15, 6, 16, 7], [7, 20, 8, 21], [13, 9, 14, 8], [21, 14, 22, 15], [3, 12, 4, 13], [1, 17, 2, 16], [9, 4, 10, 5], [11, 18, 12, 19]]"
11a_301_71,"[[11, 18, 12, 19], [17, 10, 18, 11], [5, 1, 6, 22], [19, 3, 20, 2], [15, 6, 16, 7], [7, 20, 8, 21], [13, 9, 14, 8], [21, 14, 22, 15], [3, 12, 4, 13], [1, 17, 2, 16], [9, 4, 10, 5]]"
11a_301_72,"[[9, 4, 10, 5], [11, 18, 12, 19], [17, 10, 18, 11], [5, 1, 6, 22], [19, 3, 20, 2], [15, 6, 16, 7], [7, 20, 8, 21], [13, 9, 14, 8], [21, 14, 22, 15], [3, 12, 4, 13], [1, 17, 2, 16]]"
11a_301_73,"[[1, 17, 2, 16], [9, 4, 10, 5], [11, 18, 12, 19], [17, 10, 18, 11], [5, 1, 6, 22], [19, 3, 20, 2], [15, 6, 16, 7], [7, 20, 8, 21], [13, 9, 14, 8], [21, 14, 22, 15], [3, 12, 4, 13]]"
11a_301_74,"[[3, 12, 4, 13], [1, 17, 2, 16], [9, 4, 10, 5], [11, 18, 12, 19], [17, 10, 18, 11], [5, 1, 6, 22], [19, 3, 20, 2], [15, 6, 16, 7], [7, 20, 8, 21], [13, 9, 14, 8], [21, 14, 22, 15]]"
11a_301_75,"[[21, 14, 22, 15], [3, 12, 4, 13], [1, 17, 2, 16], [9, 4, 10, 5], [11, 18, 12, 19], [17, 10, 18, 11], [5, 1, 6, 22], [19, 3, 20, 2], [15, 6, 16, 7], [7, 20, 8, 21], [13, 9, 14, 8]]"
11a_301_76,"[[13, 9, 14, 8], [21, 14, 22, 15], [3, 12, 4, 13], [1, 17, 2, 16], [9, 4, 10, 5], [11, 18, 12, 19], [17, 10, 18, 11], [5, 1, 6, 22], [19, 3, 20, 2], [15, 6, 16, 7], [7, 20, 8, 21]]"
11a_301_77,"[[8, 21, 9, 22], [14, 10, 15, 9], [22, 15, 1, 16], [4, 13, 5, 14], [2, 18, 3, 17], [10, 5, 11, 6], [12, 19, 13, 20], [18, 11, 19, 12], [6, 2, 7, 1], [20, 4, 21, 3], [16, 7, 17, 8]]"
11a_301_78,"[[16, 7, 17, 8], [8, 21, 9, 22], [14, 10, 15, 9], [22, 15, 1, 16], [4, 13, 5, 14], [2, 18, 3, 17], [10, 5, 11, 6], [12, 19, 13, 20], [18, 11, 19, 12], [6, 2, 7, 1], [20, 4, 21, 3]]"
11a_301_79,"[[20, 4, 21, 3], [16, 7, 17, 8], [8, 21, 9, 22], [14, 10, 15, 9], [22, 15, 1, 16], [4, 13, 5, 14], [2, 18, 3, 17], [10, 5, 11, 6], [12, 19, 13, 20], [18, 11, 19, 12], [6, 2, 7, 1]]"
11a_301_80,"[[6, 2, 7, 1], [20, 4, 21, 3], [16, 7, 17, 8], [8, 21, 9, 22], [14, 10, 15, 9], [22, 15, 1, 16], [4, 13, 5, 14], [2, 18, 3, 17], [10, 5, 11, 6], [12, 19, 13, 20], [18, 11, 19, 12]]"
11a_301_81,"[[18, 11, 19, 12], [6, 2, 7, 1], [20, 4, 21, 3], [16, 7, 17, 8], [8, 21, 9, 22], [14, 10, 15, 9], [22, 15, 1, 16], [4, 13, 5, 14], [2, 18, 3, 17], [10, 5, 11, 6], [12, 19, 13, 20]]"
11a_301_82,"[[12, 19, 13, 20], [18, 11, 19, 12], [6, 2, 7, 1], [20, 4, 21, 3], [16, 7, 17, 8], [8, 21, 9, 22], [14, 10, 15, 9], [22, 15, 1, 16], [4, 13, 5, 14], [2, 18, 3, 17], [10, 5, 11, 6]]"
11a_301_83,"[[10, 5, 11, 6], [12, 19, 13, 20], [18, 11, 19, 12], [6, 2, 7, 1], [20, 4, 21, 3], [16, 7, 17, 8], [8, 21, 9, 22], [14, 10, 15, 9], [22, 15, 1, 16], [4, 13, 5, 14], [2, 18, 3, 17]]"
11a_301_84,"[[2, 18, 3, 17], [10, 5, 11, 6], [12, 19, 13, 20], [18, 11, 19, 12], [6, 2, 7, 1], [20, 4, 21, 3], [16, 7, 17, 8], [8, 21, 9, 22], [14, 10, 15, 9], [22, 15, 1, 16], [4, 13, 5, 14]]"
11a_301_85,"[[4, 13, 5, 14], [2, 18, 3, 17], [10, 5, 11, 6], [12, 19, 13, 20], [18, 11, 19, 12], [6, 2, 7, 1], [20, 4, 21, 3], [16, 7, 17, 8], [8, 21, 9, 22], [14, 10, 15, 9], [22, 15, 1, 16]]"
11a_301_86,"[[22, 15, 1, 16], [4, 13, 5, 14], [2, 18, 3, 17], [10, 5, 11, 6], [12, 19, 13, 20], [18, 11, 19, 12], [6, 2, 7, 1], [20, 4, 21, 3], [16, 7, 17, 8], [8, 21, 9, 22], [14, 10, 15, 9]]"
11a_301_87,"[[14, 10, 15, 9], [22, 15, 1, 16], [4, 13, 5, 14], [2, 18, 3, 17], [10, 5, 11, 6], [12, 19, 13, 20], [18, 11, 19, 12], [6, 2, 7, 1], [20, 4, 21, 3], [16, 7, 17, 8], [8, 21, 9, 22]]"
11a_301_88,"[[9, 22, 10, 1], [15, 11, 16, 10], [1, 16, 2, 17], [5, 14, 6, 15], [3, 19, 4, 18], [11, 6, 12, 7], [13, 20, 14, 21], [19, 12, 20, 13], [7, 3, 8, 2], [21, 5, 22, 4], [17, 8, 18, 9]]"
11a_301_89,"[[17, 8, 18, 9], [9, 22, 10, 1], [15, 11, 16, 10], [1, 16, 2, 17], [5, 14, 6, 15], [3, 19, 4, 18], [11, 6, 12, 7], [13, 20, 14, 21], [19, 12, 20, 13], [7, 3, 8, 2], [21, 5, 22, 4]]"
11a_301_90,"[[21, 5, 22, 4], [17, 8, 18, 9], [9, 22, 10, 1], [15, 11, 16, 10], [1, 16, 2, 17], [5, 14, 6, 15], [3, 19, 4, 18], [11, 6, 12, 7], [13, 20, 14, 21], [19, 12, 20, 13], [7, 3, 8, 2]]"
11a_301_91,"[[7, 3, 8, 2], [21, 5, 22, 4], [17, 8, 18, 9], [9, 22, 10, 1], [15, 11, 16, 10], [1, 16, 2, 17], [5, 14, 6, 15], [3, 19, 4, 18], [11, 6, 12, 7], [13, 20, 14, 21], [19, 12, 20, 13]]"
11a_301_92,"[[19, 12, 20, 13], [7, 3, 8, 2], [21, 5, 22, 4], [17, 8, 18, 9], [9, 22, 10, 1], [15, 11, 16, 10], [1, 16, 2, 17], [5, 14, 6, 15], [3, 19, 4, 18], [11, 6, 12, 7], [13, 20, 14, 21]]"
11a_301_93,"[[13, 20, 14, 21], [19, 12, 20, 13], [7, 3, 8, 2], [21, 5, 22, 4], [17, 8, 18, 9], [9, 22, 10, 1], [15, 11, 16, 10], [1, 16, 2, 17], [5, 14, 6, 15], [3, 19, 4, 18], [11, 6, 12, 7]]"
11a_301_94,"[[11, 6, 12, 7], [13, 20, 14, 21], [19, 12, 20, 13], [7, 3, 8, 2], [21, 5, 22, 4], [17, 8, 18, 9], [9, 22, 10, 1], [15, 11, 16, 10], [1, 16, 2, 17], [5, 14, 6, 15], [3, 19, 4, 18]]"
11a_301_95,"[[3, 19, 4, 18], [11, 6, 12, 7], [13, 20, 14, 21], [19, 12, 20, 13], [7, 3, 8, 2], [21, 5, 22, 4], [17, 8, 18, 9], [9, 22, 10, 1], [15, 11, 16, 10], [1, 16, 2, 17], [5, 14, 6, 15]]"
11a_301_96,"[[5, 14, 6, 15], [3, 19, 4, 18], [11, 6, 12, 7], [13, 20, 14, 21], [19, 12, 20, 13], [7, 3, 8, 2], [21, 5, 22, 4], [17, 8, 18, 9], [9, 22, 10, 1], [15, 11, 16, 10], [1, 16, 2, 17]]"
11a_301_97,"[[1, 16, 2, 17], [5, 14, 6, 15], [3, 19, 4, 18], [11, 6, 12, 7], [13, 20, 14, 21], [19, 12, 20, 13], [7, 3, 8, 2], [21, 5, 22, 4], [17, 8, 18, 9], [9, 22, 10, 1], [15, 11, 16, 10]]"
11a_301_98,"[[15, 11, 16, 10], [1, 16, 2, 17], [5, 14, 6, 15], [3, 19, 4, 18], [11, 6, 12, 7], [13, 20, 14, 21], [19, 12, 20, 13], [7, 3, 8, 2], [21, 5, 22, 4], [17, 8, 18, 9], [9, 22, 10, 1]]"
11a_301_99,"[[10, 1, 11, 2], [16, 12, 17, 11], [2, 17, 3, 18], [6, 15, 7, 16], [4, 20, 5, 19], [12, 7, 13, 8], [14, 21, 15, 22], [20, 13, 21, 14], [8, 4, 9, 3], [22, 6, 1, 5], [18, 9, 19, 10]]"
11a_301_100,"[[18, 9, 19, 10], [10, 1, 11, 2], [16, 12, 17, 11], [2, 17, 3, 18], [6, 15, 7, 16], [4, 20, 5, 19], [12, 7, 13, 8], [14, 21, 15, 22], [20, 13, 21, 14], [8, 4, 9, 3], [22, 6, 1, 5]]"
11a_301_101,"[[22, 6, 1, 5], [18, 9, 19, 10], [10, 1, 11, 2], [16, 12, 17, 11], [2, 17, 3, 18], [6, 15, 7, 16], [4, 20, 5, 19], [12, 7, 13, 8], [14, 21, 15, 22], [20, 13, 21, 14], [8, 4, 9, 3]]"
11a_301_102,"[[8, 4, 9, 3], [22, 6, 1, 5], [18, 9, 19, 10], [10, 1, 11, 2], [16, 12, 17, 11], [2, 17, 3, 18], [6, 15, 7, 16], [4, 20, 5, 19], [12, 7, 13, 8], [14, 21, 15, 22], [20, 13, 21, 14]]"
11a_301_103,"[[20, 13, 21, 14], [8, 4, 9, 3], [22, 6, 1, 5], [18, 9, 19, 10], [10, 1, 11, 2], [16, 12, 17, 11], [2, 17, 3, 18], [6, 15, 7, 16], [4, 20, 5, 19], [12, 7, 13, 8], [14, 21, 15, 22]]"
11a_301_104,"[[14, 21, 15, 22], [20, 13, 21, 14], [8, 4, 9, 3], [22, 6, 1, 5], [18, 9, 19, 10], [10, 1, 11, 2], [16, 12, 17, 11], [2, 17, 3, 18], [6, 15, 7, 16], [4, 20, 5, 19], [12, 7, 13, 8]]"
11a_301_105,"[[12, 7, 13, 8], [14, 21, 15, 22], [20, 13, 21, 14], [8, 4, 9, 3], [22, 6, 1, 5], [18, 9, 19, 10], [10, 1, 11, 2], [16, 12, 17, 11], [2, 17, 3, 18], [6, 15, 7, 16], [4, 20, 5, 19]]"
11a_301_106,"[[4, 20, 5, 19], [12, 7, 13, 8], [14, 21, 15, 22], [20, 13, 21, 14], [8, 4, 9, 3], [22, 6, 1, 5], [18, 9, 19, 10], [10, 1, 11, 2], [16, 12, 17, 11], [2, 17, 3, 18], [6, 15, 7, 16]]"
11a_301_107,"[[6, 15, 7, 16], [4, 20, 5, 19], [12, 7, 13, 8], [14, 21, 15, 22], [20, 13, 21, 14], [8, 4, 9, 3], [22, 6, 1, 5], [18, 9, 19, 10], [10, 1, 11, 2], [16, 12, 17, 11], [2, 17, 3, 18]]"
11a_301_108,"[[2, 17, 3, 18], [6, 15, 7, 16], [4, 20, 5, 19], [12, 7, 13, 8], [14, 21, 15, 22], [20, 13, 21, 14], [8, 4, 9, 3], [22, 6, 1, 5], [18, 9, 19, 10], [10, 1, 11, 2], [16, 12, 17, 11]]"
11a_301_109,"[[16, 12, 17, 11], [2, 17, 3, 18], [6, 15, 7, 16], [4, 20, 5, 19], [12, 7, 13, 8], [14, 21, 15, 22], [20, 13, 21, 14], [8, 4, 9, 3], [22, 6, 1, 5], [18, 9, 19, 10], [10, 1, 11, 2]]"
11a_301_110,"[[11, 2, 12, 3], [17, 13, 18, 12], [3, 18, 4, 19], [7, 16, 8, 17], [5, 21, 6, 20], [13, 8, 14, 9], [15, 22, 16, 1], [21, 14, 22, 15], [9, 5, 10, 4], [1, 7, 2, 6], [19, 10, 20, 11]]"
11a_301_111,"[[19, 10, 20, 11], [11, 2, 12, 3], [17, 13, 18, 12], [3, 18, 4, 19], [7, 16, 8, 17], [5, 21, 6, 20], [13, 8, 14, 9], [15, 22, 16, 1], [21, 14, 22, 15], [9, 5, 10, 4], [1, 7, 2, 6]]"
11a_301_112,"[[1, 7, 2, 6], [19, 10, 20, 11], [11, 2, 12, 3], [17, 13, 18, 12], [3, 18, 4, 19], [7, 16, 8, 17], [5, 21, 6, 20], [13, 8, 14, 9], [15, 22, 16, 1], [21, 14, 22, 15], [9, 5, 10, 4]]"
11a_301_113,"[[9, 5, 10, 4], [1, 7, 2, 6], [19, 10, 20, 11], [11, 2, 12, 3], [17, 13, 18, 12], [3, 18, 4, 19], [7, 16, 8, 17], [5, 21, 6, 20], [13, 8, 14, 9], [15, 22, 16, 1], [21, 14, 22, 15]]"
11a_301_114,"[[21, 14, 22, 15], [9, 5, 10, 4], [1, 7, 2, 6], [19, 10, 20, 11], [11, 2, 12, 3], [17, 13, 18, 12], [3, 18, 4, 19], [7, 16, 8, 17], [5, 21, 6, 20], [13, 8, 14, 9], [15, 22, 16, 1]]"
11a_301_115,"[[15, 22, 16, 1], [21, 14, 22, 15], [9, 5, 10, 4], [1, 7, 2, 6], [19, 10, 20, 11], [11, 2, 12, 3], [17, 13, 18, 12], [3, 18, 4, 19], [7, 16, 8, 17], [5, 21, 6, 20], [13, 8, 14, 9]]"
11a_301_116,"[[13, 8, 14, 9], [15, 22, 16, 1], [21, 14, 22, 15], [9, 5, 10, 4], [1, 7, 2, 6], [19, 10, 20, 11], [11, 2, 12, 3], [17, 13, 18, 12], [3, 18, 4, 19], [7, 16, 8, 17], [5, 21, 6, 20]]"
11a_301_117,"[[5, 21, 6, 20], [13, 8, 14, 9], [15, 22, 16, 1], [21, 14, 22, 15], [9, 5, 10, 4], [1, 7, 2, 6], [19, 10, 20, 11], [11, 2, 12, 3], [17, 13, 18, 12], [3, 18, 4, 19], [7, 16, 8, 17]]"
11a_301_118,"[[7, 16, 8, 17], [5, 21, 6, 20], [13, 8, 14, 9], [15, 22, 16, 1], [21, 14, 22, 15], [9, 5, 10, 4], [1, 7, 2, 6], [19, 10, 20, 11], [11, 2, 12, 3], [17, 13, 18, 12], [3, 18, 4, 19]]"
11a_301_119,"[[3, 18, 4, 19], [7, 16, 8, 17], [5, 21, 6, 20], [13, 8, 14, 9], [15, 22, 16, 1], [21, 14, 22, 15], [9, 5, 10, 4], [1, 7, 2, 6], [19, 10, 20, 11], [11, 2, 12, 3], [17, 13, 18, 12]]"
11a_301_120,"[[17, 13, 18, 12], [3, 18, 4, 19], [7, 16, 8, 17], [5, 21, 6, 20], [13, 8, 14, 9], [15, 22, 16, 1], [21, 14, 22, 15], [9, 5, 10, 4], [1, 7, 2, 6], [19, 10, 20, 11], [11, 2, 12, 3]]"
11a_301_121,"[[12, 3, 13, 4], [18, 14, 19, 13], [4, 19, 5, 20], [8, 17, 9, 18], [6, 22, 7, 21], [14, 9, 15, 10], [16, 1, 17, 2], [22, 15, 1, 16], [10, 6, 11, 5], [2, 8, 3, 7], [20, 11, 21, 12]]"
11a_301_122,"[[20, 11, 21, 12], [12, 3, 13, 4], [18, 14, 19, 13], [4, 19, 5, 20], [8, 17, 9, 18], [6, 22, 7, 21], [14, 9, 15, 10], [16, 1, 17, 2], [22, 15, 1, 16], [10, 6, 11, 5], [2, 8, 3, 7]]"
11a_301_123,"[[2, 8, 3, 7], [20, 11, 21, 12], [12, 3, 13, 4], [18, 14, 19, 13], [4, 19, 5, 20], [8, 17, 9, 18], [6, 22, 7, 21], [14, 9, 15, 10], [16, 1, 17, 2], [22, 15, 1, 16], [10, 6, 11, 5]]"
11a_301_124,"[[10, 6, 11, 5], [2, 8, 3, 7], [20, 11, 21, 12], [12, 3, 13, 4], [18, 14, 19, 13], [4, 19, 5, 20], [8, 17, 9, 18], [6, 22, 7, 21], [14, 9, 15, 10], [16, 1, 17, 2], [22, 15, 1, 16]]"
11a_301_125,"[[22, 15, 1, 16], [10, 6, 11, 5], [2, 8, 3, 7], [20, 11, 21, 12], [12, 3, 13, 4], [18, 14, 19, 13], [4, 19, 5, 20], [8, 17, 9, 18], [6, 22, 7, 21], [14, 9, 15, 10], [16, 1, 17, 2]]"
11a_301_126,"[[16, 1, 17, 2], [22, 15, 1, 16], [10, 6, 11, 5], [2, 8, 3, 7], [20, 11, 21, 12], [12, 3, 13, 4], [18, 14, 19, 13], [4, 19, 5, 20], [8, 17, 9, 18], [6, 22, 7, 21], [14, 9, 15, 10]]"
11a_301_127,"[[14, 9, 15, 10], [16, 1, 17, 2], [22, 15, 1, 16], [10, 6, 11, 5], [2, 8, 3, 7], [20, 11, 21, 12], [12, 3, 13, 4], [18, 14, 19, 13], [4, 19, 5, 20], [8, 17, 9, 18], [6, 22, 7, 21]]"
11a_301_128,"[[6, 22, 7, 21], [14, 9, 15, 10], [16, 1, 17, 2], [22, 15, 1, 16], [10, 6, 11, 5], [2, 8, 3, 7], [20, 11, 21, 12], [12, 3, 13, 4], [18, 14, 19, 13], [4, 19, 5, 20], [8, 17, 9, 18]]"
11a_301_129,"[[8, 17, 9, 18], [6, 22, 7, 21], [14, 9, 15, 10], [16, 1, 17, 2], [22, 15, 1, 16], [10, 6, 11, 5], [2, 8, 3, 7], [20, 11, 21, 12], [12, 3, 13, 4], [18, 14, 19, 13], [4, 19, 5, 20]]"
11a_301_130,"[[4, 19, 5, 20], [8, 17, 9, 18], [6, 22, 7, 21], [14, 9, 15, 10], [16, 1, 17, 2], [22, 15, 1, 16], [10, 6, 11, 5], [2, 8, 3, 7], [20, 11, 21, 12], [12, 3, 13, 4], [18, 14, 19, 13]]"
11a_301_131,"[[18, 14, 19, 13], [4, 19, 5, 20], [8, 17, 9, 18], [6, 22, 7, 21], [14, 9, 15, 10], [16, 1, 17, 2], [22, 15, 1, 16], [10, 6, 11, 5], [2, 8, 3, 7], [20, 11, 21, 12], [12, 3, 13, 4]]"
11a_301_132,"[[13, 4, 14, 5], [19, 15, 20, 14], [5, 20, 6, 21], [9, 18, 10, 19], [7, 1, 8, 22], [15, 10, 16, 11], [17, 2, 18, 3], [1, 16, 2, 17], [11, 7, 12, 6], [3, 9, 4, 8], [21, 12, 22, 13]]"
11a_301_133,"[[21, 12, 22, 13], [13, 4, 14, 5], [19, 15, 20, 14], [5, 20, 6, 21], [9, 18, 10, 19], [7, 1, 8, 22], [15, 10, 16, 11], [17, 2, 18, 3], [1, 16, 2, 17], [11, 7, 12, 6], [3, 9, 4, 8]]"
11a_301_134,"[[3, 9, 4, 8], [21, 12, 22, 13], [13, 4, 14, 5], [19, 15, 20, 14], [5, 20, 6, 21], [9, 18, 10, 19], [7, 1, 8, 22], [15, 10, 16, 11], [17, 2, 18, 3], [1, 16, 2, 17], [11, 7, 12, 6]]"
11a_301_135,"[[11, 7, 12, 6], [3, 9, 4, 8], [21, 12, 22, 13], [13, 4, 14, 5], [19, 15, 20, 14], [5, 20, 6, 21], [9, 18, 10, 19], [7, 1, 8, 22], [15, 10, 16, 11], [17, 2, 18, 3], [1, 16, 2, 17]]"
11a_301_136,"[[1, 16, 2, 17], [11, 7, 12, 6], [3, 9, 4, 8], [21, 12, 22, 13], [13, 4, 14, 5], [19, 15, 20, 14], [5, 20, 6, 21], [9, 18, 10, 19], [7, 1, 8, 22], [15, 10, 16, 11], [17, 2, 18, 3]]"
11a_301_137,"[[17, 2, 18, 3], [1, 16, 2, 17], [11, 7, 12, 6], [3, 9, 4, 8], [21, 12, 22, 13], [13, 4, 14, 5], [19, 15, 20, 14], [5, 20, 6, 21], [9, 18, 10, 19], [7, 1, 8, 22], [15, 10, 16, 11]]"
11a_301_138,"[[15, 10, 16, 11], [17, 2, 18, 3], [1, 16, 2, 17], [11, 7, 12, 6], [3, 9, 4, 8], [21, 12, 22, 13], [13, 4, 14, 5], [19, 15, 20, 14], [5, 20, 6, 21], [9, 18, 10, 19], [7, 1, 8, 22]]"
11a_301_139,"[[7, 1, 8, 22], [15, 10, 16, 11], [17, 2, 18, 3], [1, 16, 2, 17], [11, 7, 12, 6], [3, 9, 4, 8], [21, 12, 22, 13], [13, 4, 14, 5], [19, 15, 20, 14], [5, 20, 6, 21], [9, 18, 10, 19]]"
11a_301_140,"[[9, 18, 10, 19], [7, 1, 8, 22], [15, 10, 16, 11], [17, 2, 18, 3], [1, 16, 2, 17], [11, 7, 12, 6], [3, 9, 4, 8], [21, 12, 22, 13], [13, 4, 14, 5], [19, 15, 20, 14], [5, 20, 6, 21]]"
11a_301_141,"[[5, 20, 6, 21], [9, 18, 10, 19], [7, 1, 8, 22], [15, 10, 16, 11], [17, 2, 18, 3], [1, 16, 2, 17], [11, 7, 12, 6], [3, 9, 4, 8], [21, 12, 22, 13], [13, 4, 14, 5], [19, 15, 20, 14]]"
11a_301_142,"[[19, 15, 20, 14], [5, 20, 6, 21], [9, 18, 10, 19], [7, 1, 8, 22], [15, 10, 16, 11], [17, 2, 18, 3], [1, 16, 2, 17], [11, 7, 12, 6], [3, 9, 4, 8], [21, 12, 22, 13], [13, 4, 14, 5]]"
11a_301_143,"[[14, 5, 15, 6], [20, 16, 21, 15], [6, 21, 7, 22], [10, 19, 11, 20], [8, 2, 9, 1], [16, 11, 17, 12], [18, 3, 19, 4], [2, 17, 3, 18], [12, 8, 13, 7], [4, 10, 5, 9], [22, 13, 1, 14]]"
11a_301_144,"[[22, 13, 1, 14], [14, 5, 15, 6], [20, 16, 21, 15], [6, 21, 7, 22], [10, 19, 11, 20], [8, 2, 9, 1], [16, 11, 17, 12], [18, 3, 19, 4], [2, 17, 3, 18], [12, 8, 13, 7], [4, 10, 5, 9]]"
11a_301_145,"[[4, 10, 5, 9], [22, 13, 1, 14], [14, 5, 15, 6], [20, 16, 21, 15], [6, 21, 7, 22], [10, 19, 11, 20], [8, 2, 9, 1], [16, 11, 17, 12], [18, 3, 19, 4], [2, 17, 3, 18], [12, 8, 13, 7]]"
11a_301_146,"[[12, 8, 13, 7], [4, 10, 5, 9], [22, 13, 1, 14], [14, 5, 15, 6], [20, 16, 21, 15], [6, 21, 7, 22], [10, 19, 11, 20], [8, 2, 9, 1], [16, 11, 17, 12], [18, 3, 19, 4], [2, 17, 3, 18]]"
11a_301_147,"[[2, 17, 3, 18], [12, 8, 13, 7], [4, 10, 5, 9], [22, 13, 1, 14], [14, 5, 15, 6], [20, 16, 21, 15], [6, 21, 7, 22], [10, 19, 11, 20], [8, 2, 9, 1], [16, 11, 17, 12], [18, 3, 19, 4]]"
11a_301_148,"[[18, 3, 19, 4], [2, 17, 3, 18], [12, 8, 13, 7], [4, 10, 5, 9], [22, 13, 1, 14], [14, 5, 15, 6], [20, 16, 21, 15], [6, 21, 7, 22], [10, 19, 11, 20], [8, 2, 9, 1], [16, 11, 17, 12]]"
11a_301_149,"[[16, 11, 17, 12], [18, 3, 19, 4], [2, 17, 3, 18], [12, 8, 13, 7], [4, 10, 5, 9], [22, 13, 1, 14], [14, 5, 15, 6], [20, 16, 21, 15], [6, 21, 7, 22], [10, 19, 11, 20], [8, 2, 9, 1]]"
11a_301_150,"[[8, 2, 9, 1], [16, 11, 17, 12], [18, 3, 19, 4], [2, 17, 3, 18], [12, 8, 13, 7], [4, 10, 5, 9], [22, 13, 1, 14], [14, 5, 15, 6], [20, 16, 21, 15], [6, 21, 7, 22], [10, 19, 11, 20]]"
11a_301_151,"[[10, 19, 11, 20], [8, 2, 9, 1], [16, 11, 17, 12], [18, 3, 19, 4], [2, 17, 3, 18], [12, 8, 13, 7], [4, 10, 5, 9], [22, 13, 1, 14], [14, 5, 15, 6], [20, 16, 21, 15], [6, 21, 7, 22]]"
11a_301_152,"[[6, 21, 7, 22], [10, 19, 11, 20], [8, 2, 9, 1], [16, 11, 17, 12], [18, 3, 19, 4], [2, 17, 3, 18], [12, 8, 13, 7], [4, 10, 5, 9], [22, 13, 1, 14], [14, 5, 15, 6], [20, 16, 21, 15]]"
11a_301_153,"[[20, 16, 21, 15], [6, 21, 7, 22], [10, 19, 11, 20], [8, 2, 9, 1], [16, 11, 17, 12], [18, 3, 19, 4], [2, 17, 3, 18], [12, 8, 13, 7], [4, 10, 5, 9], [22, 13, 1, 14], [14, 5, 15, 6]]"
11a_301_154,"[[15, 6, 16, 7], [21, 17, 22, 16], [7, 22, 8, 1], [11, 20, 12, 21], [9, 3, 10, 2], [17, 12, 18, 13], [19, 4, 20, 5], [3, 18, 4, 19], [13, 9, 14, 8], [5, 11, 6, 10], [1, 14, 2, 15]]"
11a_301_155,"[[1, 14, 2, 15], [15, 6, 16, 7], [21, 17, 22, 16], [7, 22, 8, 1], [11, 20, 12, 21], [9, 3, 10, 2], [17, 12, 18, 13], [19, 4, 20, 5], [3, 18, 4, 19], [13, 9, 14, 8], [5, 11, 6, 10]]"
11a_301_156,"[[5, 11, 6, 10], [1, 14, 2, 15], [15, 6, 16, 7], [21, 17, 22, 16], [7, 22, 8, 1], [11, 20, 12, 21], [9, 3, 10, 2], [17, 12, 18, 13], [19, 4, 20, 5], [3, 18, 4, 19], [13, 9, 14, 8]]"
11a_301_157,"[[13, 9, 14, 8], [5, 11, 6, 10], [1, 14, 2, 15], [15, 6, 16, 7], [21, 17, 22, 16], [7, 22, 8, 1], [11, 20, 12, 21], [9, 3, 10, 2], [17, 12, 18, 13], [19, 4, 20, 5], [3, 18, 4, 19]]"
11a_301_158,"[[3, 18, 4, 19], [13, 9, 14, 8], [5, 11, 6, 10], [1, 14, 2, 15], [15, 6, 16, 7], [21, 17, 22, 16], [7, 22, 8, 1], [11, 20, 12, 21], [9, 3, 10, 2], [17, 12, 18, 13], [19, 4, 20, 5]]"
11a_301_159,"[[19, 4, 20, 5], [3, 18, 4, 19], [13, 9, 14, 8], [5, 11, 6, 10], [1, 14, 2, 15], [15, 6, 16, 7], [21, 17, 22, 16], [7, 22, 8, 1], [11, 20, 12, 21], [9, 3, 10, 2], [17, 12, 18, 13]]"
11a_301_160,"[[17, 12, 18, 13], [19, 4, 20, 5], [3, 18, 4, 19], [13, 9, 14, 8], [5, 11, 6, 10], [1, 14, 2, 15], [15, 6, 16, 7], [21, 17, 22, 16], [7, 22, 8, 1], [11, 20, 12, 21], [9, 3, 10, 2]]"
11a_301_161,"[[9, 3, 10, 2], [17, 12, 18, 13], [19, 4, 20, 5], [3, 18, 4, 19], [13, 9, 14, 8], [5, 11, 6, 10], [1, 14, 2, 15], [15, 6, 16, 7], [21, 17, 22, 16], [7, 22, 8, 1], [11, 20, 12, 21]]"
11a_301_162,"[[11, 20, 12, 21], [9, 3, 10, 2], [17, 12, 18, 13], [19, 4, 20, 5], [3, 18, 4, 19], [13, 9, 14, 8], [5, 11, 6, 10], [1, 14, 2, 15], [15, 6, 16, 7], [21, 17, 22, 16], [7, 22, 8, 1]]"
11a_301_163,"[[7, 22, 8, 1], [11, 20, 12, 21], [9, 3, 10, 2], [17, 12, 18, 13], [19, 4, 20, 5], [3, 18, 4, 19], [13, 9, 14, 8], [5, 11, 6, 10], [1, 14, 2, 15], [15, 6, 16, 7], [21, 17, 22, 16]]"
11a_301_164,"[[21, 17, 22, 16], [7, 22, 8, 1], [11, 20, 12, 21], [9, 3, 10, 2], [17, 12, 18, 13], [19, 4, 20, 5], [3, 18, 4, 19], [13, 9, 14, 8], [5, 11, 6, 10], [1, 14, 2, 15], [15, 6, 16, 7]]"
11a_301_165,"[[16, 7, 17, 8], [22, 18, 1, 17], [8, 1, 9, 2], [12, 21, 13, 22], [10, 4, 11, 3], [18, 13, 19, 14], [20, 5, 21, 6], [4, 19, 5, 20], [14, 10, 15, 9], [6, 12, 7, 11], [2, 15, 3, 16]]"
11a_301_166,"[[2, 15, 3, 16], [16, 7, 17, 8], [22, 18, 1, 17], [8, 1, 9, 2], [12, 21, 13, 22], [10, 4, 11, 3], [18, 13, 19, 14], [20, 5, 21, 6], [4, 19, 5, 20], [14, 10, 15, 9], [6, 12, 7, 11]]"
11a_301_167,"[[6, 12, 7, 11], [2, 15, 3, 16], [16, 7, 17, 8], [22, 18, 1, 17], [8, 1, 9, 2], [12, 21, 13, 22], [10, 4, 11, 3], [18, 13, 19, 14], [20, 5, 21, 6], [4, 19, 5, 20], [14, 10, 15, 9]]"
11a_301_168,"[[14, 10, 15, 9], [6, 12, 7, 11], [2, 15, 3, 16], [16, 7, 17, 8], [22, 18, 1, 17], [8, 1, 9, 2], [12, 21, 13, 22], [10, 4, 11, 3], [18, 13, 19, 14], [20, 5, 21, 6], [4, 19, 5, 20]]"
11a_301_169,"[[4, 19, 5, 20], [14, 10, 15, 9], [6, 12, 7, 11], [2, 15, 3, 16], [16, 7, 17, 8], [22, 18, 1, 17], [8, 1, 9, 2], [12, 21, 13, 22], [10, 4, 11, 3], [18, 13, 19, 14], [20, 5, 21, 6]]"
11a_301_170,"[[20, 5, 21, 6], [4, 19, 5, 20], [14, 10, 15, 9], [6, 12, 7, 11], [2, 15, 3, 16], [16, 7, 17, 8], [22, 18, 1, 17], [8, 1, 9, 2], [12, 21, 13, 22], [10, 4, 11, 3], [18, 13, 19, 14]]"
11a_301_171,"[[18, 13, 19, 14], [20, 5, 21, 6], [4, 19, 5, 20], [14, 10, 15, 9], [6, 12, 7, 11], [2, 15, 3, 16], [16, 7, 17, 8], [22, 18, 1, 17], [8, 1, 9, 2], [12, 21, 13, 22], [10, 4, 11, 3]]"
11a_301_172,"[[10, 4, 11, 3], [18, 13, 19, 14], [20, 5, 21, 6], [4, 19, 5, 20], [14, 10, 15, 9], [6, 12, 7, 11], [2, 15, 3, 16], [16, 7, 17, 8], [22, 18, 1, 17], [8, 1, 9, 2], [12, 21, 13, 22]]"
11a_301_173,"[[12, 21, 13, 22], [10, 4, 11, 3], [18, 13, 19, 14], [20, 5, 21, 6], [4, 19, 5, 20], [14, 10, 15, 9], [6, 12, 7, 11], [2, 15, 3, 16], [16, 7, 17, 8], [22, 18, 1, 17], [8, 1, 9, 2]]"
11a_301_174,"[[8, 1, 9, 2], [12, 21, 13, 22], [10, 4, 11, 3], [18, 13, 19, 14], [20, 5, 21, 6], [4, 19, 5, 20], [14, 10, 15, 9], [6, 12, 7, 11], [2, 15, 3, 16], [16, 7, 17, 8], [22, 18, 1, 17]]"
11a_301_175,"[[22, 18, 1, 17], [8, 1, 9, 2], [12, 21, 13, 22], [10, 4, 11, 3], [18, 13, 19, 14], [20, 5, 21, 6], [4, 19, 5, 20], [14, 10, 15, 9], [6, 12, 7, 11], [2, 15, 3, 16], [16, 7, 17, 8]]"
11a_301_176,"[[17, 8, 18, 9], [1, 19, 2, 18], [9, 2, 10, 3], [13, 22, 14, 1], [11, 5, 12, 4], [19, 14, 20, 15], [21, 6, 22, 7], [5, 20, 6, 21], [15, 11, 16, 10], [7, 13, 8, 12], [3, 16, 4, 17]]"
11a_301_177,"[[3, 16, 4, 17], [17, 8, 18, 9], [1, 19, 2, 18], [9, 2, 10, 3], [13, 22, 14, 1], [11, 5, 12, 4], [19, 14, 20, 15], [21, 6, 22, 7], [5, 20, 6, 21], [15, 11, 16, 10], [7, 13, 8, 12]]"
11a_301_178,"[[7, 13, 8, 12], [3, 16, 4, 17], [17, 8, 18, 9], [1, 19, 2, 18], [9, 2, 10, 3], [13, 22, 14, 1], [11, 5, 12, 4], [19, 14, 20, 15], [21, 6, 22, 7], [5, 20, 6, 21], [15, 11, 16, 10]]"
11a_301_179,"[[15, 11, 16, 10], [7, 13, 8, 12], [3, 16, 4, 17], [17, 8, 18, 9], [1, 19, 2, 18], [9, 2, 10, 3], [13, 22, 14, 1], [11, 5, 12, 4], [19, 14, 20, 15], [21, 6, 22, 7], [5, 20, 6, 21]]"
11a_301_180,"[[5, 20, 6, 21], [15, 11, 16, 10], [7, 13, 8, 12], [3, 16, 4, 17], [17, 8, 18, 9], [1, 19, 2, 18], [9, 2, 10, 3], [13, 22, 14, 1], [11, 5, 12, 4], [19, 14, 20, 15], [21, 6, 22, 7]]"
11a_301_181,"[[21, 6, 22, 7], [5, 20, 6, 21], [15, 11, 16, 10], [7, 13, 8, 12], [3, 16, 4, 17], [17, 8, 18, 9], [1, 19, 2, 18], [9, 2, 10, 3], [13, 22, 14, 1], [11, 5, 12, 4], [19, 14, 20, 15]]"
11a_301_182,"[[19, 14, 20, 15], [21, 6, 22, 7], [5, 20, 6, 21], [15, 11, 16, 10], [7, 13, 8, 12], [3, 16, 4, 17], [17, 8, 18, 9], [1, 19, 2, 18], [9, 2, 10, 3], [13, 22, 14, 1], [11, 5, 12, 4]]"
11a_301_183,"[[11, 5, 12, 4], [19, 14, 20, 15], [21, 6, 22, 7], [5, 20, 6, 21], [15, 11, 16, 10], [7, 13, 8, 12], [3, 16, 4, 17], [17, 8, 18, 9], [1, 19, 2, 18], [9, 2, 10, 3], [13, 22, 14, 1]]"
11a_301_184,"[[13, 22, 14, 1], [11, 5, 12, 4], [19, 14, 20, 15], [21, 6, 22, 7], [5, 20, 6, 21], [15, 11, 16, 10], [7, 13, 8, 12], [3, 16, 4, 17], [17, 8, 18, 9], [1, 19, 2, 18], [9, 2, 10, 3]]"
11a_301_185,"[[9, 2, 10, 3], [13, 22, 14, 1], [11, 5, 12, 4], [19, 14, 20, 15], [21, 6, 22, 7], [5, 20, 6, 21], [15, 11, 16, 10], [7, 13, 8, 12], [3, 16, 4, 17], [17, 8, 18, 9], [1, 19, 2, 18]]"
11a_301_186,"[[1, 19, 2, 18], [9, 2, 10, 3], [13, 22, 14, 1], [11, 5, 12, 4], [19, 14, 20, 15], [21, 6, 22, 7], [5, 20, 6, 21], [15, 11, 16, 10], [7, 13, 8, 12], [3, 16, 4, 17], [17, 8, 18, 9]]"
11a_301_187,"[[18, 9, 19, 10], [2, 20, 3, 19], [10, 3, 11, 4], [14, 1, 15, 2], [12, 6, 13, 5], [20, 15, 21, 16], [22, 7, 1, 8], [6, 21, 7, 22], [16, 12, 17, 11], [8, 14, 9, 13], [4, 17, 5, 18]]"
11a_301_188,"[[4, 17, 5, 18], [18, 9, 19, 10], [2, 20, 3, 19], [10, 3, 11, 4], [14, 1, 15, 2], [12, 6, 13, 5], [20, 15, 21, 16], [22, 7, 1, 8], [6, 21, 7, 22], [16, 12, 17, 11], [8, 14, 9, 13]]"
11a_301_189,"[[8, 14, 9, 13], [4, 17, 5, 18], [18, 9, 19, 10], [2, 20, 3, 19], [10, 3, 11, 4], [14, 1, 15, 2], [12, 6, 13, 5], [20, 15, 21, 16], [22, 7, 1, 8], [6, 21, 7, 22], [16, 12, 17, 11]]"
11a_301_190,"[[16, 12, 17, 11], [8, 14, 9, 13], [4, 17, 5, 18], [18, 9, 19, 10], [2, 20, 3, 19], [10, 3, 11, 4], [14, 1, 15, 2], [12, 6, 13, 5], [20, 15, 21, 16], [22, 7, 1, 8], [6, 21, 7, 22]]"
11a_301_191,"[[6, 21, 7, 22], [16, 12, 17, 11], [8, 14, 9, 13], [4, 17, 5, 18], [18, 9, 19, 10], [2, 20, 3, 19], [10, 3, 11, 4], [14, 1, 15, 2], [12, 6, 13, 5], [20, 15, 21, 16], [22, 7, 1, 8]]"
11a_301_192,"[[22, 7, 1, 8], [6, 21, 7, 22], [16, 12, 17, 11], [8, 14, 9, 13], [4, 17, 5, 18], [18, 9, 19, 10], [2, 20, 3, 19], [10, 3, 11, 4], [14, 1, 15, 2], [12, 6, 13, 5], [20, 15, 21, 16]]"
11a_301_193,"[[20, 15, 21, 16], [22, 7, 1, 8], [6, 21, 7, 22], [16, 12, 17, 11], [8, 14, 9, 13], [4, 17, 5, 18], [18, 9, 19, 10], [2, 20, 3, 19], [10, 3, 11, 4], [14, 1, 15, 2], [12, 6, 13, 5]]"
11a_301_194,"[[12, 6, 13, 5], [20, 15, 21, 16], [22, 7, 1, 8], [6, 21, 7, 22], [16, 12, 17, 11], [8, 14, 9, 13], [4, 17, 5, 18], [18, 9, 19, 10], [2, 20, 3, 19], [10, 3, 11, 4], [14, 1, 15, 2]]"
11a_301_195,"[[14, 1, 15, 2], [12, 6, 13, 5], [20, 15, 21, 16], [22, 7, 1, 8], [6, 21, 7, 22], [16, 12, 17, 11], [8, 14, 9, 13], [4, 17, 5, 18], [18, 9, 19, 10], [2, 20, 3, 19], [10, 3, 11, 4]]"
11a_301_196,"[[10, 3, 11, 4], [14, 1, 15, 2], [12, 6, 13, 5], [20, 15, 21, 16], [22, 7, 1, 8], [6, 21, 7, 22], [16, 12, 17, 11], [8, 14, 9, 13], [4, 17, 5, 18], [18, 9, 19, 10], [2, 20, 3, 19]]"
11a_301_197,"[[2, 20, 3, 19], [10, 3, 11, 4], [14, 1, 15, 2], [12, 6, 13, 5], [20, 15, 21, 16], [22, 7, 1, 8], [6, 21, 7, 22], [16, 12, 17, 11], [8, 14, 9, 13], [4, 17, 5, 18], [18, 9, 19, 10]]"
11a_301_198,"[[19, 10, 20, 11], [3, 21, 4, 20], [11, 4, 12, 5], [15, 2, 16, 3], [13, 7, 14, 6], [21, 16, 22, 17], [1, 8, 2, 9], [7, 22, 8, 1], [17, 13, 18, 12], [9, 15, 10, 14], [5, 18, 6, 19]]"
11a_301_199,"[[5, 18, 6, 19], [19, 10, 20, 11], [3, 21, 4, 20], [11, 4, 12, 5], [15, 2, 16, 3], [13, 7, 14, 6], [21, 16, 22, 17], [1, 8, 2, 9], [7, 22, 8, 1], [17, 13, 18, 12], [9, 15, 10, 14]]"
11a_301_200,"[[9, 15, 10, 14], [5, 18, 6, 19], [19, 10, 20, 11], [3, 21, 4, 20], [11, 4, 12, 5], [15, 2, 16, 3], [13, 7, 14, 6], [21, 16, 22, 17], [1, 8, 2, 9], [7, 22, 8, 1], [17, 13, 18, 12]]"
11a_301_201,"[[17, 13, 18, 12], [9, 15, 10, 14], [5, 18, 6, 19], [19, 10, 20, 11], [3, 21, 4, 20], [11, 4, 12, 5], [15, 2, 16, 3], [13, 7, 14, 6], [21, 16, 22, 17], [1, 8, 2, 9], [7, 22, 8, 1]]"
11a_301_202,"[[7, 22, 8, 1], [17, 13, 18, 12], [9, 15, 10, 14], [5, 18, 6, 19], [19, 10, 20, 11], [3, 21, 4, 20], [11, 4, 12, 5], [15, 2, 16, 3], [13, 7, 14, 6], [21, 16, 22, 17], [1, 8, 2, 9]]"
11a_301_203,"[[1, 8, 2, 9], [7, 22, 8, 1], [17, 13, 18, 12], [9, 15, 10, 14], [5, 18, 6, 19], [19, 10, 20, 11], [3, 21, 4, 20], [11, 4, 12, 5], [15, 2, 16, 3], [13, 7, 14, 6], [21, 16, 22, 17]]"
