name,pd_notation
11a_3_0,"[[7, 15, 8, 14], [5, 3, 6, 2], [11, 7, 12, 6], [9, 4, 10, 5], [3, 10, 4, 11], [15, 9, 16, 8], [21, 16, 22, 17], [19, 12, 20, 13], [13, 20, 14, 21], [1, 18, 2, 19], [17, 22, 18, 1]]"
11a_3_1,"[[17, 22, 18, 1], [7, 15, 8, 14], [5, 3, 6, 2], [11, 7, 12, 6], [9, 4, 10, 5], [3, 10, 4, 11], [15, 9, 16, 8], [21, 16, 22, 17], [19, 12, 20, 13], [13, 20, 14, 21], [1, 18, 2, 19]]"
11a_3_2,"[[1, 18, 2, 19], [17, 22, 18, 1], [7, 15, 8, 14], [5, 3, 6, 2], [11, 7, 12, 6], [9, 4, 10, 5], [3, 10, 4, 11], [15, 9, 16, 8], [21, 16, 22, 17], [19, 12, 20, 13], [13, 20, 14, 21]]"
11a_3_3,"[[13, 20, 14, 21], [1, 18, 2, 19], [17, 22, 18, 1], [7, 15, 8, 14], [5, 3, 6, 2], [11, 7, 12, 6], [9, 4, 10, 5], [3, 10, 4, 11], [15, 9, 16, 8], [21, 16, 22, 17], [19, 12, 20, 13]]"
11a_3_4,"[[19, 12, 20, 13], [13, 20, 14, 21], [1, 18, 2, 19], [17, 22, 18, 1], [7, 15, 8, 14], [5, 3, 6, 2], [11, 7, 12, 6], [9, 4, 10, 5], [3, 10, 4, 11], [15, 9, 16, 8], [21, 16, 22, 17]]"
11a_3_5,"[[21, 16, 22, 17], [19, 12, 20, 13], [13, 20, 14, 21], [1, 18, 2, 19], [17, 22, 18, 1], [7, 15, 8, 14], [5, 3, 6, 2], [11, 7, 12, 6], [9, 4, 10, 5], [3, 10, 4, 11], [15, 9, 16, 8]]"
11a_3_6,"[[15, 9, 16, 8], [21, 16, 22, 17], [19, 12, 20, 13], [13, 20, 14, 21], [1, 18, 2, 19], [17, 22, 18, 1], [7, 15, 8, 14], [5, 3, 6, 2], [11, 7, 12, 6], [9, 4, 10, 5], [3, 10, 4, 11]]"
11a_3_7,"[[3, 10, 4, 11], [15, 9, 16, 8], [21, 16, 22, 17], [19, 12, 20, 13], [13, 20, 14, 21], [1, 18, 2, 19], [17, 22, 18, 1], [7, 15, 8, 14], [5, 3, 6, 2], [11, 7, 12, 6], [9, 4, 10, 5]]"
11a_3_8,"[[9, 4, 10, 5], [3, 10, 4, 11], [15, 9, 16, 8], [21, 16, 22, 17], [19, 12, 20, 13], [13, 20, 14, 21], [1, 18, 2, 19], [17, 22, 18, 1], [7, 15, 8, 14], [5, 3, 6, 2], [11, 7, 12, 6]]"
11a_3_9,"[[11, 7, 12, 6], [9, 4, 10, 5], [3, 10, 4, 11], [15, 9, 16, 8], [21, 16, 22, 17], [19, 12, 20, 13], [13, 20, 14, 21], [1, 18, 2, 19], [17, 22, 18, 1], [7, 15, 8, 14], [5, 3, 6, 2]]"
11a_3_10,"[[5, 3, 6, 2], [11, 7, 12, 6], [9, 4, 10, 5], [3, 10, 4, 11], [15, 9, 16, 8], [21, 16, 22, 17], [19, 12, 20, 13], [13, 20, 14, 21], [1, 18, 2, 19], [17, 22, 18, 1], [7, 15, 8, 14]]"
11a_3_11,"[[8, 16, 9, 15], [6, 4, 7, 3], [12, 8, 13, 7], [10, 5, 11, 6], [4, 11, 5, 12], [16, 10, 17, 9], [22, 17, 1, 18], [20, 13, 21, 14], [14, 21, 15, 22], [2, 19, 3, 20], [18, 1, 19, 2]]"
11a_3_12,"[[18, 1, 19, 2], [8, 16, 9, 15], [6, 4, 7, 3], [12, 8, 13, 7], [10, 5, 11, 6], [4, 11, 5, 12], [16, 10, 17, 9], [22, 17, 1, 18], [20, 13, 21, 14], [14, 21, 15, 22], [2, 19, 3, 20]]"
11a_3_13,"[[2, 19, 3, 20], [18, 1, 19, 2], [8, 16, 9, 15], [6, 4, 7, 3], [12, 8, 13, 7], [10, 5, 11, 6], [4, 11, 5, 12], [16, 10, 17, 9], [22, 17, 1, 18], [20, 13, 21, 14], [14, 21, 15, 22]]"
11a_3_14,"[[14, 21, 15, 22], [2, 19, 3, 20], [18, 1, 19, 2], [8, 16, 9, 15], [6, 4, 7, 3], [12, 8, 13, 7], [10, 5, 11, 6], [4, 11, 5, 12], [16, 10, 17, 9], [22, 17, 1, 18], [20, 13, 21, 14]]"
11a_3_15,"[[20, 13, 21, 14], [14, 21, 15, 22], [2, 19, 3, 20], [18, 1, 19, 2], [8, 16, 9, 15], [6, 4, 7, 3], [12, 8, 13, 7], [10, 5, 11, 6], [4, 11, 5, 12], [16, 10, 17, 9], [22, 17, 1, 18]]"
11a_3_16,"[[22, 17, 1, 18], [20, 13, 21, 14], [14, 21, 15, 22], [2, 19, 3, 20], [18, 1, 19, 2], [8, 16, 9, 15], [6, 4, 7, 3], [12, 8, 13, 7], [10, 5, 11, 6], [4, 11, 5, 12], [16, 10, 17, 9]]"
11a_3_17,"[[16, 10, 17, 9], [22, 17, 1, 18], [20, 13, 21, 14], [14, 21, 15, 22], [2, 19, 3, 20], [18, 1, 19, 2], [8, 16, 9, 15], [6, 4, 7, 3], [12, 8, 13, 7], [10, 5, 11, 6], [4, 11, 5, 12]]"
11a_3_18,"[[4, 11, 5, 12], [16, 10, 17, 9], [22, 17, 1, 18], [20, 13, 21, 14], [14, 21, 15, 22], [2, 19, 3, 20], [18, 1, 19, 2], [8, 16, 9, 15], [6, 4, 7, 3], [12, 8, 13, 7], [10, 5, 11, 6]]"
11a_3_19,"[[10, 5, 11, 6], [4, 11, 5, 12], [16, 10, 17, 9], [22, 17, 1, 18], [20, 13, 21, 14], [14, 21, 15, 22], [2, 19, 3, 20], [18, 1, 19, 2], [8, 16, 9, 15], [6, 4, 7, 3], [12, 8, 13, 7]]"
11a_3_20,"[[12, 8, 13, 7], [10, 5, 11, 6], [4, 11, 5, 12], [16, 10, 17, 9], [22, 17, 1, 18], [20, 13, 21, 14], [14, 21, 15, 22], [2, 19, 3, 20], [18, 1, 19, 2], [8, 16, 9, 15], [6, 4, 7, 3]]"
11a_3_21,"[[6, 4, 7, 3], [12, 8, 13, 7], [10, 5, 11, 6], [4, 11, 5, 12], [16, 10, 17, 9], [22, 17, 1, 18], [20, 13, 21, 14], [14, 21, 15, 22], [2, 19, 3, 20], [18, 1, 19, 2], [8, 16, 9, 15]]"
11a_3_22,"[[9, 17, 10, 16], [7, 5, 8, 4], [13, 9, 14, 8], [11, 6, 12, 7], [5, 12, 6, 13], [17, 11, 18, 10], [1, 18, 2, 19], [21, 14, 22, 15], [15, 22, 16, 1], [3, 20, 4, 21], [19, 2, 20, 3]]"
11a_3_23,"[[19, 2, 20, 3], [9, 17, 10, 16], [7, 5, 8, 4], [13, 9, 14, 8], [11, 6, 12, 7], [5, 12, 6, 13], [17, 11, 18, 10], [1, 18, 2, 19], [21, 14, 22, 15], [15, 22, 16, 1], [3, 20, 4, 21]]"
11a_3_24,"[[3, 20, 4, 21], [19, 2, 20, 3], [9, 17, 10, 16], [7, 5, 8, 4], [13, 9, 14, 8], [11, 6, 12, 7], [5, 12, 6, 13], [17, 11, 18, 10], [1, 18, 2, 19], [21, 14, 22, 15], [15, 22, 16, 1]]"
11a_3_25,"[[15, 22, 16, 1], [3, 20, 4, 21], [19, 2, 20, 3], [9, 17, 10, 16], [7, 5, 8, 4], [13, 9, 14, 8], [11, 6, 12, 7], [5, 12, 6, 13], [17, 11, 18, 10], [1, 18, 2, 19], [21, 14, 22, 15]]"
11a_3_26,"[[21, 14, 22, 15], [15, 22, 16, 1], [3, 20, 4, 21], [19, 2, 20, 3], [9, 17, 10, 16], [7, 5, 8, 4], [13, 9, 14, 8], [11, 6, 12, 7], [5, 12, 6, 13], [17, 11, 18, 10], [1, 18, 2, 19]]"
11a_3_27,"[[1, 18, 2, 19], [21, 14, 22, 15], [15, 22, 16, 1], [3, 20, 4, 21], [19, 2, 20, 3], [9, 17, 10, 16], [7, 5, 8, 4], [13, 9, 14, 8], [11, 6, 12, 7], [5, 12, 6, 13], [17, 11, 18, 10]]"
11a_3_28,"[[17, 11, 18, 10], [1, 18, 2, 19], [21, 14, 22, 15], [15, 22, 16, 1], [3, 20, 4, 21], [19, 2, 20, 3], [9, 17, 10, 16], [7, 5, 8, 4], [13, 9, 14, 8], [11, 6, 12, 7], [5, 12, 6, 13]]"
11a_3_29,"[[5, 12, 6, 13], [17, 11, 18, 10], [1, 18, 2, 19], [21, 14, 22, 15], [15, 22, 16, 1], [3, 20, 4, 21], [19, 2, 20, 3], [9, 17, 10, 16], [7, 5, 8, 4], [13, 9, 14, 8], [11, 6, 12, 7]]"
11a_3_30,"[[11, 6, 12, 7], [5, 12, 6, 13], [17, 11, 18, 10], [1, 18, 2, 19], [21, 14, 22, 15], [15, 22, 16, 1], [3, 20, 4, 21], [19, 2, 20, 3], [9, 17, 10, 16], [7, 5, 8, 4], [13, 9, 14, 8]]"
11a_3_31,"[[13, 9, 14, 8], [11, 6, 12, 7], [5, 12, 6, 13], [17, 11, 18, 10], [1, 18, 2, 19], [21, 14, 22, 15], [15, 22, 16, 1], [3, 20, 4, 21], [19, 2, 20, 3], [9, 17, 10, 16], [7, 5, 8, 4]]"
11a_3_32,"[[7, 5, 8, 4], [13, 9, 14, 8], [11, 6, 12, 7], [5, 12, 6, 13], [17, 11, 18, 10], [1, 18, 2, 19], [21, 14, 22, 15], [15, 22, 16, 1], [3, 20, 4, 21], [19, 2, 20, 3], [9, 17, 10, 16]]"
11a_3_33,"[[10, 18, 11, 17], [8, 6, 9, 5], [14, 10, 15, 9], [12, 7, 13, 8], [6, 13, 7, 14], [18, 12, 19, 11], [2, 19, 3, 20], [22, 15, 1, 16], [16, 1, 17, 2], [4, 21, 5, 22], [20, 3, 21, 4]]"
11a_3_34,"[[20, 3, 21, 4], [10, 18, 11, 17], [8, 6, 9, 5], [14, 10, 15, 9], [12, 7, 13, 8], [6, 13, 7, 14], [18, 12, 19, 11], [2, 19, 3, 20], [22, 15, 1, 16], [16, 1, 17, 2], [4, 21, 5, 22]]"
11a_3_35,"[[4, 21, 5, 22], [20, 3, 21, 4], [10, 18, 11, 17], [8, 6, 9, 5], [14, 10, 15, 9], [12, 7, 13, 8], [6, 13, 7, 14], [18, 12, 19, 11], [2, 19, 3, 20], [22, 15, 1, 16], [16, 1, 17, 2]]"
11a_3_36,"[[16, 1, 17, 2], [4, 21, 5, 22], [20, 3, 21, 4], [10, 18, 11, 17], [8, 6, 9, 5], [14, 10, 15, 9], [12, 7, 13, 8], [6, 13, 7, 14], [18, 12, 19, 11], [2, 19, 3, 20], [22, 15, 1, 16]]"
11a_3_37,"[[22, 15, 1, 16], [16, 1, 17, 2], [4, 21, 5, 22], [20, 3, 21, 4], [10, 18, 11, 17], [8, 6, 9, 5], [14, 10, 15, 9], [12, 7, 13, 8], [6, 13, 7, 14], [18, 12, 19, 11], [2, 19, 3, 20]]"
11a_3_38,"[[2, 19, 3, 20], [22, 15, 1, 16], [16, 1, 17, 2], [4, 21, 5, 22], [20, 3, 21, 4], [10, 18, 11, 17], [8, 6, 9, 5], [14, 10, 15, 9], [12, 7, 13, 8], [6, 13, 7, 14], [18, 12, 19, 11]]"
11a_3_39,"[[18, 12, 19, 11], [2, 19, 3, 20], [22, 15, 1, 16], [16, 1, 17, 2], [4, 21, 5, 22], [20, 3, 21, 4], [10, 18, 11, 17], [8, 6, 9, 5], [14, 10, 15, 9], [12, 7, 13, 8], [6, 13, 7, 14]]"
11a_3_40,"[[6, 13, 7, 14], [18, 12, 19, 11], [2, 19, 3, 20], [22, 15, 1, 16], [16, 1, 17, 2], [4, 21, 5, 22], [20, 3, 21, 4], [10, 18, 11, 17], [8, 6, 9, 5], [14, 10, 15, 9], [12, 7, 13, 8]]"
11a_3_41,"[[12, 7, 13, 8], [6, 13, 7, 14], [18, 12, 19, 11], [2, 19, 3, 20], [22, 15, 1, 16], [16, 1, 17, 2], [4, 21, 5, 22], [20, 3, 21, 4], [10, 18, 11, 17], [8, 6, 9, 5], [14, 10, 15, 9]]"
11a_3_42,"[[14, 10, 15, 9], [12, 7, 13, 8], [6, 13, 7, 14], [18, 12, 19, 11], [2, 19, 3, 20], [22, 15, 1, 16], [16, 1, 17, 2], [4, 21, 5, 22], [20, 3, 21, 4], [10, 18, 11, 17], [8, 6, 9, 5]]"
11a_3_43,"[[8, 6, 9, 5], [14, 10, 15, 9], [12, 7, 13, 8], [6, 13, 7, 14], [18, 12, 19, 11], [2, 19, 3, 20], [22, 15, 1, 16], [16, 1, 17, 2], [4, 21, 5, 22], [20, 3, 21, 4], [10, 18, 11, 17]]"
11a_3_44,"[[11, 19, 12, 18], [9, 7, 10, 6], [15, 11, 16, 10], [13, 8, 14, 9], [7, 14, 8, 15], [19, 13, 20, 12], [3, 20, 4, 21], [1, 16, 2, 17], [17, 2, 18, 3], [5, 22, 6, 1], [21, 4, 22, 5]]"
11a_3_45,"[[21, 4, 22, 5], [11, 19, 12, 18], [9, 7, 10, 6], [15, 11, 16, 10], [13, 8, 14, 9], [7, 14, 8, 15], [19, 13, 20, 12], [3, 20, 4, 21], [1, 16, 2, 17], [17, 2, 18, 3], [5, 22, 6, 1]]"
11a_3_46,"[[5, 22, 6, 1], [21, 4, 22, 5], [11, 19, 12, 18], [9, 7, 10, 6], [15, 11, 16, 10], [13, 8, 14, 9], [7, 14, 8, 15], [19, 13, 20, 12], [3, 20, 4, 21], [1, 16, 2, 17], [17, 2, 18, 3]]"
11a_3_47,"[[17, 2, 18, 3], [5, 22, 6, 1], [21, 4, 22, 5], [11, 19, 12, 18], [9, 7, 10, 6], [15, 11, 16, 10], [13, 8, 14, 9], [7, 14, 8, 15], [19, 13, 20, 12], [3, 20, 4, 21], [1, 16, 2, 17]]"
11a_3_48,"[[1, 16, 2, 17], [17, 2, 18, 3], [5, 22, 6, 1], [21, 4, 22, 5], [11, 19, 12, 18], [9, 7, 10, 6], [15, 11, 16, 10], [13, 8, 14, 9], [7, 14, 8, 15], [19, 13, 20, 12], [3, 20, 4, 21]]"
11a_3_49,"[[3, 20, 4, 21], [1, 16, 2, 17], [17, 2, 18, 3], [5, 22, 6, 1], [21, 4, 22, 5], [11, 19, 12, 18], [9, 7, 10, 6], [15, 11, 16, 10], [13, 8, 14, 9], [7, 14, 8, 15], [19, 13, 20, 12]]"
11a_3_50,"[[19, 13, 20, 12], [3, 20, 4, 21], [1, 16, 2, 17], [17, 2, 18, 3], [5, 22, 6, 1], [21, 4, 22, 5], [11, 19, 12, 18], [9, 7, 10, 6], [15, 11, 16, 10], [13, 8, 14, 9], [7, 14, 8, 15]]"
11a_3_51,"[[7, 14, 8, 15], [19, 13, 20, 12], [3, 20, 4, 21], [1, 16, 2, 17], [17, 2, 18, 3], [5, 22, 6, 1], [21, 4, 22, 5], [11, 19, 12, 18], [9, 7, 10, 6], [15, 11, 16, 10], [13, 8, 14, 9]]"
11a_3_52,"[[13, 8, 14, 9], [7, 14, 8, 15], [19, 13, 20, 12], [3, 20, 4, 21], [1, 16, 2, 17], [17, 2, 18, 3], [5, 22, 6, 1], [21, 4, 22, 5], [11, 19, 12, 18], [9, 7, 10, 6], [15, 11, 16, 10]]"
11a_3_53,"[[15, 11, 16, 10], [13, 8, 14, 9], [7, 14, 8, 15], [19, 13, 20, 12], [3, 20, 4, 21], [1, 16, 2, 17], [17, 2, 18, 3], [5, 22, 6, 1], [21, 4, 22, 5], [11, 19, 12, 18], [9, 7, 10, 6]]"
11a_3_54,"[[9, 7, 10, 6], [15, 11, 16, 10], [13, 8, 14, 9], [7, 14, 8, 15], [19, 13, 20, 12], [3, 20, 4, 21], [1, 16, 2, 17], [17, 2, 18, 3], [5, 22, 6, 1], [21, 4, 22, 5], [11, 19, 12, 18]]"
11a_3_55,"[[12, 20, 13, 19], [10, 8, 11, 7], [16, 12, 17, 11], [14, 9, 15, 10], [8, 15, 9, 16], [20, 14, 21, 13], [4, 21, 5, 22], [2, 17, 3, 18], [18, 3, 19, 4], [6, 1, 7, 2], [22, 5, 1, 6]]"
11a_3_56,"[[22, 5, 1, 6], [12, 20, 13, 19], [10, 8, 11, 7], [16, 12, 17, 11], [14, 9, 15, 10], [8, 15, 9, 16], [20, 14, 21, 13], [4, 21, 5, 22], [2, 17, 3, 18], [18, 3, 19, 4], [6, 1, 7, 2]]"
11a_3_57,"[[6, 1, 7, 2], [22, 5, 1, 6], [12, 20, 13, 19], [10, 8, 11, 7], [16, 12, 17, 11], [14, 9, 15, 10], [8, 15, 9, 16], [20, 14, 21, 13], [4, 21, 5, 22], [2, 17, 3, 18], [18, 3, 19, 4]]"
11a_3_58,"[[18, 3, 19, 4], [6, 1, 7, 2], [22, 5, 1, 6], [12, 20, 13, 19], [10, 8, 11, 7], [16, 12, 17, 11], [14, 9, 15, 10], [8, 15, 9, 16], [20, 14, 21, 13], [4, 21, 5, 22], [2, 17, 3, 18]]"
11a_3_59,"[[2, 17, 3, 18], [18, 3, 19, 4], [6, 1, 7, 2], [22, 5, 1, 6], [12, 20, 13, 19], [10, 8, 11, 7], [16, 12, 17, 11], [14, 9, 15, 10], [8, 15, 9, 16], [20, 14, 21, 13], [4, 21, 5, 22]]"
11a_3_60,"[[4, 21, 5, 22], [2, 17, 3, 18], [18, 3, 19, 4], [6, 1, 7, 2], [22, 5, 1, 6], [12, 20, 13, 19], [10, 8, 11, 7], [16, 12, 17, 11], [14, 9, 15, 10], [8, 15, 9, 16], [20, 14, 21, 13]]"
11a_3_61,"[[20, 14, 21, 13], [4, 21, 5, 22], [2, 17, 3, 18], [18, 3, 19, 4], [6, 1, 7, 2], [22, 5, 1, 6], [12, 20, 13, 19], [10, 8, 11, 7], [16, 12, 17, 11], [14, 9, 15, 10], [8, 15, 9, 16]]"
11a_3_62,"[[8, 15, 9, 16], [20, 14, 21, 13], [4, 21, 5, 22], [2, 17, 3, 18], [18, 3, 19, 4], [6, 1, 7, 2], [22, 5, 1, 6], [12, 20, 13, 19], [10, 8, 11, 7], [16, 12, 17, 11], [14, 9, 15, 10]]"
11a_3_63,"[[14, 9, 15, 10], [8, 15, 9, 16], [20, 14, 21, 13], [4, 21, 5, 22], [2, 17, 3, 18], [18, 3, 19, 4], [6, 1, 7, 2], [22, 5, 1, 6], [12, 20, 13, 19], [10, 8, 11, 7], [16, 12, 17, 11]]"
11a_3_64,"[[16, 12, 17, 11], [14, 9, 15, 10], [8, 15, 9, 16], [20, 14, 21, 13], [4, 21, 5, 22], [2, 17, 3, 18], [18, 3, 19, 4], [6, 1, 7, 2], [22, 5, 1, 6], [12, 20, 13, 19], [10, 8, 11, 7]]"
11a_3_65,"[[10, 8, 11, 7], [16, 12, 17, 11], [14, 9, 15, 10], [8, 15, 9, 16], [20, 14, 21, 13], [4, 21, 5, 22], [2, 17, 3, 18], [18, 3, 19, 4], [6, 1, 7, 2], [22, 5, 1, 6], [12, 20, 13, 19]]"
11a_3_66,"[[13, 21, 14, 20], [11, 9, 12, 8], [17, 13, 18, 12], [15, 10, 16, 11], [9, 16, 10, 17], [21, 15, 22, 14], [5, 22, 6, 1], [3, 18, 4, 19], [19, 4, 20, 5], [7, 2, 8, 3], [1, 6, 2, 7]]"
11a_3_67,"[[1, 6, 2, 7], [13, 21, 14, 20], [11, 9, 12, 8], [17, 13, 18, 12], [15, 10, 16, 11], [9, 16, 10, 17], [21, 15, 22, 14], [5, 22, 6, 1], [3, 18, 4, 19], [19, 4, 20, 5], [7, 2, 8, 3]]"
11a_3_68,"[[7, 2, 8, 3], [1, 6, 2, 7], [13, 21, 14, 20], [11, 9, 12, 8], [17, 13, 18, 12], [15, 10, 16, 11], [9, 16, 10, 17], [21, 15, 22, 14], [5, 22, 6, 1], [3, 18, 4, 19], [19, 4, 20, 5]]"
11a_3_69,"[[19, 4, 20, 5], [7, 2, 8, 3], [1, 6, 2, 7], [13, 21, 14, 20], [11, 9, 12, 8], [17, 13, 18, 12], [15, 10, 16, 11], [9, 16, 10, 17], [21, 15, 22, 14], [5, 22, 6, 1], [3, 18, 4, 19]]"
11a_3_70,"[[3, 18, 4, 19], [19, 4, 20, 5], [7, 2, 8, 3], [1, 6, 2, 7], [13, 21, 14, 20], [11, 9, 12, 8], [17, 13, 18, 12], [15, 10, 16, 11], [9, 16, 10, 17], [21, 15, 22, 14], [5, 22, 6, 1]]"
11a_3_71,"[[5, 22, 6, 1], [3, 18, 4, 19], [19, 4, 20, 5], [7, 2, 8, 3], [1, 6, 2, 7], [13, 21, 14, 20], [11, 9, 12, 8], [17, 13, 18, 12], [15, 10, 16, 11], [9, 16, 10, 17], [21, 15, 22, 14]]"
11a_3_72,"[[21, 15, 22, 14], [5, 22, 6, 1], [3, 18, 4, 19], [19, 4, 20, 5], [7, 2, 8, 3], [1, 6, 2, 7], [13, 21, 14, 20], [11, 9, 12, 8], [17, 13, 18, 12], [15, 10, 16, 11], [9, 16, 10, 17]]"
11a_3_73,"[[9, 16, 10, 17], [21, 15, 22, 14], [5, 22, 6, 1], [3, 18, 4, 19], [19, 4, 20, 5], [7, 2, 8, 3], [1, 6, 2, 7], [13, 21, 14, 20], [11, 9, 12, 8], [17, 13, 18, 12], [15, 10, 16, 11]]"
11a_3_74,"[[15, 10, 16, 11], [9, 16, 10, 17], [21, 15, 22, 14], [5, 22, 6, 1], [3, 18, 4, 19], [19, 4, 20, 5], [7, 2, 8, 3], [1, 6, 2, 7], [13, 21, 14, 20], [11, 9, 12, 8], [17, 13, 18, 12]]"
11a_3_75,"[[17, 13, 18, 12], [15, 10, 16, 11], [9, 16, 10, 17], [21, 15, 22, 14], [5, 22, 6, 1], [3, 18, 4, 19], [19, 4, 20, 5], [7, 2, 8, 3], [1, 6, 2, 7], [13, 21, 14, 20], [11, 9, 12, 8]]"
11a_3_76,"[[11, 9, 12, 8], [17, 13, 18, 12], [15, 10, 16, 11], [9, 16, 10, 17], [21, 15, 22, 14], [5, 22, 6, 1], [3, 18, 4, 19], [19, 4, 20, 5], [7, 2, 8, 3], [1, 6, 2, 7], [13, 21, 14, 20]]"
11a_3_77,"[[14, 22, 15, 21], [12, 10, 13, 9], [18, 14, 19, 13], [16, 11, 17, 12], [10, 17, 11, 18], [22, 16, 1, 15], [6, 1, 7, 2], [4, 19, 5, 20], [20, 5, 21, 6], [8, 3, 9, 4], [2, 7, 3, 8]]"
11a_3_78,"[[2, 7, 3, 8], [14, 22, 15, 21], [12, 10, 13, 9], [18, 14, 19, 13], [16, 11, 17, 12], [10, 17, 11, 18], [22, 16, 1, 15], [6, 1, 7, 2], [4, 19, 5, 20], [20, 5, 21, 6], [8, 3, 9, 4]]"
11a_3_79,"[[8, 3, 9, 4], [2, 7, 3, 8], [14, 22, 15, 21], [12, 10, 13, 9], [18, 14, 19, 13], [16, 11, 17, 12], [10, 17, 11, 18], [22, 16, 1, 15], [6, 1, 7, 2], [4, 19, 5, 20], [20, 5, 21, 6]]"
11a_3_80,"[[20, 5, 21, 6], [8, 3, 9, 4], [2, 7, 3, 8], [14, 22, 15, 21], [12, 10, 13, 9], [18, 14, 19, 13], [16, 11, 17, 12], [10, 17, 11, 18], [22, 16, 1, 15], [6, 1, 7, 2], [4, 19, 5, 20]]"
11a_3_81,"[[4, 19, 5, 20], [20, 5, 21, 6], [8, 3, 9, 4], [2, 7, 3, 8], [14, 22, 15, 21], [12, 10, 13, 9], [18, 14, 19, 13], [16, 11, 17, 12], [10, 17, 11, 18], [22, 16, 1, 15], [6, 1, 7, 2]]"
11a_3_82,"[[6, 1, 7, 2], [4, 19, 5, 20], [20, 5, 21, 6], [8, 3, 9, 4], [2, 7, 3, 8], [14, 22, 15, 21], [12, 10, 13, 9], [18, 14, 19, 13], [16, 11, 17, 12], [10, 17, 11, 18], [22, 16, 1, 15]]"
11a_3_83,"[[22, 16, 1, 15], [6, 1, 7, 2], [4, 19, 5, 20], [20, 5, 21, 6], [8, 3, 9, 4], [2, 7, 3, 8], [14, 22, 15, 21], [12, 10, 13, 9], [18, 14, 19, 13], [16, 11, 17, 12], [10, 17, 11, 18]]"
11a_3_84,"[[10, 17, 11, 18], [22, 16, 1, 15], [6, 1, 7, 2], [4, 19, 5, 20], [20, 5, 21, 6], [8, 3, 9, 4], [2, 7, 3, 8], [14, 22, 15, 21], [12, 10, 13, 9], [18, 14, 19, 13], [16, 11, 17, 12]]"
11a_3_85,"[[16, 11, 17, 12], [10, 17, 11, 18], [22, 16, 1, 15], [6, 1, 7, 2], [4, 19, 5, 20], [20, 5, 21, 6], [8, 3, 9, 4], [2, 7, 3, 8], [14, 22, 15, 21], [12, 10, 13, 9], [18, 14, 19, 13]]"
11a_3_86,"[[18, 14, 19, 13], [16, 11, 17, 12], [10, 17, 11, 18], [22, 16, 1, 15], [6, 1, 7, 2], [4, 19, 5, 20], [20, 5, 21, 6], [8, 3, 9, 4], [2, 7, 3, 8], [14, 22, 15, 21], [12, 10, 13, 9]]"
11a_3_87,"[[12, 10, 13, 9], [18, 14, 19, 13], [16, 11, 17, 12], [10, 17, 11, 18], [22, 16, 1, 15], [6, 1, 7, 2], [4, 19, 5, 20], [20, 5, 21, 6], [8, 3, 9, 4], [2, 7, 3, 8], [14, 22, 15, 21]]"
11a_3_88,"[[15, 1, 16, 22], [13, 11, 14, 10], [19, 15, 20, 14], [17, 12, 18, 13], [11, 18, 12, 19], [1, 17, 2, 16], [7, 2, 8, 3], [5, 20, 6, 21], [21, 6, 22, 7], [9, 4, 10, 5], [3, 8, 4, 9]]"
11a_3_89,"[[3, 8, 4, 9], [15, 1, 16, 22], [13, 11, 14, 10], [19, 15, 20, 14], [17, 12, 18, 13], [11, 18, 12, 19], [1, 17, 2, 16], [7, 2, 8, 3], [5, 20, 6, 21], [21, 6, 22, 7], [9, 4, 10, 5]]"
11a_3_90,"[[9, 4, 10, 5], [3, 8, 4, 9], [15, 1, 16, 22], [13, 11, 14, 10], [19, 15, 20, 14], [17, 12, 18, 13], [11, 18, 12, 19], [1, 17, 2, 16], [7, 2, 8, 3], [5, 20, 6, 21], [21, 6, 22, 7]]"
11a_3_91,"[[21, 6, 22, 7], [9, 4, 10, 5], [3, 8, 4, 9], [15, 1, 16, 22], [13, 11, 14, 10], [19, 15, 20, 14], [17, 12, 18, 13], [11, 18, 12, 19], [1, 17, 2, 16], [7, 2, 8, 3], [5, 20, 6, 21]]"
11a_3_92,"[[5, 20, 6, 21], [21, 6, 22, 7], [9, 4, 10, 5], [3, 8, 4, 9], [15, 1, 16, 22], [13, 11, 14, 10], [19, 15, 20, 14], [17, 12, 18, 13], [11, 18, 12, 19], [1, 17, 2, 16], [7, 2, 8, 3]]"
11a_3_93,"[[7, 2, 8, 3], [5, 20, 6, 21], [21, 6, 22, 7], [9, 4, 10, 5], [3, 8, 4, 9], [15, 1, 16, 22], [13, 11, 14, 10], [19, 15, 20, 14], [17, 12, 18, 13], [11, 18, 12, 19], [1, 17, 2, 16]]"
11a_3_94,"[[1, 17, 2, 16], [7, 2, 8, 3], [5, 20, 6, 21], [21, 6, 22, 7], [9, 4, 10, 5], [3, 8, 4, 9], [15, 1, 16, 22], [13, 11, 14, 10], [19, 15, 20, 14], [17, 12, 18, 13], [11, 18, 12, 19]]"
11a_3_95,"[[11, 18, 12, 19], [1, 17, 2, 16], [7, 2, 8, 3], [5, 20, 6, 21], [21, 6, 22, 7], [9, 4, 10, 5], [3, 8, 4, 9], [15, 1, 16, 22], [13, 11, 14, 10], [19, 15, 20, 14], [17, 12, 18, 13]]"
11a_3_96,"[[17, 12, 18, 13], [11, 18, 12, 19], [1, 17, 2, 16], [7, 2, 8, 3], [5, 20, 6, 21], [21, 6, 22, 7], [9, 4, 10, 5], [3, 8, 4, 9], [15, 1, 16, 22], [13, 11, 14, 10], [19, 15, 20, 14]]"
11a_3_97,"[[19, 15, 20, 14], [17, 12, 18, 13], [11, 18, 12, 19], [1, 17, 2, 16], [7, 2, 8, 3], [5, 20, 6, 21], [21, 6, 22, 7], [9, 4, 10, 5], [3, 8, 4, 9], [15, 1, 16, 22], [13, 11, 14, 10]]"
11a_3_98,"[[13, 11, 14, 10], [19, 15, 20, 14], [17, 12, 18, 13], [11, 18, 12, 19], [1, 17, 2, 16], [7, 2, 8, 3], [5, 20, 6, 21], [21, 6, 22, 7], [9, 4, 10, 5], [3, 8, 4, 9], [15, 1, 16, 22]]"
11a_3_99,"[[16, 2, 17, 1], [14, 12, 15, 11], [20, 16, 21, 15], [18, 13, 19, 14], [12, 19, 13, 20], [2, 18, 3, 17], [8, 3, 9, 4], [6, 21, 7, 22], [22, 7, 1, 8], [10, 5, 11, 6], [4, 9, 5, 10]]"
11a_3_100,"[[4, 9, 5, 10], [16, 2, 17, 1], [14, 12, 15, 11], [20, 16, 21, 15], [18, 13, 19, 14], [12, 19, 13, 20], [2, 18, 3, 17], [8, 3, 9, 4], [6, 21, 7, 22], [22, 7, 1, 8], [10, 5, 11, 6]]"
11a_3_101,"[[10, 5, 11, 6], [4, 9, 5, 10], [16, 2, 17, 1], [14, 12, 15, 11], [20, 16, 21, 15], [18, 13, 19, 14], [12, 19, 13, 20], [2, 18, 3, 17], [8, 3, 9, 4], [6, 21, 7, 22], [22, 7, 1, 8]]"
11a_3_102,"[[22, 7, 1, 8], [10, 5, 11, 6], [4, 9, 5, 10], [16, 2, 17, 1], [14, 12, 15, 11], [20, 16, 21, 15], [18, 13, 19, 14], [12, 19, 13, 20], [2, 18, 3, 17], [8, 3, 9, 4], [6, 21, 7, 22]]"
11a_3_103,"[[6, 21, 7, 22], [22, 7, 1, 8], [10, 5, 11, 6], [4, 9, 5, 10], [16, 2, 17, 1], [14, 12, 15, 11], [20, 16, 21, 15], [18, 13, 19, 14], [12, 19, 13, 20], [2, 18, 3, 17], [8, 3, 9, 4]]"
11a_3_104,"[[8, 3, 9, 4], [6, 21, 7, 22], [22, 7, 1, 8], [10, 5, 11, 6], [4, 9, 5, 10], [16, 2, 17, 1], [14, 12, 15, 11], [20, 16, 21, 15], [18, 13, 19, 14], [12, 19, 13, 20], [2, 18, 3, 17]]"
11a_3_105,"[[2, 18, 3, 17], [8, 3, 9, 4], [6, 21, 7, 22], [22, 7, 1, 8], [10, 5, 11, 6], [4, 9, 5, 10], [16, 2, 17, 1], [14, 12, 15, 11], [20, 16, 21, 15], [18, 13, 19, 14], [12, 19, 13, 20]]"
11a_3_106,"[[12, 19, 13, 20], [2, 18, 3, 17], [8, 3, 9, 4], [6, 21, 7, 22], [22, 7, 1, 8], [10, 5, 11, 6], [4, 9, 5, 10], [16, 2, 17, 1], [14, 12, 15, 11], [20, 16, 21, 15], [18, 13, 19, 14]]"
11a_3_107,"[[18, 13, 19, 14], [12, 19, 13, 20], [2, 18, 3, 17], [8, 3, 9, 4], [6, 21, 7, 22], [22, 7, 1, 8], [10, 5, 11, 6], [4, 9, 5, 10], [16, 2, 17, 1], [14, 12, 15, 11], [20, 16, 21, 15]]"
11a_3_108,"[[20, 16, 21, 15], [18, 13, 19, 14], [12, 19, 13, 20], [2, 18, 3, 17], [8, 3, 9, 4], [6, 21, 7, 22], [22, 7, 1, 8], [10, 5, 11, 6], [4, 9, 5, 10], [16, 2, 17, 1], [14, 12, 15, 11]]"
11a_3_109,"[[14, 12, 15, 11], [20, 16, 21, 15], [18, 13, 19, 14], [12, 19, 13, 20], [2, 18, 3, 17], [8, 3, 9, 4], [6, 21, 7, 22], [22, 7, 1, 8], [10, 5, 11, 6], [4, 9, 5, 10], [16, 2, 17, 1]]"
11a_3_110,"[[17, 3, 18, 2], [15, 13, 16, 12], [21, 17, 22, 16], [19, 14, 20, 15], [13, 20, 14, 21], [3, 19, 4, 18], [9, 4, 10, 5], [7, 22, 8, 1], [1, 8, 2, 9], [11, 6, 12, 7], [5, 10, 6, 11]]"
11a_3_111,"[[5, 10, 6, 11], [17, 3, 18, 2], [15, 13, 16, 12], [21, 17, 22, 16], [19, 14, 20, 15], [13, 20, 14, 21], [3, 19, 4, 18], [9, 4, 10, 5], [7, 22, 8, 1], [1, 8, 2, 9], [11, 6, 12, 7]]"
11a_3_112,"[[11, 6, 12, 7], [5, 10, 6, 11], [17, 3, 18, 2], [15, 13, 16, 12], [21, 17, 22, 16], [19, 14, 20, 15], [13, 20, 14, 21], [3, 19, 4, 18], [9, 4, 10, 5], [7, 22, 8, 1], [1, 8, 2, 9]]"
11a_3_113,"[[1, 8, 2, 9], [11, 6, 12, 7], [5, 10, 6, 11], [17, 3, 18, 2], [15, 13, 16, 12], [21, 17, 22, 16], [19, 14, 20, 15], [13, 20, 14, 21], [3, 19, 4, 18], [9, 4, 10, 5], [7, 22, 8, 1]]"
11a_3_114,"[[7, 22, 8, 1], [1, 8, 2, 9], [11, 6, 12, 7], [5, 10, 6, 11], [17, 3, 18, 2], [15, 13, 16, 12], [21, 17, 22, 16], [19, 14, 20, 15], [13, 20, 14, 21], [3, 19, 4, 18], [9, 4, 10, 5]]"
11a_3_115,"[[9, 4, 10, 5], [7, 22, 8, 1], [1, 8, 2, 9], [11, 6, 12, 7], [5, 10, 6, 11], [17, 3, 18, 2], [15, 13, 16, 12], [21, 17, 22, 16], [19, 14, 20, 15], [13, 20, 14, 21], [3, 19, 4, 18]]"
11a_3_116,"[[3, 19, 4, 18], [9, 4, 10, 5], [7, 22, 8, 1], [1, 8, 2, 9], [11, 6, 12, 7], [5, 10, 6, 11], [17, 3, 18, 2], [15, 13, 16, 12], [21, 17, 22, 16], [19, 14, 20, 15], [13, 20, 14, 21]]"
11a_3_117,"[[13, 20, 14, 21], [3, 19, 4, 18], [9, 4, 10, 5], [7, 22, 8, 1], [1, 8, 2, 9], [11, 6, 12, 7], [5, 10, 6, 11], [17, 3, 18, 2], [15, 13, 16, 12], [21, 17, 22, 16], [19, 14, 20, 15]]"
11a_3_118,"[[19, 14, 20, 15], [13, 20, 14, 21], [3, 19, 4, 18], [9, 4, 10, 5], [7, 22, 8, 1], [1, 8, 2, 9], [11, 6, 12, 7], [5, 10, 6, 11], [17, 3, 18, 2], [15, 13, 16, 12], [21, 17, 22, 16]]"
11a_3_119,"[[21, 17, 22, 16], [19, 14, 20, 15], [13, 20, 14, 21], [3, 19, 4, 18], [9, 4, 10, 5], [7, 22, 8, 1], [1, 8, 2, 9], [11, 6, 12, 7], [5, 10, 6, 11], [17, 3, 18, 2], [15, 13, 16, 12]]"
11a_3_120,"[[15, 13, 16, 12], [21, 17, 22, 16], [19, 14, 20, 15], [13, 20, 14, 21], [3, 19, 4, 18], [9, 4, 10, 5], [7, 22, 8, 1], [1, 8, 2, 9], [11, 6, 12, 7], [5, 10, 6, 11], [17, 3, 18, 2]]"
11a_3_121,"[[18, 4, 19, 3], [16, 14, 17, 13], [22, 18, 1, 17], [20, 15, 21, 16], [14, 21, 15, 22], [4, 20, 5, 19], [10, 5, 11, 6], [8, 1, 9, 2], [2, 9, 3, 10], [12, 7, 13, 8], [6, 11, 7, 12]]"
11a_3_122,"[[6, 11, 7, 12], [18, 4, 19, 3], [16, 14, 17, 13], [22, 18, 1, 17], [20, 15, 21, 16], [14, 21, 15, 22], [4, 20, 5, 19], [10, 5, 11, 6], [8, 1, 9, 2], [2, 9, 3, 10], [12, 7, 13, 8]]"
11a_3_123,"[[12, 7, 13, 8], [6, 11, 7, 12], [18, 4, 19, 3], [16, 14, 17, 13], [22, 18, 1, 17], [20, 15, 21, 16], [14, 21, 15, 22], [4, 20, 5, 19], [10, 5, 11, 6], [8, 1, 9, 2], [2, 9, 3, 10]]"
11a_3_124,"[[2, 9, 3, 10], [12, 7, 13, 8], [6, 11, 7, 12], [18, 4, 19, 3], [16, 14, 17, 13], [22, 18, 1, 17], [20, 15, 21, 16], [14, 21, 15, 22], [4, 20, 5, 19], [10, 5, 11, 6], [8, 1, 9, 2]]"
11a_3_125,"[[8, 1, 9, 2], [2, 9, 3, 10], [12, 7, 13, 8], [6, 11, 7, 12], [18, 4, 19, 3], [16, 14, 17, 13], [22, 18, 1, 17], [20, 15, 21, 16], [14, 21, 15, 22], [4, 20, 5, 19], [10, 5, 11, 6]]"
11a_3_126,"[[10, 5, 11, 6], [8, 1, 9, 2], [2, 9, 3, 10], [12, 7, 13, 8], [6, 11, 7, 12], [18, 4, 19, 3], [16, 14, 17, 13], [22, 18, 1, 17], [20, 15, 21, 16], [14, 21, 15, 22], [4, 20, 5, 19]]"
11a_3_127,"[[4, 20, 5, 19], [10, 5, 11, 6], [8, 1, 9, 2], [2, 9, 3, 10], [12, 7, 13, 8], [6, 11, 7, 12], [18, 4, 19, 3], [16, 14, 17, 13], [22, 18, 1, 17], [20, 15, 21, 16], [14, 21, 15, 22]]"
11a_3_128,"[[14, 21, 15, 22], [4, 20, 5, 19], [10, 5, 11, 6], [8, 1, 9, 2], [2, 9, 3, 10], [12, 7, 13, 8], [6, 11, 7, 12], [18, 4, 19, 3], [16, 14, 17, 13], [22, 18, 1, 17], [20, 15, 21, 16]]"
11a_3_129,"[[20, 15, 21, 16], [14, 21, 15, 22], [4, 20, 5, 19], [10, 5, 11, 6], [8, 1, 9, 2], [2, 9, 3, 10], [12, 7, 13, 8], [6, 11, 7, 12], [18, 4, 19, 3], [16, 14, 17, 13], [22, 18, 1, 17]]"
11a_3_130,"[[22, 18, 1, 17], [20, 15, 21, 16], [14, 21, 15, 22], [4, 20, 5, 19], [10, 5, 11, 6], [8, 1, 9, 2], [2, 9, 3, 10], [12, 7, 13, 8], [6, 11, 7, 12], [18, 4, 19, 3], [16, 14, 17, 13]]"
11a_3_131,"[[16, 14, 17, 13], [22, 18, 1, 17], [20, 15, 21, 16], [14, 21, 15, 22], [4, 20, 5, 19], [10, 5, 11, 6], [8, 1, 9, 2], [2, 9, 3, 10], [12, 7, 13, 8], [6, 11, 7, 12], [18, 4, 19, 3]]"
11a_3_132,"[[19, 5, 20, 4], [17, 15, 18, 14], [1, 19, 2, 18], [21, 16, 22, 17], [15, 22, 16, 1], [5, 21, 6, 20], [11, 6, 12, 7], [9, 2, 10, 3], [3, 10, 4, 11], [13, 8, 14, 9], [7, 12, 8, 13]]"
11a_3_133,"[[7, 12, 8, 13], [19, 5, 20, 4], [17, 15, 18, 14], [1, 19, 2, 18], [21, 16, 22, 17], [15, 22, 16, 1], [5, 21, 6, 20], [11, 6, 12, 7], [9, 2, 10, 3], [3, 10, 4, 11], [13, 8, 14, 9]]"
11a_3_134,"[[13, 8, 14, 9], [7, 12, 8, 13], [19, 5, 20, 4], [17, 15, 18, 14], [1, 19, 2, 18], [21, 16, 22, 17], [15, 22, 16, 1], [5, 21, 6, 20], [11, 6, 12, 7], [9, 2, 10, 3], [3, 10, 4, 11]]"
11a_3_135,"[[3, 10, 4, 11], [13, 8, 14, 9], [7, 12, 8, 13], [19, 5, 20, 4], [17, 15, 18, 14], [1, 19, 2, 18], [21, 16, 22, 17], [15, 22, 16, 1], [5, 21, 6, 20], [11, 6, 12, 7], [9, 2, 10, 3]]"
11a_3_136,"[[9, 2, 10, 3], [3, 10, 4, 11], [13, 8, 14, 9], [7, 12, 8, 13], [19, 5, 20, 4], [17, 15, 18, 14], [1, 19, 2, 18], [21, 16, 22, 17], [15, 22, 16, 1], [5, 21, 6, 20], [11, 6, 12, 7]]"
11a_3_137,"[[11, 6, 12, 7], [9, 2, 10, 3], [3, 10, 4, 11], [13, 8, 14, 9], [7, 12, 8, 13], [19, 5, 20, 4], [17, 15, 18, 14], [1, 19, 2, 18], [21, 16, 22, 17], [15, 22, 16, 1], [5, 21, 6, 20]]"
11a_3_138,"[[5, 21, 6, 20], [11, 6, 12, 7], [9, 2, 10, 3], [3, 10, 4, 11], [13, 8, 14, 9], [7, 12, 8, 13], [19, 5, 20, 4], [17, 15, 18, 14], [1, 19, 2, 18], [21, 16, 22, 17], [15, 22, 16, 1]]"
11a_3_139,"[[15, 22, 16, 1], [5, 21, 6, 20], [11, 6, 12, 7], [9, 2, 10, 3], [3, 10, 4, 11], [13, 8, 14, 9], [7, 12, 8, 13], [19, 5, 20, 4], [17, 15, 18, 14], [1, 19, 2, 18], [21, 16, 22, 17]]"
11a_3_140,"[[21, 16, 22, 17], [15, 22, 16, 1], [5, 21, 6, 20], [11, 6, 12, 7], [9, 2, 10, 3], [3, 10, 4, 11], [13, 8, 14, 9], [7, 12, 8, 13], [19, 5, 20, 4], [17, 15, 18, 14], [1, 19, 2, 18]]"
11a_3_141,"[[1, 19, 2, 18], [21, 16, 22, 17], [15, 22, 16, 1], [5, 21, 6, 20], [11, 6, 12, 7], [9, 2, 10, 3], [3, 10, 4, 11], [13, 8, 14, 9], [7, 12, 8, 13], [19, 5, 20, 4], [17, 15, 18, 14]]"
11a_3_142,"[[17, 15, 18, 14], [1, 19, 2, 18], [21, 16, 22, 17], [15, 22, 16, 1], [5, 21, 6, 20], [11, 6, 12, 7], [9, 2, 10, 3], [3, 10, 4, 11], [13, 8, 14, 9], [7, 12, 8, 13], [19, 5, 20, 4]]"
11a_3_143,"[[20, 6, 21, 5], [18, 16, 19, 15], [2, 20, 3, 19], [22, 17, 1, 18], [16, 1, 17, 2], [6, 22, 7, 21], [12, 7, 13, 8], [10, 3, 11, 4], [4, 11, 5, 12], [14, 9, 15, 10], [8, 13, 9, 14]]"
11a_3_144,"[[8, 13, 9, 14], [20, 6, 21, 5], [18, 16, 19, 15], [2, 20, 3, 19], [22, 17, 1, 18], [16, 1, 17, 2], [6, 22, 7, 21], [12, 7, 13, 8], [10, 3, 11, 4], [4, 11, 5, 12], [14, 9, 15, 10]]"
11a_3_145,"[[14, 9, 15, 10], [8, 13, 9, 14], [20, 6, 21, 5], [18, 16, 19, 15], [2, 20, 3, 19], [22, 17, 1, 18], [16, 1, 17, 2], [6, 22, 7, 21], [12, 7, 13, 8], [10, 3, 11, 4], [4, 11, 5, 12]]"
11a_3_146,"[[4, 11, 5, 12], [14, 9, 15, 10], [8, 13, 9, 14], [20, 6, 21, 5], [18, 16, 19, 15], [2, 20, 3, 19], [22, 17, 1, 18], [16, 1, 17, 2], [6, 22, 7, 21], [12, 7, 13, 8], [10, 3, 11, 4]]"
11a_3_147,"[[10, 3, 11, 4], [4, 11, 5, 12], [14, 9, 15, 10], [8, 13, 9, 14], [20, 6, 21, 5], [18, 16, 19, 15], [2, 20, 3, 19], [22, 17, 1, 18], [16, 1, 17, 2], [6, 22, 7, 21], [12, 7, 13, 8]]"
11a_3_148,"[[12, 7, 13, 8], [10, 3, 11, 4], [4, 11, 5, 12], [14, 9, 15, 10], [8, 13, 9, 14], [20, 6, 21, 5], [18, 16, 19, 15], [2, 20, 3, 19], [22, 17, 1, 18], [16, 1, 17, 2], [6, 22, 7, 21]]"
11a_3_149,"[[6, 22, 7, 21], [12, 7, 13, 8], [10, 3, 11, 4], [4, 11, 5, 12], [14, 9, 15, 10], [8, 13, 9, 14], [20, 6, 21, 5], [18, 16, 19, 15], [2, 20, 3, 19], [22, 17, 1, 18], [16, 1, 17, 2]]"
11a_3_150,"[[16, 1, 17, 2], [6, 22, 7, 21], [12, 7, 13, 8], [10, 3, 11, 4], [4, 11, 5, 12], [14, 9, 15, 10], [8, 13, 9, 14], [20, 6, 21, 5], [18, 16, 19, 15], [2, 20, 3, 19], [22, 17, 1, 18]]"
11a_3_151,"[[22, 17, 1, 18], [16, 1, 17, 2], [6, 22, 7, 21], [12, 7, 13, 8], [10, 3, 11, 4], [4, 11, 5, 12], [14, 9, 15, 10], [8, 13, 9, 14], [20, 6, 21, 5], [18, 16, 19, 15], [2, 20, 3, 19]]"
11a_3_152,"[[2, 20, 3, 19], [22, 17, 1, 18], [16, 1, 17, 2], [6, 22, 7, 21], [12, 7, 13, 8], [10, 3, 11, 4], [4, 11, 5, 12], [14, 9, 15, 10], [8, 13, 9, 14], [20, 6, 21, 5], [18, 16, 19, 15]]"
11a_3_153,"[[18, 16, 19, 15], [2, 20, 3, 19], [22, 17, 1, 18], [16, 1, 17, 2], [6, 22, 7, 21], [12, 7, 13, 8], [10, 3, 11, 4], [4, 11, 5, 12], [14, 9, 15, 10], [8, 13, 9, 14], [20, 6, 21, 5]]"
11a_3_154,"[[21, 7, 22, 6], [19, 17, 20, 16], [3, 21, 4, 20], [1, 18, 2, 19], [17, 2, 18, 3], [7, 1, 8, 22], [13, 8, 14, 9], [11, 4, 12, 5], [5, 12, 6, 13], [15, 10, 16, 11], [9, 14, 10, 15]]"
11a_3_155,"[[9, 14, 10, 15], [21, 7, 22, 6], [19, 17, 20, 16], [3, 21, 4, 20], [1, 18, 2, 19], [17, 2, 18, 3], [7, 1, 8, 22], [13, 8, 14, 9], [11, 4, 12, 5], [5, 12, 6, 13], [15, 10, 16, 11]]"
11a_3_156,"[[15, 10, 16, 11], [9, 14, 10, 15], [21, 7, 22, 6], [19, 17, 20, 16], [3, 21, 4, 20], [1, 18, 2, 19], [17, 2, 18, 3], [7, 1, 8, 22], [13, 8, 14, 9], [11, 4, 12, 5], [5, 12, 6, 13]]"
11a_3_157,"[[5, 12, 6, 13], [15, 10, 16, 11], [9, 14, 10, 15], [21, 7, 22, 6], [19, 17, 20, 16], [3, 21, 4, 20], [1, 18, 2, 19], [17, 2, 18, 3], [7, 1, 8, 22], [13, 8, 14, 9], [11, 4, 12, 5]]"
11a_3_158,"[[11, 4, 12, 5], [5, 12, 6, 13], [15, 10, 16, 11], [9, 14, 10, 15], [21, 7, 22, 6], [19, 17, 20, 16], [3, 21, 4, 20], [1, 18, 2, 19], [17, 2, 18, 3], [7, 1, 8, 22], [13, 8, 14, 9]]"
11a_3_159,"[[13, 8, 14, 9], [11, 4, 12, 5], [5, 12, 6, 13], [15, 10, 16, 11], [9, 14, 10, 15], [21, 7, 22, 6], [19, 17, 20, 16], [3, 21, 4, 20], [1, 18, 2, 19], [17, 2, 18, 3], [7, 1, 8, 22]]"
11a_3_160,"[[7, 1, 8, 22], [13, 8, 14, 9], [11, 4, 12, 5], [5, 12, 6, 13], [15, 10, 16, 11], [9, 14, 10, 15], [21, 7, 22, 6], [19, 17, 20, 16], [3, 21, 4, 20], [1, 18, 2, 19], [17, 2, 18, 3]]"
11a_3_161,"[[17, 2, 18, 3], [7, 1, 8, 22], [13, 8, 14, 9], [11, 4, 12, 5], [5, 12, 6, 13], [15, 10, 16, 11], [9, 14, 10, 15], [21, 7, 22, 6], [19, 17, 20, 16], [3, 21, 4, 20], [1, 18, 2, 19]]"
11a_3_162,"[[1, 18, 2, 19], [17, 2, 18, 3], [7, 1, 8, 22], [13, 8, 14, 9], [11, 4, 12, 5], [5, 12, 6, 13], [15, 10, 16, 11], [9, 14, 10, 15], [21, 7, 22, 6], [19, 17, 20, 16], [3, 21, 4, 20]]"
11a_3_163,"[[3, 21, 4, 20], [1, 18, 2, 19], [17, 2, 18, 3], [7, 1, 8, 22], [13, 8, 14, 9], [11, 4, 12, 5], [5, 12, 6, 13], [15, 10, 16, 11], [9, 14, 10, 15], [21, 7, 22, 6], [19, 17, 20, 16]]"
11a_3_164,"[[19, 17, 20, 16], [3, 21, 4, 20], [1, 18, 2, 19], [17, 2, 18, 3], [7, 1, 8, 22], [13, 8, 14, 9], [11, 4, 12, 5], [5, 12, 6, 13], [15, 10, 16, 11], [9, 14, 10, 15], [21, 7, 22, 6]]"
11a_3_165,"[[22, 8, 1, 7], [20, 18, 21, 17], [4, 22, 5, 21], [2, 19, 3, 20], [18, 3, 19, 4], [8, 2, 9, 1], [14, 9, 15, 10], [12, 5, 13, 6], [6, 13, 7, 14], [16, 11, 17, 12], [10, 15, 11, 16]]"
11a_3_166,"[[10, 15, 11, 16], [22, 8, 1, 7], [20, 18, 21, 17], [4, 22, 5, 21], [2, 19, 3, 20], [18, 3, 19, 4], [8, 2, 9, 1], [14, 9, 15, 10], [12, 5, 13, 6], [6, 13, 7, 14], [16, 11, 17, 12]]"
11a_3_167,"[[16, 11, 17, 12], [10, 15, 11, 16], [22, 8, 1, 7], [20, 18, 21, 17], [4, 22, 5, 21], [2, 19, 3, 20], [18, 3, 19, 4], [8, 2, 9, 1], [14, 9, 15, 10], [12, 5, 13, 6], [6, 13, 7, 14]]"
11a_3_168,"[[6, 13, 7, 14], [16, 11, 17, 12], [10, 15, 11, 16], [22, 8, 1, 7], [20, 18, 21, 17], [4, 22, 5, 21], [2, 19, 3, 20], [18, 3, 19, 4], [8, 2, 9, 1], [14, 9, 15, 10], [12, 5, 13, 6]]"
11a_3_169,"[[12, 5, 13, 6], [6, 13, 7, 14], [16, 11, 17, 12], [10, 15, 11, 16], [22, 8, 1, 7], [20, 18, 21, 17], [4, 22, 5, 21], [2, 19, 3, 20], [18, 3, 19, 4], [8, 2, 9, 1], [14, 9, 15, 10]]"
11a_3_170,"[[14, 9, 15, 10], [12, 5, 13, 6], [6, 13, 7, 14], [16, 11, 17, 12], [10, 15, 11, 16], [22, 8, 1, 7], [20, 18, 21, 17], [4, 22, 5, 21], [2, 19, 3, 20], [18, 3, 19, 4], [8, 2, 9, 1]]"
11a_3_171,"[[8, 2, 9, 1], [14, 9, 15, 10], [12, 5, 13, 6], [6, 13, 7, 14], [16, 11, 17, 12], [10, 15, 11, 16], [22, 8, 1, 7], [20, 18, 21, 17], [4, 22, 5, 21], [2, 19, 3, 20], [18, 3, 19, 4]]"
11a_3_172,"[[18, 3, 19, 4], [8, 2, 9, 1], [14, 9, 15, 10], [12, 5, 13, 6], [6, 13, 7, 14], [16, 11, 17, 12], [10, 15, 11, 16], [22, 8, 1, 7], [20, 18, 21, 17], [4, 22, 5, 21], [2, 19, 3, 20]]"
11a_3_173,"[[2, 19, 3, 20], [18, 3, 19, 4], [8, 2, 9, 1], [14, 9, 15, 10], [12, 5, 13, 6], [6, 13, 7, 14], [16, 11, 17, 12], [10, 15, 11, 16], [22, 8, 1, 7], [20, 18, 21, 17], [4, 22, 5, 21]]"
11a_3_174,"[[4, 22, 5, 21], [2, 19, 3, 20], [18, 3, 19, 4], [8, 2, 9, 1], [14, 9, 15, 10], [12, 5, 13, 6], [6, 13, 7, 14], [16, 11, 17, 12], [10, 15, 11, 16], [22, 8, 1, 7], [20, 18, 21, 17]]"
11a_3_175,"[[20, 18, 21, 17], [4, 22, 5, 21], [2, 19, 3, 20], [18, 3, 19, 4], [8, 2, 9, 1], [14, 9, 15, 10], [12, 5, 13, 6], [6, 13, 7, 14], [16, 11, 17, 12], [10, 15, 11, 16], [22, 8, 1, 7]]"
11a_3_176,"[[1, 9, 2, 8], [21, 19, 22, 18], [5, 1, 6, 22], [3, 20, 4, 21], [19, 4, 20, 5], [9, 3, 10, 2], [15, 10, 16, 11], [13, 6, 14, 7], [7, 14, 8, 15], [17, 12, 18, 13], [11, 16, 12, 17]]"
11a_3_177,"[[11, 16, 12, 17], [1, 9, 2, 8], [21, 19, 22, 18], [5, 1, 6, 22], [3, 20, 4, 21], [19, 4, 20, 5], [9, 3, 10, 2], [15, 10, 16, 11], [13, 6, 14, 7], [7, 14, 8, 15], [17, 12, 18, 13]]"
11a_3_178,"[[17, 12, 18, 13], [11, 16, 12, 17], [1, 9, 2, 8], [21, 19, 22, 18], [5, 1, 6, 22], [3, 20, 4, 21], [19, 4, 20, 5], [9, 3, 10, 2], [15, 10, 16, 11], [13, 6, 14, 7], [7, 14, 8, 15]]"
11a_3_179,"[[7, 14, 8, 15], [17, 12, 18, 13], [11, 16, 12, 17], [1, 9, 2, 8], [21, 19, 22, 18], [5, 1, 6, 22], [3, 20, 4, 21], [19, 4, 20, 5], [9, 3, 10, 2], [15, 10, 16, 11], [13, 6, 14, 7]]"
11a_3_180,"[[13, 6, 14, 7], [7, 14, 8, 15], [17, 12, 18, 13], [11, 16, 12, 17], [1, 9, 2, 8], [21, 19, 22, 18], [5, 1, 6, 22], [3, 20, 4, 21], [19, 4, 20, 5], [9, 3, 10, 2], [15, 10, 16, 11]]"
11a_3_181,"[[15, 10, 16, 11], [13, 6, 14, 7], [7, 14, 8, 15], [17, 12, 18, 13], [11, 16, 12, 17], [1, 9, 2, 8], [21, 19, 22, 18], [5, 1, 6, 22], [3, 20, 4, 21], [19, 4, 20, 5], [9, 3, 10, 2]]"
11a_3_182,"[[9, 3, 10, 2], [15, 10, 16, 11], [13, 6, 14, 7], [7, 14, 8, 15], [17, 12, 18, 13], [11, 16, 12, 17], [1, 9, 2, 8], [21, 19, 22, 18], [5, 1, 6, 22], [3, 20, 4, 21], [19, 4, 20, 5]]"
11a_3_183,"[[19, 4, 20, 5], [9, 3, 10, 2], [15, 10, 16, 11], [13, 6, 14, 7], [7, 14, 8, 15], [17, 12, 18, 13], [11, 16, 12, 17], [1, 9, 2, 8], [21, 19, 22, 18], [5, 1, 6, 22], [3, 20, 4, 21]]"
11a_3_184,"[[3, 20, 4, 21], [19, 4, 20, 5], [9, 3, 10, 2], [15, 10, 16, 11], [13, 6, 14, 7], [7, 14, 8, 15], [17, 12, 18, 13], [11, 16, 12, 17], [1, 9, 2, 8], [21, 19, 22, 18], [5, 1, 6, 22]]"
11a_3_185,"[[5, 1, 6, 22], [3, 20, 4, 21], [19, 4, 20, 5], [9, 3, 10, 2], [15, 10, 16, 11], [13, 6, 14, 7], [7, 14, 8, 15], [17, 12, 18, 13], [11, 16, 12, 17], [1, 9, 2, 8], [21, 19, 22, 18]]"
11a_3_186,"[[21, 19, 22, 18], [5, 1, 6, 22], [3, 20, 4, 21], [19, 4, 20, 5], [9, 3, 10, 2], [15, 10, 16, 11], [13, 6, 14, 7], [7, 14, 8, 15], [17, 12, 18, 13], [11, 16, 12, 17], [1, 9, 2, 8]]"
11a_3_187,"[[2, 10, 3, 9], [22, 20, 1, 19], [6, 2, 7, 1], [4, 21, 5, 22], [20, 5, 21, 6], [10, 4, 11, 3], [16, 11, 17, 12], [14, 7, 15, 8], [8, 15, 9, 16], [18, 13, 19, 14], [12, 17, 13, 18]]"
11a_3_188,"[[12, 17, 13, 18], [2, 10, 3, 9], [22, 20, 1, 19], [6, 2, 7, 1], [4, 21, 5, 22], [20, 5, 21, 6], [10, 4, 11, 3], [16, 11, 17, 12], [14, 7, 15, 8], [8, 15, 9, 16], [18, 13, 19, 14]]"
11a_3_189,"[[18, 13, 19, 14], [12, 17, 13, 18], [2, 10, 3, 9], [22, 20, 1, 19], [6, 2, 7, 1], [4, 21, 5, 22], [20, 5, 21, 6], [10, 4, 11, 3], [16, 11, 17, 12], [14, 7, 15, 8], [8, 15, 9, 16]]"
11a_3_190,"[[8, 15, 9, 16], [18, 13, 19, 14], [12, 17, 13, 18], [2, 10, 3, 9], [22, 20, 1, 19], [6, 2, 7, 1], [4, 21, 5, 22], [20, 5, 21, 6], [10, 4, 11, 3], [16, 11, 17, 12], [14, 7, 15, 8]]"
11a_3_191,"[[14, 7, 15, 8], [8, 15, 9, 16], [18, 13, 19, 14], [12, 17, 13, 18], [2, 10, 3, 9], [22, 20, 1, 19], [6, 2, 7, 1], [4, 21, 5, 22], [20, 5, 21, 6], [10, 4, 11, 3], [16, 11, 17, 12]]"
11a_3_192,"[[16, 11, 17, 12], [14, 7, 15, 8], [8, 15, 9, 16], [18, 13, 19, 14], [12, 17, 13, 18], [2, 10, 3, 9], [22, 20, 1, 19], [6, 2, 7, 1], [4, 21, 5, 22], [20, 5, 21, 6], [10, 4, 11, 3]]"
11a_3_193,"[[10, 4, 11, 3], [16, 11, 17, 12], [14, 7, 15, 8], [8, 15, 9, 16], [18, 13, 19, 14], [12, 17, 13, 18], [2, 10, 3, 9], [22, 20, 1, 19], [6, 2, 7, 1], [4, 21, 5, 22], [20, 5, 21, 6]]"
11a_3_194,"[[20, 5, 21, 6], [10, 4, 11, 3], [16, 11, 17, 12], [14, 7, 15, 8], [8, 15, 9, 16], [18, 13, 19, 14], [12, 17, 13, 18], [2, 10, 3, 9], [22, 20, 1, 19], [6, 2, 7, 1], [4, 21, 5, 22]]"
11a_3_195,"[[4, 21, 5, 22], [20, 5, 21, 6], [10, 4, 11, 3], [16, 11, 17, 12], [14, 7, 15, 8], [8, 15, 9, 16], [18, 13, 19, 14], [12, 17, 13, 18], [2, 10, 3, 9], [22, 20, 1, 19], [6, 2, 7, 1]]"
11a_3_196,"[[6, 2, 7, 1], [4, 21, 5, 22], [20, 5, 21, 6], [10, 4, 11, 3], [16, 11, 17, 12], [14, 7, 15, 8], [8, 15, 9, 16], [18, 13, 19, 14], [12, 17, 13, 18], [2, 10, 3, 9], [22, 20, 1, 19]]"
11a_3_197,"[[22, 20, 1, 19], [6, 2, 7, 1], [4, 21, 5, 22], [20, 5, 21, 6], [10, 4, 11, 3], [16, 11, 17, 12], [14, 7, 15, 8], [8, 15, 9, 16], [18, 13, 19, 14], [12, 17, 13, 18], [2, 10, 3, 9]]"
11a_3_198,"[[3, 11, 4, 10], [1, 21, 2, 20], [7, 3, 8, 2], [5, 22, 6, 1], [21, 6, 22, 7], [11, 5, 12, 4], [17, 12, 18, 13], [15, 8, 16, 9], [9, 16, 10, 17], [19, 14, 20, 15], [13, 18, 14, 19]]"
11a_3_199,"[[13, 18, 14, 19], [3, 11, 4, 10], [1, 21, 2, 20], [7, 3, 8, 2], [5, 22, 6, 1], [21, 6, 22, 7], [11, 5, 12, 4], [17, 12, 18, 13], [15, 8, 16, 9], [9, 16, 10, 17], [19, 14, 20, 15]]"
11a_3_200,"[[19, 14, 20, 15], [13, 18, 14, 19], [3, 11, 4, 10], [1, 21, 2, 20], [7, 3, 8, 2], [5, 22, 6, 1], [21, 6, 22, 7], [11, 5, 12, 4], [17, 12, 18, 13], [15, 8, 16, 9], [9, 16, 10, 17]]"
11a_3_201,"[[9, 16, 10, 17], [19, 14, 20, 15], [13, 18, 14, 19], [3, 11, 4, 10], [1, 21, 2, 20], [7, 3, 8, 2], [5, 22, 6, 1], [21, 6, 22, 7], [11, 5, 12, 4], [17, 12, 18, 13], [15, 8, 16, 9]]"
11a_3_202,"[[15, 8, 16, 9], [9, 16, 10, 17], [19, 14, 20, 15], [13, 18, 14, 19], [3, 11, 4, 10], [1, 21, 2, 20], [7, 3, 8, 2], [5, 22, 6, 1], [21, 6, 22, 7], [11, 5, 12, 4], [17, 12, 18, 13]]"
11a_3_203,"[[17, 12, 18, 13], [15, 8, 16, 9], [9, 16, 10, 17], [19, 14, 20, 15], [13, 18, 14, 19], [3, 11, 4, 10], [1, 21, 2, 20], [7, 3, 8, 2], [5, 22, 6, 1], [21, 6, 22, 7], [11, 5, 12, 4]]"
11a_3_204,"[[11, 5, 12, 4], [17, 12, 18, 13], [15, 8, 16, 9], [9, 16, 10, 17], [19, 14, 20, 15], [13, 18, 14, 19], [3, 11, 4, 10], [1, 21, 2, 20], [7, 3, 8, 2], [5, 22, 6, 1], [21, 6, 22, 7]]"
11a_3_205,"[[21, 6, 22, 7], [11, 5, 12, 4], [17, 12, 18, 13], [15, 8, 16, 9], [9, 16, 10, 17], [19, 14, 20, 15], [13, 18, 14, 19], [3, 11, 4, 10], [1, 21, 2, 20], [7, 3, 8, 2], [5, 22, 6, 1]]"
