name,pd_notation
11a_292_0,"[[3, 17, 4, 16], [7, 3, 8, 2], [17, 7, 18, 6], [1, 9, 2, 8], [9, 19, 10, 18], [11, 5, 12, 4], [5, 11, 6, 10], [21, 15, 22, 14], [19, 13, 20, 12], [15, 21, 16, 20], [13, 1, 14, 22]]"
11a_292_1,"[[13, 1, 14, 22], [3, 17, 4, 16], [7, 3, 8, 2], [17, 7, 18, 6], [1, 9, 2, 8], [9, 19, 10, 18], [11, 5, 12, 4], [5, 11, 6, 10], [21, 15, 22, 14], [19, 13, 20, 12], [15, 21, 16, 20]]"
11a_292_2,"[[15, 21, 16, 20], [13, 1, 14, 22], [3, 17, 4, 16], [7, 3, 8, 2], [17, 7, 18, 6], [1, 9, 2, 8], [9, 19, 10, 18], [11, 5, 12, 4], [5, 11, 6, 10], [21, 15, 22, 14], [19, 13, 20, 12]]"
11a_292_3,"[[19, 13, 20, 12], [15, 21, 16, 20], [13, 1, 14, 22], [3, 17, 4, 16], [7, 3, 8, 2], [17, 7, 18, 6], [1, 9, 2, 8], [9, 19, 10, 18], [11, 5, 12, 4], [5, 11, 6, 10], [21, 15, 22, 14]]"
11a_292_4,"[[21, 15, 22, 14], [19, 13, 20, 12], [15, 21, 16, 20], [13, 1, 14, 22], [3, 17, 4, 16], [7, 3, 8, 2], [17, 7, 18, 6], [1, 9, 2, 8], [9, 19, 10, 18], [11, 5, 12, 4], [5, 11, 6, 10]]"
11a_292_5,"[[5, 11, 6, 10], [21, 15, 22, 14], [19, 13, 20, 12], [15, 21, 16, 20], [13, 1, 14, 22], [3, 17, 4, 16], [7, 3, 8, 2], [17, 7, 18, 6], [1, 9, 2, 8], [9, 19, 10, 18], [11, 5, 12, 4]]"
11a_292_6,"[[11, 5, 12, 4], [5, 11, 6, 10], [21, 15, 22, 14], [19, 13, 20, 12], [15, 21, 16, 20], [13, 1, 14, 22], [3, 17, 4, 16], [7, 3, 8, 2], [17, 7, 18, 6], [1, 9, 2, 8], [9, 19, 10, 18]]"
11a_292_7,"[[9, 19, 10, 18], [11, 5, 12, 4], [5, 11, 6, 10], [21, 15, 22, 14], [19, 13, 20, 12], [15, 21, 16, 20], [13, 1, 14, 22], [3, 17, 4, 16], [7, 3, 8, 2], [17, 7, 18, 6], [1, 9, 2, 8]]"
11a_292_8,"[[1, 9, 2, 8], [9, 19, 10, 18], [11, 5, 12, 4], [5, 11, 6, 10], [21, 15, 22, 14], [19, 13, 20, 12], [15, 21, 16, 20], [13, 1, 14, 22], [3, 17, 4, 16], [7, 3, 8, 2], [17, 7, 18, 6]]"
11a_292_9,"[[17, 7, 18, 6], [1, 9, 2, 8], [9, 19, 10, 18], [11, 5, 12, 4], [5, 11, 6, 10], [21, 15, 22, 14], [19, 13, 20, 12], [15, 21, 16, 20], [13, 1, 14, 22], [3, 17, 4, 16], [7, 3, 8, 2]]"
11a_292_10,"[[7, 3, 8, 2], [17, 7, 18, 6], [1, 9, 2, 8], [9, 19, 10, 18], [11, 5, 12, 4], [5, 11, 6, 10], [21, 15, 22, 14], [19, 13, 20, 12], [15, 21, 16, 20], [13, 1, 14, 22], [3, 17, 4, 16]]"
11a_292_11,"[[4, 18, 5, 17], [8, 4, 9, 3], [18, 8, 19, 7], [2, 10, 3, 9], [10, 20, 11, 19], [12, 6, 13, 5], [6, 12, 7, 11], [22, 16, 1, 15], [20, 14, 21, 13], [16, 22, 17, 21], [14, 2, 15, 1]]"
11a_292_12,"[[14, 2, 15, 1], [4, 18, 5, 17], [8, 4, 9, 3], [18, 8, 19, 7], [2, 10, 3, 9], [10, 20, 11, 19], [12, 6, 13, 5], [6, 12, 7, 11], [22, 16, 1, 15], [20, 14, 21, 13], [16, 22, 17, 21]]"
11a_292_13,"[[16, 22, 17, 21], [14, 2, 15, 1], [4, 18, 5, 17], [8, 4, 9, 3], [18, 8, 19, 7], [2, 10, 3, 9], [10, 20, 11, 19], [12, 6, 13, 5], [6, 12, 7, 11], [22, 16, 1, 15], [20, 14, 21, 13]]"
11a_292_14,"[[20, 14, 21, 13], [16, 22, 17, 21], [14, 2, 15, 1], [4, 18, 5, 17], [8, 4, 9, 3], [18, 8, 19, 7], [2, 10, 3, 9], [10, 20, 11, 19], [12, 6, 13, 5], [6, 12, 7, 11], [22, 16, 1, 15]]"
11a_292_15,"[[22, 16, 1, 15], [20, 14, 21, 13], [16, 22, 17, 21], [14, 2, 15, 1], [4, 18, 5, 17], [8, 4, 9, 3], [18, 8, 19, 7], [2, 10, 3, 9], [10, 20, 11, 19], [12, 6, 13, 5], [6, 12, 7, 11]]"
11a_292_16,"[[6, 12, 7, 11], [22, 16, 1, 15], [20, 14, 21, 13], [16, 22, 17, 21], [14, 2, 15, 1], [4, 18, 5, 17], [8, 4, 9, 3], [18, 8, 19, 7], [2, 10, 3, 9], [10, 20, 11, 19], [12, 6, 13, 5]]"
11a_292_17,"[[12, 6, 13, 5], [6, 12, 7, 11], [22, 16, 1, 15], [20, 14, 21, 13], [16, 22, 17, 21], [14, 2, 15, 1], [4, 18, 5, 17], [8, 4, 9, 3], [18, 8, 19, 7], [2, 10, 3, 9], [10, 20, 11, 19]]"
11a_292_18,"[[10, 20, 11, 19], [12, 6, 13, 5], [6, 12, 7, 11], [22, 16, 1, 15], [20, 14, 21, 13], [16, 22, 17, 21], [14, 2, 15, 1], [4, 18, 5, 17], [8, 4, 9, 3], [18, 8, 19, 7], [2, 10, 3, 9]]"
11a_292_19,"[[2, 10, 3, 9], [10, 20, 11, 19], [12, 6, 13, 5], [6, 12, 7, 11], [22, 16, 1, 15], [20, 14, 21, 13], [16, 22, 17, 21], [14, 2, 15, 1], [4, 18, 5, 17], [8, 4, 9, 3], [18, 8, 19, 7]]"
11a_292_20,"[[18, 8, 19, 7], [2, 10, 3, 9], [10, 20, 11, 19], [12, 6, 13, 5], [6, 12, 7, 11], [22, 16, 1, 15], [20, 14, 21, 13], [16, 22, 17, 21], [14, 2, 15, 1], [4, 18, 5, 17], [8, 4, 9, 3]]"
11a_292_21,"[[8, 4, 9, 3], [18, 8, 19, 7], [2, 10, 3, 9], [10, 20, 11, 19], [12, 6, 13, 5], [6, 12, 7, 11], [22, 16, 1, 15], [20, 14, 21, 13], [16, 22, 17, 21], [14, 2, 15, 1], [4, 18, 5, 17]]"
11a_292_22,"[[5, 19, 6, 18], [9, 5, 10, 4], [19, 9, 20, 8], [3, 11, 4, 10], [11, 21, 12, 20], [13, 7, 14, 6], [7, 13, 8, 12], [1, 17, 2, 16], [21, 15, 22, 14], [17, 1, 18, 22], [15, 3, 16, 2]]"
11a_292_23,"[[15, 3, 16, 2], [5, 19, 6, 18], [9, 5, 10, 4], [19, 9, 20, 8], [3, 11, 4, 10], [11, 21, 12, 20], [13, 7, 14, 6], [7, 13, 8, 12], [1, 17, 2, 16], [21, 15, 22, 14], [17, 1, 18, 22]]"
11a_292_24,"[[17, 1, 18, 22], [15, 3, 16, 2], [5, 19, 6, 18], [9, 5, 10, 4], [19, 9, 20, 8], [3, 11, 4, 10], [11, 21, 12, 20], [13, 7, 14, 6], [7, 13, 8, 12], [1, 17, 2, 16], [21, 15, 22, 14]]"
11a_292_25,"[[21, 15, 22, 14], [17, 1, 18, 22], [15, 3, 16, 2], [5, 19, 6, 18], [9, 5, 10, 4], [19, 9, 20, 8], [3, 11, 4, 10], [11, 21, 12, 20], [13, 7, 14, 6], [7, 13, 8, 12], [1, 17, 2, 16]]"
11a_292_26,"[[1, 17, 2, 16], [21, 15, 22, 14], [17, 1, 18, 22], [15, 3, 16, 2], [5, 19, 6, 18], [9, 5, 10, 4], [19, 9, 20, 8], [3, 11, 4, 10], [11, 21, 12, 20], [13, 7, 14, 6], [7, 13, 8, 12]]"
11a_292_27,"[[7, 13, 8, 12], [1, 17, 2, 16], [21, 15, 22, 14], [17, 1, 18, 22], [15, 3, 16, 2], [5, 19, 6, 18], [9, 5, 10, 4], [19, 9, 20, 8], [3, 11, 4, 10], [11, 21, 12, 20], [13, 7, 14, 6]]"
11a_292_28,"[[13, 7, 14, 6], [7, 13, 8, 12], [1, 17, 2, 16], [21, 15, 22, 14], [17, 1, 18, 22], [15, 3, 16, 2], [5, 19, 6, 18], [9, 5, 10, 4], [19, 9, 20, 8], [3, 11, 4, 10], [11, 21, 12, 20]]"
11a_292_29,"[[11, 21, 12, 20], [13, 7, 14, 6], [7, 13, 8, 12], [1, 17, 2, 16], [21, 15, 22, 14], [17, 1, 18, 22], [15, 3, 16, 2], [5, 19, 6, 18], [9, 5, 10, 4], [19, 9, 20, 8], [3, 11, 4, 10]]"
11a_292_30,"[[3, 11, 4, 10], [11, 21, 12, 20], [13, 7, 14, 6], [7, 13, 8, 12], [1, 17, 2, 16], [21, 15, 22, 14], [17, 1, 18, 22], [15, 3, 16, 2], [5, 19, 6, 18], [9, 5, 10, 4], [19, 9, 20, 8]]"
11a_292_31,"[[19, 9, 20, 8], [3, 11, 4, 10], [11, 21, 12, 20], [13, 7, 14, 6], [7, 13, 8, 12], [1, 17, 2, 16], [21, 15, 22, 14], [17, 1, 18, 22], [15, 3, 16, 2], [5, 19, 6, 18], [9, 5, 10, 4]]"
11a_292_32,"[[9, 5, 10, 4], [19, 9, 20, 8], [3, 11, 4, 10], [11, 21, 12, 20], [13, 7, 14, 6], [7, 13, 8, 12], [1, 17, 2, 16], [21, 15, 22, 14], [17, 1, 18, 22], [15, 3, 16, 2], [5, 19, 6, 18]]"
11a_292_33,"[[6, 20, 7, 19], [10, 6, 11, 5], [20, 10, 21, 9], [4, 12, 5, 11], [12, 22, 13, 21], [14, 8, 15, 7], [8, 14, 9, 13], [2, 18, 3, 17], [22, 16, 1, 15], [18, 2, 19, 1], [16, 4, 17, 3]]"
11a_292_34,"[[16, 4, 17, 3], [6, 20, 7, 19], [10, 6, 11, 5], [20, 10, 21, 9], [4, 12, 5, 11], [12, 22, 13, 21], [14, 8, 15, 7], [8, 14, 9, 13], [2, 18, 3, 17], [22, 16, 1, 15], [18, 2, 19, 1]]"
11a_292_35,"[[18, 2, 19, 1], [16, 4, 17, 3], [6, 20, 7, 19], [10, 6, 11, 5], [20, 10, 21, 9], [4, 12, 5, 11], [12, 22, 13, 21], [14, 8, 15, 7], [8, 14, 9, 13], [2, 18, 3, 17], [22, 16, 1, 15]]"
11a_292_36,"[[22, 16, 1, 15], [18, 2, 19, 1], [16, 4, 17, 3], [6, 20, 7, 19], [10, 6, 11, 5], [20, 10, 21, 9], [4, 12, 5, 11], [12, 22, 13, 21], [14, 8, 15, 7], [8, 14, 9, 13], [2, 18, 3, 17]]"
11a_292_37,"[[2, 18, 3, 17], [22, 16, 1, 15], [18, 2, 19, 1], [16, 4, 17, 3], [6, 20, 7, 19], [10, 6, 11, 5], [20, 10, 21, 9], [4, 12, 5, 11], [12, 22, 13, 21], [14, 8, 15, 7], [8, 14, 9, 13]]"
11a_292_38,"[[8, 14, 9, 13], [2, 18, 3, 17], [22, 16, 1, 15], [18, 2, 19, 1], [16, 4, 17, 3], [6, 20, 7, 19], [10, 6, 11, 5], [20, 10, 21, 9], [4, 12, 5, 11], [12, 22, 13, 21], [14, 8, 15, 7]]"
11a_292_39,"[[14, 8, 15, 7], [8, 14, 9, 13], [2, 18, 3, 17], [22, 16, 1, 15], [18, 2, 19, 1], [16, 4, 17, 3], [6, 20, 7, 19], [10, 6, 11, 5], [20, 10, 21, 9], [4, 12, 5, 11], [12, 22, 13, 21]]"
11a_292_40,"[[12, 22, 13, 21], [14, 8, 15, 7], [8, 14, 9, 13], [2, 18, 3, 17], [22, 16, 1, 15], [18, 2, 19, 1], [16, 4, 17, 3], [6, 20, 7, 19], [10, 6, 11, 5], [20, 10, 21, 9], [4, 12, 5, 11]]"
11a_292_41,"[[4, 12, 5, 11], [12, 22, 13, 21], [14, 8, 15, 7], [8, 14, 9, 13], [2, 18, 3, 17], [22, 16, 1, 15], [18, 2, 19, 1], [16, 4, 17, 3], [6, 20, 7, 19], [10, 6, 11, 5], [20, 10, 21, 9]]"
11a_292_42,"[[20, 10, 21, 9], [4, 12, 5, 11], [12, 22, 13, 21], [14, 8, 15, 7], [8, 14, 9, 13], [2, 18, 3, 17], [22, 16, 1, 15], [18, 2, 19, 1], [16, 4, 17, 3], [6, 20, 7, 19], [10, 6, 11, 5]]"
11a_292_43,"[[10, 6, 11, 5], [20, 10, 21, 9], [4, 12, 5, 11], [12, 22, 13, 21], [14, 8, 15, 7], [8, 14, 9, 13], [2, 18, 3, 17], [22, 16, 1, 15], [18, 2, 19, 1], [16, 4, 17, 3], [6, 20, 7, 19]]"
11a_292_44,"[[7, 21, 8, 20], [11, 7, 12, 6], [21, 11, 22, 10], [5, 13, 6, 12], [13, 1, 14, 22], [15, 9, 16, 8], [9, 15, 10, 14], [3, 19, 4, 18], [1, 17, 2, 16], [19, 3, 20, 2], [17, 5, 18, 4]]"
11a_292_45,"[[17, 5, 18, 4], [7, 21, 8, 20], [11, 7, 12, 6], [21, 11, 22, 10], [5, 13, 6, 12], [13, 1, 14, 22], [15, 9, 16, 8], [9, 15, 10, 14], [3, 19, 4, 18], [1, 17, 2, 16], [19, 3, 20, 2]]"
11a_292_46,"[[19, 3, 20, 2], [17, 5, 18, 4], [7, 21, 8, 20], [11, 7, 12, 6], [21, 11, 22, 10], [5, 13, 6, 12], [13, 1, 14, 22], [15, 9, 16, 8], [9, 15, 10, 14], [3, 19, 4, 18], [1, 17, 2, 16]]"
11a_292_47,"[[1, 17, 2, 16], [19, 3, 20, 2], [17, 5, 18, 4], [7, 21, 8, 20], [11, 7, 12, 6], [21, 11, 22, 10], [5, 13, 6, 12], [13, 1, 14, 22], [15, 9, 16, 8], [9, 15, 10, 14], [3, 19, 4, 18]]"
11a_292_48,"[[3, 19, 4, 18], [1, 17, 2, 16], [19, 3, 20, 2], [17, 5, 18, 4], [7, 21, 8, 20], [11, 7, 12, 6], [21, 11, 22, 10], [5, 13, 6, 12], [13, 1, 14, 22], [15, 9, 16, 8], [9, 15, 10, 14]]"
11a_292_49,"[[9, 15, 10, 14], [3, 19, 4, 18], [1, 17, 2, 16], [19, 3, 20, 2], [17, 5, 18, 4], [7, 21, 8, 20], [11, 7, 12, 6], [21, 11, 22, 10], [5, 13, 6, 12], [13, 1, 14, 22], [15, 9, 16, 8]]"
11a_292_50,"[[15, 9, 16, 8], [9, 15, 10, 14], [3, 19, 4, 18], [1, 17, 2, 16], [19, 3, 20, 2], [17, 5, 18, 4], [7, 21, 8, 20], [11, 7, 12, 6], [21, 11, 22, 10], [5, 13, 6, 12], [13, 1, 14, 22]]"
11a_292_51,"[[13, 1, 14, 22], [15, 9, 16, 8], [9, 15, 10, 14], [3, 19, 4, 18], [1, 17, 2, 16], [19, 3, 20, 2], [17, 5, 18, 4], [7, 21, 8, 20], [11, 7, 12, 6], [21, 11, 22, 10], [5, 13, 6, 12]]"
11a_292_52,"[[5, 13, 6, 12], [13, 1, 14, 22], [15, 9, 16, 8], [9, 15, 10, 14], [3, 19, 4, 18], [1, 17, 2, 16], [19, 3, 20, 2], [17, 5, 18, 4], [7, 21, 8, 20], [11, 7, 12, 6], [21, 11, 22, 10]]"
11a_292_53,"[[21, 11, 22, 10], [5, 13, 6, 12], [13, 1, 14, 22], [15, 9, 16, 8], [9, 15, 10, 14], [3, 19, 4, 18], [1, 17, 2, 16], [19, 3, 20, 2], [17, 5, 18, 4], [7, 21, 8, 20], [11, 7, 12, 6]]"
11a_292_54,"[[11, 7, 12, 6], [21, 11, 22, 10], [5, 13, 6, 12], [13, 1, 14, 22], [15, 9, 16, 8], [9, 15, 10, 14], [3, 19, 4, 18], [1, 17, 2, 16], [19, 3, 20, 2], [17, 5, 18, 4], [7, 21, 8, 20]]"
11a_292_55,"[[8, 22, 9, 21], [12, 8, 13, 7], [22, 12, 1, 11], [6, 14, 7, 13], [14, 2, 15, 1], [16, 10, 17, 9], [10, 16, 11, 15], [4, 20, 5, 19], [2, 18, 3, 17], [20, 4, 21, 3], [18, 6, 19, 5]]"
11a_292_56,"[[18, 6, 19, 5], [8, 22, 9, 21], [12, 8, 13, 7], [22, 12, 1, 11], [6, 14, 7, 13], [14, 2, 15, 1], [16, 10, 17, 9], [10, 16, 11, 15], [4, 20, 5, 19], [2, 18, 3, 17], [20, 4, 21, 3]]"
11a_292_57,"[[20, 4, 21, 3], [18, 6, 19, 5], [8, 22, 9, 21], [12, 8, 13, 7], [22, 12, 1, 11], [6, 14, 7, 13], [14, 2, 15, 1], [16, 10, 17, 9], [10, 16, 11, 15], [4, 20, 5, 19], [2, 18, 3, 17]]"
11a_292_58,"[[2, 18, 3, 17], [20, 4, 21, 3], [18, 6, 19, 5], [8, 22, 9, 21], [12, 8, 13, 7], [22, 12, 1, 11], [6, 14, 7, 13], [14, 2, 15, 1], [16, 10, 17, 9], [10, 16, 11, 15], [4, 20, 5, 19]]"
11a_292_59,"[[4, 20, 5, 19], [2, 18, 3, 17], [20, 4, 21, 3], [18, 6, 19, 5], [8, 22, 9, 21], [12, 8, 13, 7], [22, 12, 1, 11], [6, 14, 7, 13], [14, 2, 15, 1], [16, 10, 17, 9], [10, 16, 11, 15]]"
11a_292_60,"[[10, 16, 11, 15], [4, 20, 5, 19], [2, 18, 3, 17], [20, 4, 21, 3], [18, 6, 19, 5], [8, 22, 9, 21], [12, 8, 13, 7], [22, 12, 1, 11], [6, 14, 7, 13], [14, 2, 15, 1], [16, 10, 17, 9]]"
11a_292_61,"[[16, 10, 17, 9], [10, 16, 11, 15], [4, 20, 5, 19], [2, 18, 3, 17], [20, 4, 21, 3], [18, 6, 19, 5], [8, 22, 9, 21], [12, 8, 13, 7], [22, 12, 1, 11], [6, 14, 7, 13], [14, 2, 15, 1]]"
11a_292_62,"[[14, 2, 15, 1], [16, 10, 17, 9], [10, 16, 11, 15], [4, 20, 5, 19], [2, 18, 3, 17], [20, 4, 21, 3], [18, 6, 19, 5], [8, 22, 9, 21], [12, 8, 13, 7], [22, 12, 1, 11], [6, 14, 7, 13]]"
11a_292_63,"[[6, 14, 7, 13], [14, 2, 15, 1], [16, 10, 17, 9], [10, 16, 11, 15], [4, 20, 5, 19], [2, 18, 3, 17], [20, 4, 21, 3], [18, 6, 19, 5], [8, 22, 9, 21], [12, 8, 13, 7], [22, 12, 1, 11]]"
11a_292_64,"[[22, 12, 1, 11], [6, 14, 7, 13], [14, 2, 15, 1], [16, 10, 17, 9], [10, 16, 11, 15], [4, 20, 5, 19], [2, 18, 3, 17], [20, 4, 21, 3], [18, 6, 19, 5], [8, 22, 9, 21], [12, 8, 13, 7]]"
11a_292_65,"[[12, 8, 13, 7], [22, 12, 1, 11], [6, 14, 7, 13], [14, 2, 15, 1], [16, 10, 17, 9], [10, 16, 11, 15], [4, 20, 5, 19], [2, 18, 3, 17], [20, 4, 21, 3], [18, 6, 19, 5], [8, 22, 9, 21]]"
11a_292_66,"[[9, 1, 10, 22], [13, 9, 14, 8], [1, 13, 2, 12], [7, 15, 8, 14], [15, 3, 16, 2], [17, 11, 18, 10], [11, 17, 12, 16], [5, 21, 6, 20], [3, 19, 4, 18], [21, 5, 22, 4], [19, 7, 20, 6]]"
11a_292_67,"[[19, 7, 20, 6], [9, 1, 10, 22], [13, 9, 14, 8], [1, 13, 2, 12], [7, 15, 8, 14], [15, 3, 16, 2], [17, 11, 18, 10], [11, 17, 12, 16], [5, 21, 6, 20], [3, 19, 4, 18], [21, 5, 22, 4]]"
11a_292_68,"[[21, 5, 22, 4], [19, 7, 20, 6], [9, 1, 10, 22], [13, 9, 14, 8], [1, 13, 2, 12], [7, 15, 8, 14], [15, 3, 16, 2], [17, 11, 18, 10], [11, 17, 12, 16], [5, 21, 6, 20], [3, 19, 4, 18]]"
11a_292_69,"[[3, 19, 4, 18], [21, 5, 22, 4], [19, 7, 20, 6], [9, 1, 10, 22], [13, 9, 14, 8], [1, 13, 2, 12], [7, 15, 8, 14], [15, 3, 16, 2], [17, 11, 18, 10], [11, 17, 12, 16], [5, 21, 6, 20]]"
11a_292_70,"[[5, 21, 6, 20], [3, 19, 4, 18], [21, 5, 22, 4], [19, 7, 20, 6], [9, 1, 10, 22], [13, 9, 14, 8], [1, 13, 2, 12], [7, 15, 8, 14], [15, 3, 16, 2], [17, 11, 18, 10], [11, 17, 12, 16]]"
11a_292_71,"[[11, 17, 12, 16], [5, 21, 6, 20], [3, 19, 4, 18], [21, 5, 22, 4], [19, 7, 20, 6], [9, 1, 10, 22], [13, 9, 14, 8], [1, 13, 2, 12], [7, 15, 8, 14], [15, 3, 16, 2], [17, 11, 18, 10]]"
11a_292_72,"[[17, 11, 18, 10], [11, 17, 12, 16], [5, 21, 6, 20], [3, 19, 4, 18], [21, 5, 22, 4], [19, 7, 20, 6], [9, 1, 10, 22], [13, 9, 14, 8], [1, 13, 2, 12], [7, 15, 8, 14], [15, 3, 16, 2]]"
11a_292_73,"[[15, 3, 16, 2], [17, 11, 18, 10], [11, 17, 12, 16], [5, 21, 6, 20], [3, 19, 4, 18], [21, 5, 22, 4], [19, 7, 20, 6], [9, 1, 10, 22], [13, 9, 14, 8], [1, 13, 2, 12], [7, 15, 8, 14]]"
11a_292_74,"[[7, 15, 8, 14], [15, 3, 16, 2], [17, 11, 18, 10], [11, 17, 12, 16], [5, 21, 6, 20], [3, 19, 4, 18], [21, 5, 22, 4], [19, 7, 20, 6], [9, 1, 10, 22], [13, 9, 14, 8], [1, 13, 2, 12]]"
11a_292_75,"[[1, 13, 2, 12], [7, 15, 8, 14], [15, 3, 16, 2], [17, 11, 18, 10], [11, 17, 12, 16], [5, 21, 6, 20], [3, 19, 4, 18], [21, 5, 22, 4], [19, 7, 20, 6], [9, 1, 10, 22], [13, 9, 14, 8]]"
11a_292_76,"[[13, 9, 14, 8], [1, 13, 2, 12], [7, 15, 8, 14], [15, 3, 16, 2], [17, 11, 18, 10], [11, 17, 12, 16], [5, 21, 6, 20], [3, 19, 4, 18], [21, 5, 22, 4], [19, 7, 20, 6], [9, 1, 10, 22]]"
11a_292_77,"[[10, 2, 11, 1], [14, 10, 15, 9], [2, 14, 3, 13], [8, 16, 9, 15], [16, 4, 17, 3], [18, 12, 19, 11], [12, 18, 13, 17], [6, 22, 7, 21], [4, 20, 5, 19], [22, 6, 1, 5], [20, 8, 21, 7]]"
11a_292_78,"[[20, 8, 21, 7], [10, 2, 11, 1], [14, 10, 15, 9], [2, 14, 3, 13], [8, 16, 9, 15], [16, 4, 17, 3], [18, 12, 19, 11], [12, 18, 13, 17], [6, 22, 7, 21], [4, 20, 5, 19], [22, 6, 1, 5]]"
11a_292_79,"[[22, 6, 1, 5], [20, 8, 21, 7], [10, 2, 11, 1], [14, 10, 15, 9], [2, 14, 3, 13], [8, 16, 9, 15], [16, 4, 17, 3], [18, 12, 19, 11], [12, 18, 13, 17], [6, 22, 7, 21], [4, 20, 5, 19]]"
11a_292_80,"[[4, 20, 5, 19], [22, 6, 1, 5], [20, 8, 21, 7], [10, 2, 11, 1], [14, 10, 15, 9], [2, 14, 3, 13], [8, 16, 9, 15], [16, 4, 17, 3], [18, 12, 19, 11], [12, 18, 13, 17], [6, 22, 7, 21]]"
11a_292_81,"[[6, 22, 7, 21], [4, 20, 5, 19], [22, 6, 1, 5], [20, 8, 21, 7], [10, 2, 11, 1], [14, 10, 15, 9], [2, 14, 3, 13], [8, 16, 9, 15], [16, 4, 17, 3], [18, 12, 19, 11], [12, 18, 13, 17]]"
11a_292_82,"[[12, 18, 13, 17], [6, 22, 7, 21], [4, 20, 5, 19], [22, 6, 1, 5], [20, 8, 21, 7], [10, 2, 11, 1], [14, 10, 15, 9], [2, 14, 3, 13], [8, 16, 9, 15], [16, 4, 17, 3], [18, 12, 19, 11]]"
11a_292_83,"[[18, 12, 19, 11], [12, 18, 13, 17], [6, 22, 7, 21], [4, 20, 5, 19], [22, 6, 1, 5], [20, 8, 21, 7], [10, 2, 11, 1], [14, 10, 15, 9], [2, 14, 3, 13], [8, 16, 9, 15], [16, 4, 17, 3]]"
11a_292_84,"[[16, 4, 17, 3], [18, 12, 19, 11], [12, 18, 13, 17], [6, 22, 7, 21], [4, 20, 5, 19], [22, 6, 1, 5], [20, 8, 21, 7], [10, 2, 11, 1], [14, 10, 15, 9], [2, 14, 3, 13], [8, 16, 9, 15]]"
11a_292_85,"[[8, 16, 9, 15], [16, 4, 17, 3], [18, 12, 19, 11], [12, 18, 13, 17], [6, 22, 7, 21], [4, 20, 5, 19], [22, 6, 1, 5], [20, 8, 21, 7], [10, 2, 11, 1], [14, 10, 15, 9], [2, 14, 3, 13]]"
11a_292_86,"[[2, 14, 3, 13], [8, 16, 9, 15], [16, 4, 17, 3], [18, 12, 19, 11], [12, 18, 13, 17], [6, 22, 7, 21], [4, 20, 5, 19], [22, 6, 1, 5], [20, 8, 21, 7], [10, 2, 11, 1], [14, 10, 15, 9]]"
11a_292_87,"[[14, 10, 15, 9], [2, 14, 3, 13], [8, 16, 9, 15], [16, 4, 17, 3], [18, 12, 19, 11], [12, 18, 13, 17], [6, 22, 7, 21], [4, 20, 5, 19], [22, 6, 1, 5], [20, 8, 21, 7], [10, 2, 11, 1]]"
11a_292_88,"[[11, 3, 12, 2], [15, 11, 16, 10], [3, 15, 4, 14], [9, 17, 10, 16], [17, 5, 18, 4], [19, 13, 20, 12], [13, 19, 14, 18], [7, 1, 8, 22], [5, 21, 6, 20], [1, 7, 2, 6], [21, 9, 22, 8]]"
11a_292_89,"[[21, 9, 22, 8], [11, 3, 12, 2], [15, 11, 16, 10], [3, 15, 4, 14], [9, 17, 10, 16], [17, 5, 18, 4], [19, 13, 20, 12], [13, 19, 14, 18], [7, 1, 8, 22], [5, 21, 6, 20], [1, 7, 2, 6]]"
11a_292_90,"[[1, 7, 2, 6], [21, 9, 22, 8], [11, 3, 12, 2], [15, 11, 16, 10], [3, 15, 4, 14], [9, 17, 10, 16], [17, 5, 18, 4], [19, 13, 20, 12], [13, 19, 14, 18], [7, 1, 8, 22], [5, 21, 6, 20]]"
11a_292_91,"[[5, 21, 6, 20], [1, 7, 2, 6], [21, 9, 22, 8], [11, 3, 12, 2], [15, 11, 16, 10], [3, 15, 4, 14], [9, 17, 10, 16], [17, 5, 18, 4], [19, 13, 20, 12], [13, 19, 14, 18], [7, 1, 8, 22]]"
11a_292_92,"[[7, 1, 8, 22], [5, 21, 6, 20], [1, 7, 2, 6], [21, 9, 22, 8], [11, 3, 12, 2], [15, 11, 16, 10], [3, 15, 4, 14], [9, 17, 10, 16], [17, 5, 18, 4], [19, 13, 20, 12], [13, 19, 14, 18]]"
11a_292_93,"[[13, 19, 14, 18], [7, 1, 8, 22], [5, 21, 6, 20], [1, 7, 2, 6], [21, 9, 22, 8], [11, 3, 12, 2], [15, 11, 16, 10], [3, 15, 4, 14], [9, 17, 10, 16], [17, 5, 18, 4], [19, 13, 20, 12]]"
11a_292_94,"[[19, 13, 20, 12], [13, 19, 14, 18], [7, 1, 8, 22], [5, 21, 6, 20], [1, 7, 2, 6], [21, 9, 22, 8], [11, 3, 12, 2], [15, 11, 16, 10], [3, 15, 4, 14], [9, 17, 10, 16], [17, 5, 18, 4]]"
11a_292_95,"[[17, 5, 18, 4], [19, 13, 20, 12], [13, 19, 14, 18], [7, 1, 8, 22], [5, 21, 6, 20], [1, 7, 2, 6], [21, 9, 22, 8], [11, 3, 12, 2], [15, 11, 16, 10], [3, 15, 4, 14], [9, 17, 10, 16]]"
11a_292_96,"[[9, 17, 10, 16], [17, 5, 18, 4], [19, 13, 20, 12], [13, 19, 14, 18], [7, 1, 8, 22], [5, 21, 6, 20], [1, 7, 2, 6], [21, 9, 22, 8], [11, 3, 12, 2], [15, 11, 16, 10], [3, 15, 4, 14]]"
11a_292_97,"[[3, 15, 4, 14], [9, 17, 10, 16], [17, 5, 18, 4], [19, 13, 20, 12], [13, 19, 14, 18], [7, 1, 8, 22], [5, 21, 6, 20], [1, 7, 2, 6], [21, 9, 22, 8], [11, 3, 12, 2], [15, 11, 16, 10]]"
11a_292_98,"[[15, 11, 16, 10], [3, 15, 4, 14], [9, 17, 10, 16], [17, 5, 18, 4], [19, 13, 20, 12], [13, 19, 14, 18], [7, 1, 8, 22], [5, 21, 6, 20], [1, 7, 2, 6], [21, 9, 22, 8], [11, 3, 12, 2]]"
11a_292_99,"[[12, 4, 13, 3], [16, 12, 17, 11], [4, 16, 5, 15], [10, 18, 11, 17], [18, 6, 19, 5], [20, 14, 21, 13], [14, 20, 15, 19], [8, 2, 9, 1], [6, 22, 7, 21], [2, 8, 3, 7], [22, 10, 1, 9]]"
11a_292_100,"[[22, 10, 1, 9], [12, 4, 13, 3], [16, 12, 17, 11], [4, 16, 5, 15], [10, 18, 11, 17], [18, 6, 19, 5], [20, 14, 21, 13], [14, 20, 15, 19], [8, 2, 9, 1], [6, 22, 7, 21], [2, 8, 3, 7]]"
11a_292_101,"[[2, 8, 3, 7], [22, 10, 1, 9], [12, 4, 13, 3], [16, 12, 17, 11], [4, 16, 5, 15], [10, 18, 11, 17], [18, 6, 19, 5], [20, 14, 21, 13], [14, 20, 15, 19], [8, 2, 9, 1], [6, 22, 7, 21]]"
11a_292_102,"[[6, 22, 7, 21], [2, 8, 3, 7], [22, 10, 1, 9], [12, 4, 13, 3], [16, 12, 17, 11], [4, 16, 5, 15], [10, 18, 11, 17], [18, 6, 19, 5], [20, 14, 21, 13], [14, 20, 15, 19], [8, 2, 9, 1]]"
11a_292_103,"[[8, 2, 9, 1], [6, 22, 7, 21], [2, 8, 3, 7], [22, 10, 1, 9], [12, 4, 13, 3], [16, 12, 17, 11], [4, 16, 5, 15], [10, 18, 11, 17], [18, 6, 19, 5], [20, 14, 21, 13], [14, 20, 15, 19]]"
11a_292_104,"[[14, 20, 15, 19], [8, 2, 9, 1], [6, 22, 7, 21], [2, 8, 3, 7], [22, 10, 1, 9], [12, 4, 13, 3], [16, 12, 17, 11], [4, 16, 5, 15], [10, 18, 11, 17], [18, 6, 19, 5], [20, 14, 21, 13]]"
11a_292_105,"[[20, 14, 21, 13], [14, 20, 15, 19], [8, 2, 9, 1], [6, 22, 7, 21], [2, 8, 3, 7], [22, 10, 1, 9], [12, 4, 13, 3], [16, 12, 17, 11], [4, 16, 5, 15], [10, 18, 11, 17], [18, 6, 19, 5]]"
11a_292_106,"[[18, 6, 19, 5], [20, 14, 21, 13], [14, 20, 15, 19], [8, 2, 9, 1], [6, 22, 7, 21], [2, 8, 3, 7], [22, 10, 1, 9], [12, 4, 13, 3], [16, 12, 17, 11], [4, 16, 5, 15], [10, 18, 11, 17]]"
11a_292_107,"[[10, 18, 11, 17], [18, 6, 19, 5], [20, 14, 21, 13], [14, 20, 15, 19], [8, 2, 9, 1], [6, 22, 7, 21], [2, 8, 3, 7], [22, 10, 1, 9], [12, 4, 13, 3], [16, 12, 17, 11], [4, 16, 5, 15]]"
11a_292_108,"[[4, 16, 5, 15], [10, 18, 11, 17], [18, 6, 19, 5], [20, 14, 21, 13], [14, 20, 15, 19], [8, 2, 9, 1], [6, 22, 7, 21], [2, 8, 3, 7], [22, 10, 1, 9], [12, 4, 13, 3], [16, 12, 17, 11]]"
11a_292_109,"[[16, 12, 17, 11], [4, 16, 5, 15], [10, 18, 11, 17], [18, 6, 19, 5], [20, 14, 21, 13], [14, 20, 15, 19], [8, 2, 9, 1], [6, 22, 7, 21], [2, 8, 3, 7], [22, 10, 1, 9], [12, 4, 13, 3]]"
11a_292_110,"[[13, 5, 14, 4], [17, 13, 18, 12], [5, 17, 6, 16], [11, 19, 12, 18], [19, 7, 20, 6], [21, 15, 22, 14], [15, 21, 16, 20], [9, 3, 10, 2], [7, 1, 8, 22], [3, 9, 4, 8], [1, 11, 2, 10]]"
11a_292_111,"[[1, 11, 2, 10], [13, 5, 14, 4], [17, 13, 18, 12], [5, 17, 6, 16], [11, 19, 12, 18], [19, 7, 20, 6], [21, 15, 22, 14], [15, 21, 16, 20], [9, 3, 10, 2], [7, 1, 8, 22], [3, 9, 4, 8]]"
11a_292_112,"[[3, 9, 4, 8], [1, 11, 2, 10], [13, 5, 14, 4], [17, 13, 18, 12], [5, 17, 6, 16], [11, 19, 12, 18], [19, 7, 20, 6], [21, 15, 22, 14], [15, 21, 16, 20], [9, 3, 10, 2], [7, 1, 8, 22]]"
11a_292_113,"[[7, 1, 8, 22], [3, 9, 4, 8], [1, 11, 2, 10], [13, 5, 14, 4], [17, 13, 18, 12], [5, 17, 6, 16], [11, 19, 12, 18], [19, 7, 20, 6], [21, 15, 22, 14], [15, 21, 16, 20], [9, 3, 10, 2]]"
11a_292_114,"[[9, 3, 10, 2], [7, 1, 8, 22], [3, 9, 4, 8], [1, 11, 2, 10], [13, 5, 14, 4], [17, 13, 18, 12], [5, 17, 6, 16], [11, 19, 12, 18], [19, 7, 20, 6], [21, 15, 22, 14], [15, 21, 16, 20]]"
11a_292_115,"[[15, 21, 16, 20], [9, 3, 10, 2], [7, 1, 8, 22], [3, 9, 4, 8], [1, 11, 2, 10], [13, 5, 14, 4], [17, 13, 18, 12], [5, 17, 6, 16], [11, 19, 12, 18], [19, 7, 20, 6], [21, 15, 22, 14]]"
11a_292_116,"[[21, 15, 22, 14], [15, 21, 16, 20], [9, 3, 10, 2], [7, 1, 8, 22], [3, 9, 4, 8], [1, 11, 2, 10], [13, 5, 14, 4], [17, 13, 18, 12], [5, 17, 6, 16], [11, 19, 12, 18], [19, 7, 20, 6]]"
11a_292_117,"[[19, 7, 20, 6], [21, 15, 22, 14], [15, 21, 16, 20], [9, 3, 10, 2], [7, 1, 8, 22], [3, 9, 4, 8], [1, 11, 2, 10], [13, 5, 14, 4], [17, 13, 18, 12], [5, 17, 6, 16], [11, 19, 12, 18]]"
11a_292_118,"[[11, 19, 12, 18], [19, 7, 20, 6], [21, 15, 22, 14], [15, 21, 16, 20], [9, 3, 10, 2], [7, 1, 8, 22], [3, 9, 4, 8], [1, 11, 2, 10], [13, 5, 14, 4], [17, 13, 18, 12], [5, 17, 6, 16]]"
11a_292_119,"[[5, 17, 6, 16], [11, 19, 12, 18], [19, 7, 20, 6], [21, 15, 22, 14], [15, 21, 16, 20], [9, 3, 10, 2], [7, 1, 8, 22], [3, 9, 4, 8], [1, 11, 2, 10], [13, 5, 14, 4], [17, 13, 18, 12]]"
11a_292_120,"[[17, 13, 18, 12], [5, 17, 6, 16], [11, 19, 12, 18], [19, 7, 20, 6], [21, 15, 22, 14], [15, 21, 16, 20], [9, 3, 10, 2], [7, 1, 8, 22], [3, 9, 4, 8], [1, 11, 2, 10], [13, 5, 14, 4]]"
11a_292_121,"[[14, 6, 15, 5], [18, 14, 19, 13], [6, 18, 7, 17], [12, 20, 13, 19], [20, 8, 21, 7], [22, 16, 1, 15], [16, 22, 17, 21], [10, 4, 11, 3], [8, 2, 9, 1], [4, 10, 5, 9], [2, 12, 3, 11]]"
11a_292_122,"[[2, 12, 3, 11], [14, 6, 15, 5], [18, 14, 19, 13], [6, 18, 7, 17], [12, 20, 13, 19], [20, 8, 21, 7], [22, 16, 1, 15], [16, 22, 17, 21], [10, 4, 11, 3], [8, 2, 9, 1], [4, 10, 5, 9]]"
11a_292_123,"[[4, 10, 5, 9], [2, 12, 3, 11], [14, 6, 15, 5], [18, 14, 19, 13], [6, 18, 7, 17], [12, 20, 13, 19], [20, 8, 21, 7], [22, 16, 1, 15], [16, 22, 17, 21], [10, 4, 11, 3], [8, 2, 9, 1]]"
11a_292_124,"[[8, 2, 9, 1], [4, 10, 5, 9], [2, 12, 3, 11], [14, 6, 15, 5], [18, 14, 19, 13], [6, 18, 7, 17], [12, 20, 13, 19], [20, 8, 21, 7], [22, 16, 1, 15], [16, 22, 17, 21], [10, 4, 11, 3]]"
11a_292_125,"[[10, 4, 11, 3], [8, 2, 9, 1], [4, 10, 5, 9], [2, 12, 3, 11], [14, 6, 15, 5], [18, 14, 19, 13], [6, 18, 7, 17], [12, 20, 13, 19], [20, 8, 21, 7], [22, 16, 1, 15], [16, 22, 17, 21]]"
11a_292_126,"[[16, 22, 17, 21], [10, 4, 11, 3], [8, 2, 9, 1], [4, 10, 5, 9], [2, 12, 3, 11], [14, 6, 15, 5], [18, 14, 19, 13], [6, 18, 7, 17], [12, 20, 13, 19], [20, 8, 21, 7], [22, 16, 1, 15]]"
11a_292_127,"[[22, 16, 1, 15], [16, 22, 17, 21], [10, 4, 11, 3], [8, 2, 9, 1], [4, 10, 5, 9], [2, 12, 3, 11], [14, 6, 15, 5], [18, 14, 19, 13], [6, 18, 7, 17], [12, 20, 13, 19], [20, 8, 21, 7]]"
11a_292_128,"[[20, 8, 21, 7], [22, 16, 1, 15], [16, 22, 17, 21], [10, 4, 11, 3], [8, 2, 9, 1], [4, 10, 5, 9], [2, 12, 3, 11], [14, 6, 15, 5], [18, 14, 19, 13], [6, 18, 7, 17], [12, 20, 13, 19]]"
11a_292_129,"[[12, 20, 13, 19], [20, 8, 21, 7], [22, 16, 1, 15], [16, 22, 17, 21], [10, 4, 11, 3], [8, 2, 9, 1], [4, 10, 5, 9], [2, 12, 3, 11], [14, 6, 15, 5], [18, 14, 19, 13], [6, 18, 7, 17]]"
11a_292_130,"[[6, 18, 7, 17], [12, 20, 13, 19], [20, 8, 21, 7], [22, 16, 1, 15], [16, 22, 17, 21], [10, 4, 11, 3], [8, 2, 9, 1], [4, 10, 5, 9], [2, 12, 3, 11], [14, 6, 15, 5], [18, 14, 19, 13]]"
11a_292_131,"[[18, 14, 19, 13], [6, 18, 7, 17], [12, 20, 13, 19], [20, 8, 21, 7], [22, 16, 1, 15], [16, 22, 17, 21], [10, 4, 11, 3], [8, 2, 9, 1], [4, 10, 5, 9], [2, 12, 3, 11], [14, 6, 15, 5]]"
11a_292_132,"[[15, 7, 16, 6], [19, 15, 20, 14], [7, 19, 8, 18], [13, 21, 14, 20], [21, 9, 22, 8], [1, 17, 2, 16], [17, 1, 18, 22], [11, 5, 12, 4], [9, 3, 10, 2], [5, 11, 6, 10], [3, 13, 4, 12]]"
11a_292_133,"[[3, 13, 4, 12], [15, 7, 16, 6], [19, 15, 20, 14], [7, 19, 8, 18], [13, 21, 14, 20], [21, 9, 22, 8], [1, 17, 2, 16], [17, 1, 18, 22], [11, 5, 12, 4], [9, 3, 10, 2], [5, 11, 6, 10]]"
11a_292_134,"[[5, 11, 6, 10], [3, 13, 4, 12], [15, 7, 16, 6], [19, 15, 20, 14], [7, 19, 8, 18], [13, 21, 14, 20], [21, 9, 22, 8], [1, 17, 2, 16], [17, 1, 18, 22], [11, 5, 12, 4], [9, 3, 10, 2]]"
11a_292_135,"[[9, 3, 10, 2], [5, 11, 6, 10], [3, 13, 4, 12], [15, 7, 16, 6], [19, 15, 20, 14], [7, 19, 8, 18], [13, 21, 14, 20], [21, 9, 22, 8], [1, 17, 2, 16], [17, 1, 18, 22], [11, 5, 12, 4]]"
11a_292_136,"[[11, 5, 12, 4], [9, 3, 10, 2], [5, 11, 6, 10], [3, 13, 4, 12], [15, 7, 16, 6], [19, 15, 20, 14], [7, 19, 8, 18], [13, 21, 14, 20], [21, 9, 22, 8], [1, 17, 2, 16], [17, 1, 18, 22]]"
11a_292_137,"[[17, 1, 18, 22], [11, 5, 12, 4], [9, 3, 10, 2], [5, 11, 6, 10], [3, 13, 4, 12], [15, 7, 16, 6], [19, 15, 20, 14], [7, 19, 8, 18], [13, 21, 14, 20], [21, 9, 22, 8], [1, 17, 2, 16]]"
11a_292_138,"[[1, 17, 2, 16], [17, 1, 18, 22], [11, 5, 12, 4], [9, 3, 10, 2], [5, 11, 6, 10], [3, 13, 4, 12], [15, 7, 16, 6], [19, 15, 20, 14], [7, 19, 8, 18], [13, 21, 14, 20], [21, 9, 22, 8]]"
11a_292_139,"[[21, 9, 22, 8], [1, 17, 2, 16], [17, 1, 18, 22], [11, 5, 12, 4], [9, 3, 10, 2], [5, 11, 6, 10], [3, 13, 4, 12], [15, 7, 16, 6], [19, 15, 20, 14], [7, 19, 8, 18], [13, 21, 14, 20]]"
11a_292_140,"[[13, 21, 14, 20], [21, 9, 22, 8], [1, 17, 2, 16], [17, 1, 18, 22], [11, 5, 12, 4], [9, 3, 10, 2], [5, 11, 6, 10], [3, 13, 4, 12], [15, 7, 16, 6], [19, 15, 20, 14], [7, 19, 8, 18]]"
11a_292_141,"[[7, 19, 8, 18], [13, 21, 14, 20], [21, 9, 22, 8], [1, 17, 2, 16], [17, 1, 18, 22], [11, 5, 12, 4], [9, 3, 10, 2], [5, 11, 6, 10], [3, 13, 4, 12], [15, 7, 16, 6], [19, 15, 20, 14]]"
11a_292_142,"[[19, 15, 20, 14], [7, 19, 8, 18], [13, 21, 14, 20], [21, 9, 22, 8], [1, 17, 2, 16], [17, 1, 18, 22], [11, 5, 12, 4], [9, 3, 10, 2], [5, 11, 6, 10], [3, 13, 4, 12], [15, 7, 16, 6]]"
11a_292_143,"[[16, 8, 17, 7], [20, 16, 21, 15], [8, 20, 9, 19], [14, 22, 15, 21], [22, 10, 1, 9], [2, 18, 3, 17], [18, 2, 19, 1], [12, 6, 13, 5], [10, 4, 11, 3], [6, 12, 7, 11], [4, 14, 5, 13]]"
11a_292_144,"[[4, 14, 5, 13], [16, 8, 17, 7], [20, 16, 21, 15], [8, 20, 9, 19], [14, 22, 15, 21], [22, 10, 1, 9], [2, 18, 3, 17], [18, 2, 19, 1], [12, 6, 13, 5], [10, 4, 11, 3], [6, 12, 7, 11]]"
11a_292_145,"[[6, 12, 7, 11], [4, 14, 5, 13], [16, 8, 17, 7], [20, 16, 21, 15], [8, 20, 9, 19], [14, 22, 15, 21], [22, 10, 1, 9], [2, 18, 3, 17], [18, 2, 19, 1], [12, 6, 13, 5], [10, 4, 11, 3]]"
11a_292_146,"[[10, 4, 11, 3], [6, 12, 7, 11], [4, 14, 5, 13], [16, 8, 17, 7], [20, 16, 21, 15], [8, 20, 9, 19], [14, 22, 15, 21], [22, 10, 1, 9], [2, 18, 3, 17], [18, 2, 19, 1], [12, 6, 13, 5]]"
11a_292_147,"[[12, 6, 13, 5], [10, 4, 11, 3], [6, 12, 7, 11], [4, 14, 5, 13], [16, 8, 17, 7], [20, 16, 21, 15], [8, 20, 9, 19], [14, 22, 15, 21], [22, 10, 1, 9], [2, 18, 3, 17], [18, 2, 19, 1]]"
11a_292_148,"[[18, 2, 19, 1], [12, 6, 13, 5], [10, 4, 11, 3], [6, 12, 7, 11], [4, 14, 5, 13], [16, 8, 17, 7], [20, 16, 21, 15], [8, 20, 9, 19], [14, 22, 15, 21], [22, 10, 1, 9], [2, 18, 3, 17]]"
11a_292_149,"[[2, 18, 3, 17], [18, 2, 19, 1], [12, 6, 13, 5], [10, 4, 11, 3], [6, 12, 7, 11], [4, 14, 5, 13], [16, 8, 17, 7], [20, 16, 21, 15], [8, 20, 9, 19], [14, 22, 15, 21], [22, 10, 1, 9]]"
11a_292_150,"[[22, 10, 1, 9], [2, 18, 3, 17], [18, 2, 19, 1], [12, 6, 13, 5], [10, 4, 11, 3], [6, 12, 7, 11], [4, 14, 5, 13], [16, 8, 17, 7], [20, 16, 21, 15], [8, 20, 9, 19], [14, 22, 15, 21]]"
11a_292_151,"[[14, 22, 15, 21], [22, 10, 1, 9], [2, 18, 3, 17], [18, 2, 19, 1], [12, 6, 13, 5], [10, 4, 11, 3], [6, 12, 7, 11], [4, 14, 5, 13], [16, 8, 17, 7], [20, 16, 21, 15], [8, 20, 9, 19]]"
11a_292_152,"[[8, 20, 9, 19], [14, 22, 15, 21], [22, 10, 1, 9], [2, 18, 3, 17], [18, 2, 19, 1], [12, 6, 13, 5], [10, 4, 11, 3], [6, 12, 7, 11], [4, 14, 5, 13], [16, 8, 17, 7], [20, 16, 21, 15]]"
11a_292_153,"[[20, 16, 21, 15], [8, 20, 9, 19], [14, 22, 15, 21], [22, 10, 1, 9], [2, 18, 3, 17], [18, 2, 19, 1], [12, 6, 13, 5], [10, 4, 11, 3], [6, 12, 7, 11], [4, 14, 5, 13], [16, 8, 17, 7]]"
11a_292_154,"[[17, 9, 18, 8], [21, 17, 22, 16], [9, 21, 10, 20], [15, 1, 16, 22], [1, 11, 2, 10], [3, 19, 4, 18], [19, 3, 20, 2], [13, 7, 14, 6], [11, 5, 12, 4], [7, 13, 8, 12], [5, 15, 6, 14]]"
11a_292_155,"[[5, 15, 6, 14], [17, 9, 18, 8], [21, 17, 22, 16], [9, 21, 10, 20], [15, 1, 16, 22], [1, 11, 2, 10], [3, 19, 4, 18], [19, 3, 20, 2], [13, 7, 14, 6], [11, 5, 12, 4], [7, 13, 8, 12]]"
11a_292_156,"[[7, 13, 8, 12], [5, 15, 6, 14], [17, 9, 18, 8], [21, 17, 22, 16], [9, 21, 10, 20], [15, 1, 16, 22], [1, 11, 2, 10], [3, 19, 4, 18], [19, 3, 20, 2], [13, 7, 14, 6], [11, 5, 12, 4]]"
11a_292_157,"[[11, 5, 12, 4], [7, 13, 8, 12], [5, 15, 6, 14], [17, 9, 18, 8], [21, 17, 22, 16], [9, 21, 10, 20], [15, 1, 16, 22], [1, 11, 2, 10], [3, 19, 4, 18], [19, 3, 20, 2], [13, 7, 14, 6]]"
11a_292_158,"[[13, 7, 14, 6], [11, 5, 12, 4], [7, 13, 8, 12], [5, 15, 6, 14], [17, 9, 18, 8], [21, 17, 22, 16], [9, 21, 10, 20], [15, 1, 16, 22], [1, 11, 2, 10], [3, 19, 4, 18], [19, 3, 20, 2]]"
11a_292_159,"[[19, 3, 20, 2], [13, 7, 14, 6], [11, 5, 12, 4], [7, 13, 8, 12], [5, 15, 6, 14], [17, 9, 18, 8], [21, 17, 22, 16], [9, 21, 10, 20], [15, 1, 16, 22], [1, 11, 2, 10], [3, 19, 4, 18]]"
11a_292_160,"[[3, 19, 4, 18], [19, 3, 20, 2], [13, 7, 14, 6], [11, 5, 12, 4], [7, 13, 8, 12], [5, 15, 6, 14], [17, 9, 18, 8], [21, 17, 22, 16], [9, 21, 10, 20], [15, 1, 16, 22], [1, 11, 2, 10]]"
11a_292_161,"[[1, 11, 2, 10], [3, 19, 4, 18], [19, 3, 20, 2], [13, 7, 14, 6], [11, 5, 12, 4], [7, 13, 8, 12], [5, 15, 6, 14], [17, 9, 18, 8], [21, 17, 22, 16], [9, 21, 10, 20], [15, 1, 16, 22]]"
11a_292_162,"[[15, 1, 16, 22], [1, 11, 2, 10], [3, 19, 4, 18], [19, 3, 20, 2], [13, 7, 14, 6], [11, 5, 12, 4], [7, 13, 8, 12], [5, 15, 6, 14], [17, 9, 18, 8], [21, 17, 22, 16], [9, 21, 10, 20]]"
11a_292_163,"[[9, 21, 10, 20], [15, 1, 16, 22], [1, 11, 2, 10], [3, 19, 4, 18], [19, 3, 20, 2], [13, 7, 14, 6], [11, 5, 12, 4], [7, 13, 8, 12], [5, 15, 6, 14], [17, 9, 18, 8], [21, 17, 22, 16]]"
11a_292_164,"[[21, 17, 22, 16], [9, 21, 10, 20], [15, 1, 16, 22], [1, 11, 2, 10], [3, 19, 4, 18], [19, 3, 20, 2], [13, 7, 14, 6], [11, 5, 12, 4], [7, 13, 8, 12], [5, 15, 6, 14], [17, 9, 18, 8]]"
11a_292_165,"[[18, 10, 19, 9], [22, 18, 1, 17], [10, 22, 11, 21], [16, 2, 17, 1], [2, 12, 3, 11], [4, 20, 5, 19], [20, 4, 21, 3], [14, 8, 15, 7], [12, 6, 13, 5], [8, 14, 9, 13], [6, 16, 7, 15]]"
11a_292_166,"[[6, 16, 7, 15], [18, 10, 19, 9], [22, 18, 1, 17], [10, 22, 11, 21], [16, 2, 17, 1], [2, 12, 3, 11], [4, 20, 5, 19], [20, 4, 21, 3], [14, 8, 15, 7], [12, 6, 13, 5], [8, 14, 9, 13]]"
11a_292_167,"[[8, 14, 9, 13], [6, 16, 7, 15], [18, 10, 19, 9], [22, 18, 1, 17], [10, 22, 11, 21], [16, 2, 17, 1], [2, 12, 3, 11], [4, 20, 5, 19], [20, 4, 21, 3], [14, 8, 15, 7], [12, 6, 13, 5]]"
11a_292_168,"[[12, 6, 13, 5], [8, 14, 9, 13], [6, 16, 7, 15], [18, 10, 19, 9], [22, 18, 1, 17], [10, 22, 11, 21], [16, 2, 17, 1], [2, 12, 3, 11], [4, 20, 5, 19], [20, 4, 21, 3], [14, 8, 15, 7]]"
11a_292_169,"[[14, 8, 15, 7], [12, 6, 13, 5], [8, 14, 9, 13], [6, 16, 7, 15], [18, 10, 19, 9], [22, 18, 1, 17], [10, 22, 11, 21], [16, 2, 17, 1], [2, 12, 3, 11], [4, 20, 5, 19], [20, 4, 21, 3]]"
11a_292_170,"[[20, 4, 21, 3], [14, 8, 15, 7], [12, 6, 13, 5], [8, 14, 9, 13], [6, 16, 7, 15], [18, 10, 19, 9], [22, 18, 1, 17], [10, 22, 11, 21], [16, 2, 17, 1], [2, 12, 3, 11], [4, 20, 5, 19]]"
11a_292_171,"[[4, 20, 5, 19], [20, 4, 21, 3], [14, 8, 15, 7], [12, 6, 13, 5], [8, 14, 9, 13], [6, 16, 7, 15], [18, 10, 19, 9], [22, 18, 1, 17], [10, 22, 11, 21], [16, 2, 17, 1], [2, 12, 3, 11]]"
11a_292_172,"[[2, 12, 3, 11], [4, 20, 5, 19], [20, 4, 21, 3], [14, 8, 15, 7], [12, 6, 13, 5], [8, 14, 9, 13], [6, 16, 7, 15], [18, 10, 19, 9], [22, 18, 1, 17], [10, 22, 11, 21], [16, 2, 17, 1]]"
11a_292_173,"[[16, 2, 17, 1], [2, 12, 3, 11], [4, 20, 5, 19], [20, 4, 21, 3], [14, 8, 15, 7], [12, 6, 13, 5], [8, 14, 9, 13], [6, 16, 7, 15], [18, 10, 19, 9], [22, 18, 1, 17], [10, 22, 11, 21]]"
11a_292_174,"[[10, 22, 11, 21], [16, 2, 17, 1], [2, 12, 3, 11], [4, 20, 5, 19], [20, 4, 21, 3], [14, 8, 15, 7], [12, 6, 13, 5], [8, 14, 9, 13], [6, 16, 7, 15], [18, 10, 19, 9], [22, 18, 1, 17]]"
11a_292_175,"[[22, 18, 1, 17], [10, 22, 11, 21], [16, 2, 17, 1], [2, 12, 3, 11], [4, 20, 5, 19], [20, 4, 21, 3], [14, 8, 15, 7], [12, 6, 13, 5], [8, 14, 9, 13], [6, 16, 7, 15], [18, 10, 19, 9]]"
11a_292_176,"[[19, 11, 20, 10], [1, 19, 2, 18], [11, 1, 12, 22], [17, 3, 18, 2], [3, 13, 4, 12], [5, 21, 6, 20], [21, 5, 22, 4], [15, 9, 16, 8], [13, 7, 14, 6], [9, 15, 10, 14], [7, 17, 8, 16]]"
11a_292_177,"[[7, 17, 8, 16], [19, 11, 20, 10], [1, 19, 2, 18], [11, 1, 12, 22], [17, 3, 18, 2], [3, 13, 4, 12], [5, 21, 6, 20], [21, 5, 22, 4], [15, 9, 16, 8], [13, 7, 14, 6], [9, 15, 10, 14]]"
11a_292_178,"[[9, 15, 10, 14], [7, 17, 8, 16], [19, 11, 20, 10], [1, 19, 2, 18], [11, 1, 12, 22], [17, 3, 18, 2], [3, 13, 4, 12], [5, 21, 6, 20], [21, 5, 22, 4], [15, 9, 16, 8], [13, 7, 14, 6]]"
11a_292_179,"[[13, 7, 14, 6], [9, 15, 10, 14], [7, 17, 8, 16], [19, 11, 20, 10], [1, 19, 2, 18], [11, 1, 12, 22], [17, 3, 18, 2], [3, 13, 4, 12], [5, 21, 6, 20], [21, 5, 22, 4], [15, 9, 16, 8]]"
11a_292_180,"[[15, 9, 16, 8], [13, 7, 14, 6], [9, 15, 10, 14], [7, 17, 8, 16], [19, 11, 20, 10], [1, 19, 2, 18], [11, 1, 12, 22], [17, 3, 18, 2], [3, 13, 4, 12], [5, 21, 6, 20], [21, 5, 22, 4]]"
11a_292_181,"[[21, 5, 22, 4], [15, 9, 16, 8], [13, 7, 14, 6], [9, 15, 10, 14], [7, 17, 8, 16], [19, 11, 20, 10], [1, 19, 2, 18], [11, 1, 12, 22], [17, 3, 18, 2], [3, 13, 4, 12], [5, 21, 6, 20]]"
11a_292_182,"[[5, 21, 6, 20], [21, 5, 22, 4], [15, 9, 16, 8], [13, 7, 14, 6], [9, 15, 10, 14], [7, 17, 8, 16], [19, 11, 20, 10], [1, 19, 2, 18], [11, 1, 12, 22], [17, 3, 18, 2], [3, 13, 4, 12]]"
11a_292_183,"[[3, 13, 4, 12], [5, 21, 6, 20], [21, 5, 22, 4], [15, 9, 16, 8], [13, 7, 14, 6], [9, 15, 10, 14], [7, 17, 8, 16], [19, 11, 20, 10], [1, 19, 2, 18], [11, 1, 12, 22], [17, 3, 18, 2]]"
11a_292_184,"[[17, 3, 18, 2], [3, 13, 4, 12], [5, 21, 6, 20], [21, 5, 22, 4], [15, 9, 16, 8], [13, 7, 14, 6], [9, 15, 10, 14], [7, 17, 8, 16], [19, 11, 20, 10], [1, 19, 2, 18], [11, 1, 12, 22]]"
11a_292_185,"[[11, 1, 12, 22], [17, 3, 18, 2], [3, 13, 4, 12], [5, 21, 6, 20], [21, 5, 22, 4], [15, 9, 16, 8], [13, 7, 14, 6], [9, 15, 10, 14], [7, 17, 8, 16], [19, 11, 20, 10], [1, 19, 2, 18]]"
11a_292_186,"[[1, 19, 2, 18], [11, 1, 12, 22], [17, 3, 18, 2], [3, 13, 4, 12], [5, 21, 6, 20], [21, 5, 22, 4], [15, 9, 16, 8], [13, 7, 14, 6], [9, 15, 10, 14], [7, 17, 8, 16], [19, 11, 20, 10]]"
11a_292_187,"[[20, 12, 21, 11], [2, 20, 3, 19], [12, 2, 13, 1], [18, 4, 19, 3], [4, 14, 5, 13], [6, 22, 7, 21], [22, 6, 1, 5], [16, 10, 17, 9], [14, 8, 15, 7], [10, 16, 11, 15], [8, 18, 9, 17]]"
11a_292_188,"[[8, 18, 9, 17], [20, 12, 21, 11], [2, 20, 3, 19], [12, 2, 13, 1], [18, 4, 19, 3], [4, 14, 5, 13], [6, 22, 7, 21], [22, 6, 1, 5], [16, 10, 17, 9], [14, 8, 15, 7], [10, 16, 11, 15]]"
11a_292_189,"[[10, 16, 11, 15], [8, 18, 9, 17], [20, 12, 21, 11], [2, 20, 3, 19], [12, 2, 13, 1], [18, 4, 19, 3], [4, 14, 5, 13], [6, 22, 7, 21], [22, 6, 1, 5], [16, 10, 17, 9], [14, 8, 15, 7]]"
11a_292_190,"[[14, 8, 15, 7], [10, 16, 11, 15], [8, 18, 9, 17], [20, 12, 21, 11], [2, 20, 3, 19], [12, 2, 13, 1], [18, 4, 19, 3], [4, 14, 5, 13], [6, 22, 7, 21], [22, 6, 1, 5], [16, 10, 17, 9]]"
11a_292_191,"[[16, 10, 17, 9], [14, 8, 15, 7], [10, 16, 11, 15], [8, 18, 9, 17], [20, 12, 21, 11], [2, 20, 3, 19], [12, 2, 13, 1], [18, 4, 19, 3], [4, 14, 5, 13], [6, 22, 7, 21], [22, 6, 1, 5]]"
11a_292_192,"[[22, 6, 1, 5], [16, 10, 17, 9], [14, 8, 15, 7], [10, 16, 11, 15], [8, 18, 9, 17], [20, 12, 21, 11], [2, 20, 3, 19], [12, 2, 13, 1], [18, 4, 19, 3], [4, 14, 5, 13], [6, 22, 7, 21]]"
11a_292_193,"[[6, 22, 7, 21], [22, 6, 1, 5], [16, 10, 17, 9], [14, 8, 15, 7], [10, 16, 11, 15], [8, 18, 9, 17], [20, 12, 21, 11], [2, 20, 3, 19], [12, 2, 13, 1], [18, 4, 19, 3], [4, 14, 5, 13]]"
11a_292_194,"[[4, 14, 5, 13], [6, 22, 7, 21], [22, 6, 1, 5], [16, 10, 17, 9], [14, 8, 15, 7], [10, 16, 11, 15], [8, 18, 9, 17], [20, 12, 21, 11], [2, 20, 3, 19], [12, 2, 13, 1], [18, 4, 19, 3]]"
11a_292_195,"[[18, 4, 19, 3], [4, 14, 5, 13], [6, 22, 7, 21], [22, 6, 1, 5], [16, 10, 17, 9], [14, 8, 15, 7], [10, 16, 11, 15], [8, 18, 9, 17], [20, 12, 21, 11], [2, 20, 3, 19], [12, 2, 13, 1]]"
11a_292_196,"[[12, 2, 13, 1], [18, 4, 19, 3], [4, 14, 5, 13], [6, 22, 7, 21], [22, 6, 1, 5], [16, 10, 17, 9], [14, 8, 15, 7], [10, 16, 11, 15], [8, 18, 9, 17], [20, 12, 21, 11], [2, 20, 3, 19]]"
11a_292_197,"[[2, 20, 3, 19], [12, 2, 13, 1], [18, 4, 19, 3], [4, 14, 5, 13], [6, 22, 7, 21], [22, 6, 1, 5], [16, 10, 17, 9], [14, 8, 15, 7], [10, 16, 11, 15], [8, 18, 9, 17], [20, 12, 21, 11]]"
11a_292_198,"[[21, 13, 22, 12], [3, 21, 4, 20], [13, 3, 14, 2], [19, 5, 20, 4], [5, 15, 6, 14], [7, 1, 8, 22], [1, 7, 2, 6], [17, 11, 18, 10], [15, 9, 16, 8], [11, 17, 12, 16], [9, 19, 10, 18]]"
11a_292_199,"[[9, 19, 10, 18], [21, 13, 22, 12], [3, 21, 4, 20], [13, 3, 14, 2], [19, 5, 20, 4], [5, 15, 6, 14], [7, 1, 8, 22], [1, 7, 2, 6], [17, 11, 18, 10], [15, 9, 16, 8], [11, 17, 12, 16]]"
11a_292_200,"[[11, 17, 12, 16], [9, 19, 10, 18], [21, 13, 22, 12], [3, 21, 4, 20], [13, 3, 14, 2], [19, 5, 20, 4], [5, 15, 6, 14], [7, 1, 8, 22], [1, 7, 2, 6], [17, 11, 18, 10], [15, 9, 16, 8]]"
11a_292_201,"[[15, 9, 16, 8], [11, 17, 12, 16], [9, 19, 10, 18], [21, 13, 22, 12], [3, 21, 4, 20], [13, 3, 14, 2], [19, 5, 20, 4], [5, 15, 6, 14], [7, 1, 8, 22], [1, 7, 2, 6], [17, 11, 18, 10]]"
11a_292_202,"[[17, 11, 18, 10], [15, 9, 16, 8], [11, 17, 12, 16], [9, 19, 10, 18], [21, 13, 22, 12], [3, 21, 4, 20], [13, 3, 14, 2], [19, 5, 20, 4], [5, 15, 6, 14], [7, 1, 8, 22], [1, 7, 2, 6]]"
11a_292_203,"[[1, 7, 2, 6], [17, 11, 18, 10], [15, 9, 16, 8], [11, 17, 12, 16], [9, 19, 10, 18], [21, 13, 22, 12], [3, 21, 4, 20], [13, 3, 14, 2], [19, 5, 20, 4], [5, 15, 6, 14], [7, 1, 8, 22]]"
