name,pd_notation
11a_238_0,"[[3, 15, 4, 14], [5, 3, 6, 2], [15, 5, 16, 4], [17, 7, 18, 6], [1, 13, 2, 12], [7, 1, 8, 22], [21, 9, 22, 8], [19, 11, 20, 10], [11, 19, 12, 18], [9, 21, 10, 20], [13, 17, 14, 16]]"
11a_238_1,"[[13, 17, 14, 16], [3, 15, 4, 14], [5, 3, 6, 2], [15, 5, 16, 4], [17, 7, 18, 6], [1, 13, 2, 12], [7, 1, 8, 22], [21, 9, 22, 8], [19, 11, 20, 10], [11, 19, 12, 18], [9, 21, 10, 20]]"
11a_238_2,"[[9, 21, 10, 20], [13, 17, 14, 16], [3, 15, 4, 14], [5, 3, 6, 2], [15, 5, 16, 4], [17, 7, 18, 6], [1, 13, 2, 12], [7, 1, 8, 22], [21, 9, 22, 8], [19, 11, 20, 10], [11, 19, 12, 18]]"
11a_238_3,"[[11, 19, 12, 18], [9, 21, 10, 20], [13, 17, 14, 16], [3, 15, 4, 14], [5, 3, 6, 2], [15, 5, 16, 4], [17, 7, 18, 6], [1, 13, 2, 12], [7, 1, 8, 22], [21, 9, 22, 8], [19, 11, 20, 10]]"
11a_238_4,"[[19, 11, 20, 10], [11, 19, 12, 18], [9, 21, 10, 20], [13, 17, 14, 16], [3, 15, 4, 14], [5, 3, 6, 2], [15, 5, 16, 4], [17, 7, 18, 6], [1, 13, 2, 12], [7, 1, 8, 22], [21, 9, 22, 8]]"
11a_238_5,"[[21, 9, 22, 8], [19, 11, 20, 10], [11, 19, 12, 18], [9, 21, 10, 20], [13, 17, 14, 16], [3, 15, 4, 14], [5, 3, 6, 2], [15, 5, 16, 4], [17, 7, 18, 6], [1, 13, 2, 12], [7, 1, 8, 22]]"
11a_238_6,"[[7, 1, 8, 22], [21, 9, 22, 8], [19, 11, 20, 10], [11, 19, 12, 18], [9, 21, 10, 20], [13, 17, 14, 16], [3, 15, 4, 14], [5, 3, 6, 2], [15, 5, 16, 4], [17, 7, 18, 6], [1, 13, 2, 12]]"
11a_238_7,"[[1, 13, 2, 12], [7, 1, 8, 22], [21, 9, 22, 8], [19, 11, 20, 10], [11, 19, 12, 18], [9, 21, 10, 20], [13, 17, 14, 16], [3, 15, 4, 14], [5, 3, 6, 2], [15, 5, 16, 4], [17, 7, 18, 6]]"
11a_238_8,"[[17, 7, 18, 6], [1, 13, 2, 12], [7, 1, 8, 22], [21, 9, 22, 8], [19, 11, 20, 10], [11, 19, 12, 18], [9, 21, 10, 20], [13, 17, 14, 16], [3, 15, 4, 14], [5, 3, 6, 2], [15, 5, 16, 4]]"
11a_238_9,"[[15, 5, 16, 4], [17, 7, 18, 6], [1, 13, 2, 12], [7, 1, 8, 22], [21, 9, 22, 8], [19, 11, 20, 10], [11, 19, 12, 18], [9, 21, 10, 20], [13, 17, 14, 16], [3, 15, 4, 14], [5, 3, 6, 2]]"
11a_238_10,"[[5, 3, 6, 2], [15, 5, 16, 4], [17, 7, 18, 6], [1, 13, 2, 12], [7, 1, 8, 22], [21, 9, 22, 8], [19, 11, 20, 10], [11, 19, 12, 18], [9, 21, 10, 20], [13, 17, 14, 16], [3, 15, 4, 14]]"
11a_238_11,"[[4, 16, 5, 15], [6, 4, 7, 3], [16, 6, 17, 5], [18, 8, 19, 7], [2, 14, 3, 13], [8, 2, 9, 1], [22, 10, 1, 9], [20, 12, 21, 11], [12, 20, 13, 19], [10, 22, 11, 21], [14, 18, 15, 17]]"
11a_238_12,"[[14, 18, 15, 17], [4, 16, 5, 15], [6, 4, 7, 3], [16, 6, 17, 5], [18, 8, 19, 7], [2, 14, 3, 13], [8, 2, 9, 1], [22, 10, 1, 9], [20, 12, 21, 11], [12, 20, 13, 19], [10, 22, 11, 21]]"
11a_238_13,"[[10, 22, 11, 21], [14, 18, 15, 17], [4, 16, 5, 15], [6, 4, 7, 3], [16, 6, 17, 5], [18, 8, 19, 7], [2, 14, 3, 13], [8, 2, 9, 1], [22, 10, 1, 9], [20, 12, 21, 11], [12, 20, 13, 19]]"
11a_238_14,"[[12, 20, 13, 19], [10, 22, 11, 21], [14, 18, 15, 17], [4, 16, 5, 15], [6, 4, 7, 3], [16, 6, 17, 5], [18, 8, 19, 7], [2, 14, 3, 13], [8, 2, 9, 1], [22, 10, 1, 9], [20, 12, 21, 11]]"
11a_238_15,"[[20, 12, 21, 11], [12, 20, 13, 19], [10, 22, 11, 21], [14, 18, 15, 17], [4, 16, 5, 15], [6, 4, 7, 3], [16, 6, 17, 5], [18, 8, 19, 7], [2, 14, 3, 13], [8, 2, 9, 1], [22, 10, 1, 9]]"
11a_238_16,"[[22, 10, 1, 9], [20, 12, 21, 11], [12, 20, 13, 19], [10, 22, 11, 21], [14, 18, 15, 17], [4, 16, 5, 15], [6, 4, 7, 3], [16, 6, 17, 5], [18, 8, 19, 7], [2, 14, 3, 13], [8, 2, 9, 1]]"
11a_238_17,"[[8, 2, 9, 1], [22, 10, 1, 9], [20, 12, 21, 11], [12, 20, 13, 19], [10, 22, 11, 21], [14, 18, 15, 17], [4, 16, 5, 15], [6, 4, 7, 3], [16, 6, 17, 5], [18, 8, 19, 7], [2, 14, 3, 13]]"
11a_238_18,"[[2, 14, 3, 13], [8, 2, 9, 1], [22, 10, 1, 9], [20, 12, 21, 11], [12, 20, 13, 19], [10, 22, 11, 21], [14, 18, 15, 17], [4, 16, 5, 15], [6, 4, 7, 3], [16, 6, 17, 5], [18, 8, 19, 7]]"
11a_238_19,"[[18, 8, 19, 7], [2, 14, 3, 13], [8, 2, 9, 1], [22, 10, 1, 9], [20, 12, 21, 11], [12, 20, 13, 19], [10, 22, 11, 21], [14, 18, 15, 17], [4, 16, 5, 15], [6, 4, 7, 3], [16, 6, 17, 5]]"
11a_238_20,"[[16, 6, 17, 5], [18, 8, 19, 7], [2, 14, 3, 13], [8, 2, 9, 1], [22, 10, 1, 9], [20, 12, 21, 11], [12, 20, 13, 19], [10, 22, 11, 21], [14, 18, 15, 17], [4, 16, 5, 15], [6, 4, 7, 3]]"
11a_238_21,"[[6, 4, 7, 3], [16, 6, 17, 5], [18, 8, 19, 7], [2, 14, 3, 13], [8, 2, 9, 1], [22, 10, 1, 9], [20, 12, 21, 11], [12, 20, 13, 19], [10, 22, 11, 21], [14, 18, 15, 17], [4, 16, 5, 15]]"
11a_238_22,"[[5, 17, 6, 16], [7, 5, 8, 4], [17, 7, 18, 6], [19, 9, 20, 8], [3, 15, 4, 14], [9, 3, 10, 2], [1, 11, 2, 10], [21, 13, 22, 12], [13, 21, 14, 20], [11, 1, 12, 22], [15, 19, 16, 18]]"
11a_238_23,"[[15, 19, 16, 18], [5, 17, 6, 16], [7, 5, 8, 4], [17, 7, 18, 6], [19, 9, 20, 8], [3, 15, 4, 14], [9, 3, 10, 2], [1, 11, 2, 10], [21, 13, 22, 12], [13, 21, 14, 20], [11, 1, 12, 22]]"
11a_238_24,"[[11, 1, 12, 22], [15, 19, 16, 18], [5, 17, 6, 16], [7, 5, 8, 4], [17, 7, 18, 6], [19, 9, 20, 8], [3, 15, 4, 14], [9, 3, 10, 2], [1, 11, 2, 10], [21, 13, 22, 12], [13, 21, 14, 20]]"
11a_238_25,"[[13, 21, 14, 20], [11, 1, 12, 22], [15, 19, 16, 18], [5, 17, 6, 16], [7, 5, 8, 4], [17, 7, 18, 6], [19, 9, 20, 8], [3, 15, 4, 14], [9, 3, 10, 2], [1, 11, 2, 10], [21, 13, 22, 12]]"
11a_238_26,"[[21, 13, 22, 12], [13, 21, 14, 20], [11, 1, 12, 22], [15, 19, 16, 18], [5, 17, 6, 16], [7, 5, 8, 4], [17, 7, 18, 6], [19, 9, 20, 8], [3, 15, 4, 14], [9, 3, 10, 2], [1, 11, 2, 10]]"
11a_238_27,"[[1, 11, 2, 10], [21, 13, 22, 12], [13, 21, 14, 20], [11, 1, 12, 22], [15, 19, 16, 18], [5, 17, 6, 16], [7, 5, 8, 4], [17, 7, 18, 6], [19, 9, 20, 8], [3, 15, 4, 14], [9, 3, 10, 2]]"
11a_238_28,"[[9, 3, 10, 2], [1, 11, 2, 10], [21, 13, 22, 12], [13, 21, 14, 20], [11, 1, 12, 22], [15, 19, 16, 18], [5, 17, 6, 16], [7, 5, 8, 4], [17, 7, 18, 6], [19, 9, 20, 8], [3, 15, 4, 14]]"
11a_238_29,"[[3, 15, 4, 14], [9, 3, 10, 2], [1, 11, 2, 10], [21, 13, 22, 12], [13, 21, 14, 20], [11, 1, 12, 22], [15, 19, 16, 18], [5, 17, 6, 16], [7, 5, 8, 4], [17, 7, 18, 6], [19, 9, 20, 8]]"
11a_238_30,"[[19, 9, 20, 8], [3, 15, 4, 14], [9, 3, 10, 2], [1, 11, 2, 10], [21, 13, 22, 12], [13, 21, 14, 20], [11, 1, 12, 22], [15, 19, 16, 18], [5, 17, 6, 16], [7, 5, 8, 4], [17, 7, 18, 6]]"
11a_238_31,"[[17, 7, 18, 6], [19, 9, 20, 8], [3, 15, 4, 14], [9, 3, 10, 2], [1, 11, 2, 10], [21, 13, 22, 12], [13, 21, 14, 20], [11, 1, 12, 22], [15, 19, 16, 18], [5, 17, 6, 16], [7, 5, 8, 4]]"
11a_238_32,"[[7, 5, 8, 4], [17, 7, 18, 6], [19, 9, 20, 8], [3, 15, 4, 14], [9, 3, 10, 2], [1, 11, 2, 10], [21, 13, 22, 12], [13, 21, 14, 20], [11, 1, 12, 22], [15, 19, 16, 18], [5, 17, 6, 16]]"
11a_238_33,"[[6, 18, 7, 17], [8, 6, 9, 5], [18, 8, 19, 7], [20, 10, 21, 9], [4, 16, 5, 15], [10, 4, 11, 3], [2, 12, 3, 11], [22, 14, 1, 13], [14, 22, 15, 21], [12, 2, 13, 1], [16, 20, 17, 19]]"
11a_238_34,"[[16, 20, 17, 19], [6, 18, 7, 17], [8, 6, 9, 5], [18, 8, 19, 7], [20, 10, 21, 9], [4, 16, 5, 15], [10, 4, 11, 3], [2, 12, 3, 11], [22, 14, 1, 13], [14, 22, 15, 21], [12, 2, 13, 1]]"
11a_238_35,"[[12, 2, 13, 1], [16, 20, 17, 19], [6, 18, 7, 17], [8, 6, 9, 5], [18, 8, 19, 7], [20, 10, 21, 9], [4, 16, 5, 15], [10, 4, 11, 3], [2, 12, 3, 11], [22, 14, 1, 13], [14, 22, 15, 21]]"
11a_238_36,"[[14, 22, 15, 21], [12, 2, 13, 1], [16, 20, 17, 19], [6, 18, 7, 17], [8, 6, 9, 5], [18, 8, 19, 7], [20, 10, 21, 9], [4, 16, 5, 15], [10, 4, 11, 3], [2, 12, 3, 11], [22, 14, 1, 13]]"
11a_238_37,"[[22, 14, 1, 13], [14, 22, 15, 21], [12, 2, 13, 1], [16, 20, 17, 19], [6, 18, 7, 17], [8, 6, 9, 5], [18, 8, 19, 7], [20, 10, 21, 9], [4, 16, 5, 15], [10, 4, 11, 3], [2, 12, 3, 11]]"
11a_238_38,"[[2, 12, 3, 11], [22, 14, 1, 13], [14, 22, 15, 21], [12, 2, 13, 1], [16, 20, 17, 19], [6, 18, 7, 17], [8, 6, 9, 5], [18, 8, 19, 7], [20, 10, 21, 9], [4, 16, 5, 15], [10, 4, 11, 3]]"
11a_238_39,"[[10, 4, 11, 3], [2, 12, 3, 11], [22, 14, 1, 13], [14, 22, 15, 21], [12, 2, 13, 1], [16, 20, 17, 19], [6, 18, 7, 17], [8, 6, 9, 5], [18, 8, 19, 7], [20, 10, 21, 9], [4, 16, 5, 15]]"
11a_238_40,"[[4, 16, 5, 15], [10, 4, 11, 3], [2, 12, 3, 11], [22, 14, 1, 13], [14, 22, 15, 21], [12, 2, 13, 1], [16, 20, 17, 19], [6, 18, 7, 17], [8, 6, 9, 5], [18, 8, 19, 7], [20, 10, 21, 9]]"
11a_238_41,"[[20, 10, 21, 9], [4, 16, 5, 15], [10, 4, 11, 3], [2, 12, 3, 11], [22, 14, 1, 13], [14, 22, 15, 21], [12, 2, 13, 1], [16, 20, 17, 19], [6, 18, 7, 17], [8, 6, 9, 5], [18, 8, 19, 7]]"
11a_238_42,"[[18, 8, 19, 7], [20, 10, 21, 9], [4, 16, 5, 15], [10, 4, 11, 3], [2, 12, 3, 11], [22, 14, 1, 13], [14, 22, 15, 21], [12, 2, 13, 1], [16, 20, 17, 19], [6, 18, 7, 17], [8, 6, 9, 5]]"
11a_238_43,"[[8, 6, 9, 5], [18, 8, 19, 7], [20, 10, 21, 9], [4, 16, 5, 15], [10, 4, 11, 3], [2, 12, 3, 11], [22, 14, 1, 13], [14, 22, 15, 21], [12, 2, 13, 1], [16, 20, 17, 19], [6, 18, 7, 17]]"
11a_238_44,"[[7, 19, 8, 18], [9, 7, 10, 6], [19, 9, 20, 8], [21, 11, 22, 10], [5, 17, 6, 16], [11, 5, 12, 4], [3, 13, 4, 12], [1, 15, 2, 14], [15, 1, 16, 22], [13, 3, 14, 2], [17, 21, 18, 20]]"
11a_238_45,"[[17, 21, 18, 20], [7, 19, 8, 18], [9, 7, 10, 6], [19, 9, 20, 8], [21, 11, 22, 10], [5, 17, 6, 16], [11, 5, 12, 4], [3, 13, 4, 12], [1, 15, 2, 14], [15, 1, 16, 22], [13, 3, 14, 2]]"
11a_238_46,"[[13, 3, 14, 2], [17, 21, 18, 20], [7, 19, 8, 18], [9, 7, 10, 6], [19, 9, 20, 8], [21, 11, 22, 10], [5, 17, 6, 16], [11, 5, 12, 4], [3, 13, 4, 12], [1, 15, 2, 14], [15, 1, 16, 22]]"
11a_238_47,"[[15, 1, 16, 22], [13, 3, 14, 2], [17, 21, 18, 20], [7, 19, 8, 18], [9, 7, 10, 6], [19, 9, 20, 8], [21, 11, 22, 10], [5, 17, 6, 16], [11, 5, 12, 4], [3, 13, 4, 12], [1, 15, 2, 14]]"
11a_238_48,"[[1, 15, 2, 14], [15, 1, 16, 22], [13, 3, 14, 2], [17, 21, 18, 20], [7, 19, 8, 18], [9, 7, 10, 6], [19, 9, 20, 8], [21, 11, 22, 10], [5, 17, 6, 16], [11, 5, 12, 4], [3, 13, 4, 12]]"
11a_238_49,"[[3, 13, 4, 12], [1, 15, 2, 14], [15, 1, 16, 22], [13, 3, 14, 2], [17, 21, 18, 20], [7, 19, 8, 18], [9, 7, 10, 6], [19, 9, 20, 8], [21, 11, 22, 10], [5, 17, 6, 16], [11, 5, 12, 4]]"
11a_238_50,"[[11, 5, 12, 4], [3, 13, 4, 12], [1, 15, 2, 14], [15, 1, 16, 22], [13, 3, 14, 2], [17, 21, 18, 20], [7, 19, 8, 18], [9, 7, 10, 6], [19, 9, 20, 8], [21, 11, 22, 10], [5, 17, 6, 16]]"
11a_238_51,"[[5, 17, 6, 16], [11, 5, 12, 4], [3, 13, 4, 12], [1, 15, 2, 14], [15, 1, 16, 22], [13, 3, 14, 2], [17, 21, 18, 20], [7, 19, 8, 18], [9, 7, 10, 6], [19, 9, 20, 8], [21, 11, 22, 10]]"
11a_238_52,"[[21, 11, 22, 10], [5, 17, 6, 16], [11, 5, 12, 4], [3, 13, 4, 12], [1, 15, 2, 14], [15, 1, 16, 22], [13, 3, 14, 2], [17, 21, 18, 20], [7, 19, 8, 18], [9, 7, 10, 6], [19, 9, 20, 8]]"
11a_238_53,"[[19, 9, 20, 8], [21, 11, 22, 10], [5, 17, 6, 16], [11, 5, 12, 4], [3, 13, 4, 12], [1, 15, 2, 14], [15, 1, 16, 22], [13, 3, 14, 2], [17, 21, 18, 20], [7, 19, 8, 18], [9, 7, 10, 6]]"
11a_238_54,"[[9, 7, 10, 6], [19, 9, 20, 8], [21, 11, 22, 10], [5, 17, 6, 16], [11, 5, 12, 4], [3, 13, 4, 12], [1, 15, 2, 14], [15, 1, 16, 22], [13, 3, 14, 2], [17, 21, 18, 20], [7, 19, 8, 18]]"
11a_238_55,"[[8, 20, 9, 19], [10, 8, 11, 7], [20, 10, 21, 9], [22, 12, 1, 11], [6, 18, 7, 17], [12, 6, 13, 5], [4, 14, 5, 13], [2, 16, 3, 15], [16, 2, 17, 1], [14, 4, 15, 3], [18, 22, 19, 21]]"
11a_238_56,"[[18, 22, 19, 21], [8, 20, 9, 19], [10, 8, 11, 7], [20, 10, 21, 9], [22, 12, 1, 11], [6, 18, 7, 17], [12, 6, 13, 5], [4, 14, 5, 13], [2, 16, 3, 15], [16, 2, 17, 1], [14, 4, 15, 3]]"
11a_238_57,"[[14, 4, 15, 3], [18, 22, 19, 21], [8, 20, 9, 19], [10, 8, 11, 7], [20, 10, 21, 9], [22, 12, 1, 11], [6, 18, 7, 17], [12, 6, 13, 5], [4, 14, 5, 13], [2, 16, 3, 15], [16, 2, 17, 1]]"
11a_238_58,"[[16, 2, 17, 1], [14, 4, 15, 3], [18, 22, 19, 21], [8, 20, 9, 19], [10, 8, 11, 7], [20, 10, 21, 9], [22, 12, 1, 11], [6, 18, 7, 17], [12, 6, 13, 5], [4, 14, 5, 13], [2, 16, 3, 15]]"
11a_238_59,"[[2, 16, 3, 15], [16, 2, 17, 1], [14, 4, 15, 3], [18, 22, 19, 21], [8, 20, 9, 19], [10, 8, 11, 7], [20, 10, 21, 9], [22, 12, 1, 11], [6, 18, 7, 17], [12, 6, 13, 5], [4, 14, 5, 13]]"
11a_238_60,"[[4, 14, 5, 13], [2, 16, 3, 15], [16, 2, 17, 1], [14, 4, 15, 3], [18, 22, 19, 21], [8, 20, 9, 19], [10, 8, 11, 7], [20, 10, 21, 9], [22, 12, 1, 11], [6, 18, 7, 17], [12, 6, 13, 5]]"
11a_238_61,"[[12, 6, 13, 5], [4, 14, 5, 13], [2, 16, 3, 15], [16, 2, 17, 1], [14, 4, 15, 3], [18, 22, 19, 21], [8, 20, 9, 19], [10, 8, 11, 7], [20, 10, 21, 9], [22, 12, 1, 11], [6, 18, 7, 17]]"
11a_238_62,"[[6, 18, 7, 17], [12, 6, 13, 5], [4, 14, 5, 13], [2, 16, 3, 15], [16, 2, 17, 1], [14, 4, 15, 3], [18, 22, 19, 21], [8, 20, 9, 19], [10, 8, 11, 7], [20, 10, 21, 9], [22, 12, 1, 11]]"
11a_238_63,"[[22, 12, 1, 11], [6, 18, 7, 17], [12, 6, 13, 5], [4, 14, 5, 13], [2, 16, 3, 15], [16, 2, 17, 1], [14, 4, 15, 3], [18, 22, 19, 21], [8, 20, 9, 19], [10, 8, 11, 7], [20, 10, 21, 9]]"
11a_238_64,"[[20, 10, 21, 9], [22, 12, 1, 11], [6, 18, 7, 17], [12, 6, 13, 5], [4, 14, 5, 13], [2, 16, 3, 15], [16, 2, 17, 1], [14, 4, 15, 3], [18, 22, 19, 21], [8, 20, 9, 19], [10, 8, 11, 7]]"
11a_238_65,"[[10, 8, 11, 7], [20, 10, 21, 9], [22, 12, 1, 11], [6, 18, 7, 17], [12, 6, 13, 5], [4, 14, 5, 13], [2, 16, 3, 15], [16, 2, 17, 1], [14, 4, 15, 3], [18, 22, 19, 21], [8, 20, 9, 19]]"
11a_238_66,"[[9, 21, 10, 20], [11, 9, 12, 8], [21, 11, 22, 10], [1, 13, 2, 12], [7, 19, 8, 18], [13, 7, 14, 6], [5, 15, 6, 14], [3, 17, 4, 16], [17, 3, 18, 2], [15, 5, 16, 4], [19, 1, 20, 22]]"
11a_238_67,"[[19, 1, 20, 22], [9, 21, 10, 20], [11, 9, 12, 8], [21, 11, 22, 10], [1, 13, 2, 12], [7, 19, 8, 18], [13, 7, 14, 6], [5, 15, 6, 14], [3, 17, 4, 16], [17, 3, 18, 2], [15, 5, 16, 4]]"
11a_238_68,"[[15, 5, 16, 4], [19, 1, 20, 22], [9, 21, 10, 20], [11, 9, 12, 8], [21, 11, 22, 10], [1, 13, 2, 12], [7, 19, 8, 18], [13, 7, 14, 6], [5, 15, 6, 14], [3, 17, 4, 16], [17, 3, 18, 2]]"
11a_238_69,"[[17, 3, 18, 2], [15, 5, 16, 4], [19, 1, 20, 22], [9, 21, 10, 20], [11, 9, 12, 8], [21, 11, 22, 10], [1, 13, 2, 12], [7, 19, 8, 18], [13, 7, 14, 6], [5, 15, 6, 14], [3, 17, 4, 16]]"
11a_238_70,"[[3, 17, 4, 16], [17, 3, 18, 2], [15, 5, 16, 4], [19, 1, 20, 22], [9, 21, 10, 20], [11, 9, 12, 8], [21, 11, 22, 10], [1, 13, 2, 12], [7, 19, 8, 18], [13, 7, 14, 6], [5, 15, 6, 14]]"
11a_238_71,"[[5, 15, 6, 14], [3, 17, 4, 16], [17, 3, 18, 2], [15, 5, 16, 4], [19, 1, 20, 22], [9, 21, 10, 20], [11, 9, 12, 8], [21, 11, 22, 10], [1, 13, 2, 12], [7, 19, 8, 18], [13, 7, 14, 6]]"
11a_238_72,"[[13, 7, 14, 6], [5, 15, 6, 14], [3, 17, 4, 16], [17, 3, 18, 2], [15, 5, 16, 4], [19, 1, 20, 22], [9, 21, 10, 20], [11, 9, 12, 8], [21, 11, 22, 10], [1, 13, 2, 12], [7, 19, 8, 18]]"
11a_238_73,"[[7, 19, 8, 18], [13, 7, 14, 6], [5, 15, 6, 14], [3, 17, 4, 16], [17, 3, 18, 2], [15, 5, 16, 4], [19, 1, 20, 22], [9, 21, 10, 20], [11, 9, 12, 8], [21, 11, 22, 10], [1, 13, 2, 12]]"
11a_238_74,"[[1, 13, 2, 12], [7, 19, 8, 18], [13, 7, 14, 6], [5, 15, 6, 14], [3, 17, 4, 16], [17, 3, 18, 2], [15, 5, 16, 4], [19, 1, 20, 22], [9, 21, 10, 20], [11, 9, 12, 8], [21, 11, 22, 10]]"
11a_238_75,"[[21, 11, 22, 10], [1, 13, 2, 12], [7, 19, 8, 18], [13, 7, 14, 6], [5, 15, 6, 14], [3, 17, 4, 16], [17, 3, 18, 2], [15, 5, 16, 4], [19, 1, 20, 22], [9, 21, 10, 20], [11, 9, 12, 8]]"
11a_238_76,"[[11, 9, 12, 8], [21, 11, 22, 10], [1, 13, 2, 12], [7, 19, 8, 18], [13, 7, 14, 6], [5, 15, 6, 14], [3, 17, 4, 16], [17, 3, 18, 2], [15, 5, 16, 4], [19, 1, 20, 22], [9, 21, 10, 20]]"
11a_238_77,"[[10, 22, 11, 21], [12, 10, 13, 9], [22, 12, 1, 11], [2, 14, 3, 13], [8, 20, 9, 19], [14, 8, 15, 7], [6, 16, 7, 15], [4, 18, 5, 17], [18, 4, 19, 3], [16, 6, 17, 5], [20, 2, 21, 1]]"
11a_238_78,"[[20, 2, 21, 1], [10, 22, 11, 21], [12, 10, 13, 9], [22, 12, 1, 11], [2, 14, 3, 13], [8, 20, 9, 19], [14, 8, 15, 7], [6, 16, 7, 15], [4, 18, 5, 17], [18, 4, 19, 3], [16, 6, 17, 5]]"
11a_238_79,"[[16, 6, 17, 5], [20, 2, 21, 1], [10, 22, 11, 21], [12, 10, 13, 9], [22, 12, 1, 11], [2, 14, 3, 13], [8, 20, 9, 19], [14, 8, 15, 7], [6, 16, 7, 15], [4, 18, 5, 17], [18, 4, 19, 3]]"
11a_238_80,"[[18, 4, 19, 3], [16, 6, 17, 5], [20, 2, 21, 1], [10, 22, 11, 21], [12, 10, 13, 9], [22, 12, 1, 11], [2, 14, 3, 13], [8, 20, 9, 19], [14, 8, 15, 7], [6, 16, 7, 15], [4, 18, 5, 17]]"
11a_238_81,"[[4, 18, 5, 17], [18, 4, 19, 3], [16, 6, 17, 5], [20, 2, 21, 1], [10, 22, 11, 21], [12, 10, 13, 9], [22, 12, 1, 11], [2, 14, 3, 13], [8, 20, 9, 19], [14, 8, 15, 7], [6, 16, 7, 15]]"
11a_238_82,"[[6, 16, 7, 15], [4, 18, 5, 17], [18, 4, 19, 3], [16, 6, 17, 5], [20, 2, 21, 1], [10, 22, 11, 21], [12, 10, 13, 9], [22, 12, 1, 11], [2, 14, 3, 13], [8, 20, 9, 19], [14, 8, 15, 7]]"
11a_238_83,"[[14, 8, 15, 7], [6, 16, 7, 15], [4, 18, 5, 17], [18, 4, 19, 3], [16, 6, 17, 5], [20, 2, 21, 1], [10, 22, 11, 21], [12, 10, 13, 9], [22, 12, 1, 11], [2, 14, 3, 13], [8, 20, 9, 19]]"
11a_238_84,"[[8, 20, 9, 19], [14, 8, 15, 7], [6, 16, 7, 15], [4, 18, 5, 17], [18, 4, 19, 3], [16, 6, 17, 5], [20, 2, 21, 1], [10, 22, 11, 21], [12, 10, 13, 9], [22, 12, 1, 11], [2, 14, 3, 13]]"
11a_238_85,"[[2, 14, 3, 13], [8, 20, 9, 19], [14, 8, 15, 7], [6, 16, 7, 15], [4, 18, 5, 17], [18, 4, 19, 3], [16, 6, 17, 5], [20, 2, 21, 1], [10, 22, 11, 21], [12, 10, 13, 9], [22, 12, 1, 11]]"
11a_238_86,"[[22, 12, 1, 11], [2, 14, 3, 13], [8, 20, 9, 19], [14, 8, 15, 7], [6, 16, 7, 15], [4, 18, 5, 17], [18, 4, 19, 3], [16, 6, 17, 5], [20, 2, 21, 1], [10, 22, 11, 21], [12, 10, 13, 9]]"
11a_238_87,"[[12, 10, 13, 9], [22, 12, 1, 11], [2, 14, 3, 13], [8, 20, 9, 19], [14, 8, 15, 7], [6, 16, 7, 15], [4, 18, 5, 17], [18, 4, 19, 3], [16, 6, 17, 5], [20, 2, 21, 1], [10, 22, 11, 21]]"
11a_238_88,"[[11, 1, 12, 22], [13, 11, 14, 10], [1, 13, 2, 12], [3, 15, 4, 14], [9, 21, 10, 20], [15, 9, 16, 8], [7, 17, 8, 16], [5, 19, 6, 18], [19, 5, 20, 4], [17, 7, 18, 6], [21, 3, 22, 2]]"
11a_238_89,"[[21, 3, 22, 2], [11, 1, 12, 22], [13, 11, 14, 10], [1, 13, 2, 12], [3, 15, 4, 14], [9, 21, 10, 20], [15, 9, 16, 8], [7, 17, 8, 16], [5, 19, 6, 18], [19, 5, 20, 4], [17, 7, 18, 6]]"
11a_238_90,"[[17, 7, 18, 6], [21, 3, 22, 2], [11, 1, 12, 22], [13, 11, 14, 10], [1, 13, 2, 12], [3, 15, 4, 14], [9, 21, 10, 20], [15, 9, 16, 8], [7, 17, 8, 16], [5, 19, 6, 18], [19, 5, 20, 4]]"
11a_238_91,"[[19, 5, 20, 4], [17, 7, 18, 6], [21, 3, 22, 2], [11, 1, 12, 22], [13, 11, 14, 10], [1, 13, 2, 12], [3, 15, 4, 14], [9, 21, 10, 20], [15, 9, 16, 8], [7, 17, 8, 16], [5, 19, 6, 18]]"
11a_238_92,"[[5, 19, 6, 18], [19, 5, 20, 4], [17, 7, 18, 6], [21, 3, 22, 2], [11, 1, 12, 22], [13, 11, 14, 10], [1, 13, 2, 12], [3, 15, 4, 14], [9, 21, 10, 20], [15, 9, 16, 8], [7, 17, 8, 16]]"
11a_238_93,"[[7, 17, 8, 16], [5, 19, 6, 18], [19, 5, 20, 4], [17, 7, 18, 6], [21, 3, 22, 2], [11, 1, 12, 22], [13, 11, 14, 10], [1, 13, 2, 12], [3, 15, 4, 14], [9, 21, 10, 20], [15, 9, 16, 8]]"
11a_238_94,"[[15, 9, 16, 8], [7, 17, 8, 16], [5, 19, 6, 18], [19, 5, 20, 4], [17, 7, 18, 6], [21, 3, 22, 2], [11, 1, 12, 22], [13, 11, 14, 10], [1, 13, 2, 12], [3, 15, 4, 14], [9, 21, 10, 20]]"
11a_238_95,"[[9, 21, 10, 20], [15, 9, 16, 8], [7, 17, 8, 16], [5, 19, 6, 18], [19, 5, 20, 4], [17, 7, 18, 6], [21, 3, 22, 2], [11, 1, 12, 22], [13, 11, 14, 10], [1, 13, 2, 12], [3, 15, 4, 14]]"
11a_238_96,"[[3, 15, 4, 14], [9, 21, 10, 20], [15, 9, 16, 8], [7, 17, 8, 16], [5, 19, 6, 18], [19, 5, 20, 4], [17, 7, 18, 6], [21, 3, 22, 2], [11, 1, 12, 22], [13, 11, 14, 10], [1, 13, 2, 12]]"
11a_238_97,"[[1, 13, 2, 12], [3, 15, 4, 14], [9, 21, 10, 20], [15, 9, 16, 8], [7, 17, 8, 16], [5, 19, 6, 18], [19, 5, 20, 4], [17, 7, 18, 6], [21, 3, 22, 2], [11, 1, 12, 22], [13, 11, 14, 10]]"
11a_238_98,"[[13, 11, 14, 10], [1, 13, 2, 12], [3, 15, 4, 14], [9, 21, 10, 20], [15, 9, 16, 8], [7, 17, 8, 16], [5, 19, 6, 18], [19, 5, 20, 4], [17, 7, 18, 6], [21, 3, 22, 2], [11, 1, 12, 22]]"
11a_238_99,"[[12, 2, 13, 1], [14, 12, 15, 11], [2, 14, 3, 13], [4, 16, 5, 15], [10, 22, 11, 21], [16, 10, 17, 9], [8, 18, 9, 17], [6, 20, 7, 19], [20, 6, 21, 5], [18, 8, 19, 7], [22, 4, 1, 3]]"
11a_238_100,"[[22, 4, 1, 3], [12, 2, 13, 1], [14, 12, 15, 11], [2, 14, 3, 13], [4, 16, 5, 15], [10, 22, 11, 21], [16, 10, 17, 9], [8, 18, 9, 17], [6, 20, 7, 19], [20, 6, 21, 5], [18, 8, 19, 7]]"
11a_238_101,"[[18, 8, 19, 7], [22, 4, 1, 3], [12, 2, 13, 1], [14, 12, 15, 11], [2, 14, 3, 13], [4, 16, 5, 15], [10, 22, 11, 21], [16, 10, 17, 9], [8, 18, 9, 17], [6, 20, 7, 19], [20, 6, 21, 5]]"
11a_238_102,"[[20, 6, 21, 5], [18, 8, 19, 7], [22, 4, 1, 3], [12, 2, 13, 1], [14, 12, 15, 11], [2, 14, 3, 13], [4, 16, 5, 15], [10, 22, 11, 21], [16, 10, 17, 9], [8, 18, 9, 17], [6, 20, 7, 19]]"
11a_238_103,"[[6, 20, 7, 19], [20, 6, 21, 5], [18, 8, 19, 7], [22, 4, 1, 3], [12, 2, 13, 1], [14, 12, 15, 11], [2, 14, 3, 13], [4, 16, 5, 15], [10, 22, 11, 21], [16, 10, 17, 9], [8, 18, 9, 17]]"
11a_238_104,"[[8, 18, 9, 17], [6, 20, 7, 19], [20, 6, 21, 5], [18, 8, 19, 7], [22, 4, 1, 3], [12, 2, 13, 1], [14, 12, 15, 11], [2, 14, 3, 13], [4, 16, 5, 15], [10, 22, 11, 21], [16, 10, 17, 9]]"
11a_238_105,"[[16, 10, 17, 9], [8, 18, 9, 17], [6, 20, 7, 19], [20, 6, 21, 5], [18, 8, 19, 7], [22, 4, 1, 3], [12, 2, 13, 1], [14, 12, 15, 11], [2, 14, 3, 13], [4, 16, 5, 15], [10, 22, 11, 21]]"
11a_238_106,"[[10, 22, 11, 21], [16, 10, 17, 9], [8, 18, 9, 17], [6, 20, 7, 19], [20, 6, 21, 5], [18, 8, 19, 7], [22, 4, 1, 3], [12, 2, 13, 1], [14, 12, 15, 11], [2, 14, 3, 13], [4, 16, 5, 15]]"
11a_238_107,"[[4, 16, 5, 15], [10, 22, 11, 21], [16, 10, 17, 9], [8, 18, 9, 17], [6, 20, 7, 19], [20, 6, 21, 5], [18, 8, 19, 7], [22, 4, 1, 3], [12, 2, 13, 1], [14, 12, 15, 11], [2, 14, 3, 13]]"
11a_238_108,"[[2, 14, 3, 13], [4, 16, 5, 15], [10, 22, 11, 21], [16, 10, 17, 9], [8, 18, 9, 17], [6, 20, 7, 19], [20, 6, 21, 5], [18, 8, 19, 7], [22, 4, 1, 3], [12, 2, 13, 1], [14, 12, 15, 11]]"
11a_238_109,"[[14, 12, 15, 11], [2, 14, 3, 13], [4, 16, 5, 15], [10, 22, 11, 21], [16, 10, 17, 9], [8, 18, 9, 17], [6, 20, 7, 19], [20, 6, 21, 5], [18, 8, 19, 7], [22, 4, 1, 3], [12, 2, 13, 1]]"
11a_238_110,"[[13, 3, 14, 2], [15, 13, 16, 12], [3, 15, 4, 14], [5, 17, 6, 16], [11, 1, 12, 22], [17, 11, 18, 10], [9, 19, 10, 18], [7, 21, 8, 20], [21, 7, 22, 6], [19, 9, 20, 8], [1, 5, 2, 4]]"
11a_238_111,"[[1, 5, 2, 4], [13, 3, 14, 2], [15, 13, 16, 12], [3, 15, 4, 14], [5, 17, 6, 16], [11, 1, 12, 22], [17, 11, 18, 10], [9, 19, 10, 18], [7, 21, 8, 20], [21, 7, 22, 6], [19, 9, 20, 8]]"
11a_238_112,"[[19, 9, 20, 8], [1, 5, 2, 4], [13, 3, 14, 2], [15, 13, 16, 12], [3, 15, 4, 14], [5, 17, 6, 16], [11, 1, 12, 22], [17, 11, 18, 10], [9, 19, 10, 18], [7, 21, 8, 20], [21, 7, 22, 6]]"
11a_238_113,"[[21, 7, 22, 6], [19, 9, 20, 8], [1, 5, 2, 4], [13, 3, 14, 2], [15, 13, 16, 12], [3, 15, 4, 14], [5, 17, 6, 16], [11, 1, 12, 22], [17, 11, 18, 10], [9, 19, 10, 18], [7, 21, 8, 20]]"
11a_238_114,"[[7, 21, 8, 20], [21, 7, 22, 6], [19, 9, 20, 8], [1, 5, 2, 4], [13, 3, 14, 2], [15, 13, 16, 12], [3, 15, 4, 14], [5, 17, 6, 16], [11, 1, 12, 22], [17, 11, 18, 10], [9, 19, 10, 18]]"
11a_238_115,"[[9, 19, 10, 18], [7, 21, 8, 20], [21, 7, 22, 6], [19, 9, 20, 8], [1, 5, 2, 4], [13, 3, 14, 2], [15, 13, 16, 12], [3, 15, 4, 14], [5, 17, 6, 16], [11, 1, 12, 22], [17, 11, 18, 10]]"
11a_238_116,"[[17, 11, 18, 10], [9, 19, 10, 18], [7, 21, 8, 20], [21, 7, 22, 6], [19, 9, 20, 8], [1, 5, 2, 4], [13, 3, 14, 2], [15, 13, 16, 12], [3, 15, 4, 14], [5, 17, 6, 16], [11, 1, 12, 22]]"
11a_238_117,"[[11, 1, 12, 22], [17, 11, 18, 10], [9, 19, 10, 18], [7, 21, 8, 20], [21, 7, 22, 6], [19, 9, 20, 8], [1, 5, 2, 4], [13, 3, 14, 2], [15, 13, 16, 12], [3, 15, 4, 14], [5, 17, 6, 16]]"
11a_238_118,"[[5, 17, 6, 16], [11, 1, 12, 22], [17, 11, 18, 10], [9, 19, 10, 18], [7, 21, 8, 20], [21, 7, 22, 6], [19, 9, 20, 8], [1, 5, 2, 4], [13, 3, 14, 2], [15, 13, 16, 12], [3, 15, 4, 14]]"
11a_238_119,"[[3, 15, 4, 14], [5, 17, 6, 16], [11, 1, 12, 22], [17, 11, 18, 10], [9, 19, 10, 18], [7, 21, 8, 20], [21, 7, 22, 6], [19, 9, 20, 8], [1, 5, 2, 4], [13, 3, 14, 2], [15, 13, 16, 12]]"
11a_238_120,"[[15, 13, 16, 12], [3, 15, 4, 14], [5, 17, 6, 16], [11, 1, 12, 22], [17, 11, 18, 10], [9, 19, 10, 18], [7, 21, 8, 20], [21, 7, 22, 6], [19, 9, 20, 8], [1, 5, 2, 4], [13, 3, 14, 2]]"
11a_238_121,"[[14, 4, 15, 3], [16, 14, 17, 13], [4, 16, 5, 15], [6, 18, 7, 17], [12, 2, 13, 1], [18, 12, 19, 11], [10, 20, 11, 19], [8, 22, 9, 21], [22, 8, 1, 7], [20, 10, 21, 9], [2, 6, 3, 5]]"
11a_238_122,"[[2, 6, 3, 5], [14, 4, 15, 3], [16, 14, 17, 13], [4, 16, 5, 15], [6, 18, 7, 17], [12, 2, 13, 1], [18, 12, 19, 11], [10, 20, 11, 19], [8, 22, 9, 21], [22, 8, 1, 7], [20, 10, 21, 9]]"
11a_238_123,"[[20, 10, 21, 9], [2, 6, 3, 5], [14, 4, 15, 3], [16, 14, 17, 13], [4, 16, 5, 15], [6, 18, 7, 17], [12, 2, 13, 1], [18, 12, 19, 11], [10, 20, 11, 19], [8, 22, 9, 21], [22, 8, 1, 7]]"
11a_238_124,"[[22, 8, 1, 7], [20, 10, 21, 9], [2, 6, 3, 5], [14, 4, 15, 3], [16, 14, 17, 13], [4, 16, 5, 15], [6, 18, 7, 17], [12, 2, 13, 1], [18, 12, 19, 11], [10, 20, 11, 19], [8, 22, 9, 21]]"
11a_238_125,"[[8, 22, 9, 21], [22, 8, 1, 7], [20, 10, 21, 9], [2, 6, 3, 5], [14, 4, 15, 3], [16, 14, 17, 13], [4, 16, 5, 15], [6, 18, 7, 17], [12, 2, 13, 1], [18, 12, 19, 11], [10, 20, 11, 19]]"
11a_238_126,"[[10, 20, 11, 19], [8, 22, 9, 21], [22, 8, 1, 7], [20, 10, 21, 9], [2, 6, 3, 5], [14, 4, 15, 3], [16, 14, 17, 13], [4, 16, 5, 15], [6, 18, 7, 17], [12, 2, 13, 1], [18, 12, 19, 11]]"
11a_238_127,"[[18, 12, 19, 11], [10, 20, 11, 19], [8, 22, 9, 21], [22, 8, 1, 7], [20, 10, 21, 9], [2, 6, 3, 5], [14, 4, 15, 3], [16, 14, 17, 13], [4, 16, 5, 15], [6, 18, 7, 17], [12, 2, 13, 1]]"
11a_238_128,"[[12, 2, 13, 1], [18, 12, 19, 11], [10, 20, 11, 19], [8, 22, 9, 21], [22, 8, 1, 7], [20, 10, 21, 9], [2, 6, 3, 5], [14, 4, 15, 3], [16, 14, 17, 13], [4, 16, 5, 15], [6, 18, 7, 17]]"
11a_238_129,"[[6, 18, 7, 17], [12, 2, 13, 1], [18, 12, 19, 11], [10, 20, 11, 19], [8, 22, 9, 21], [22, 8, 1, 7], [20, 10, 21, 9], [2, 6, 3, 5], [14, 4, 15, 3], [16, 14, 17, 13], [4, 16, 5, 15]]"
11a_238_130,"[[4, 16, 5, 15], [6, 18, 7, 17], [12, 2, 13, 1], [18, 12, 19, 11], [10, 20, 11, 19], [8, 22, 9, 21], [22, 8, 1, 7], [20, 10, 21, 9], [2, 6, 3, 5], [14, 4, 15, 3], [16, 14, 17, 13]]"
11a_238_131,"[[16, 14, 17, 13], [4, 16, 5, 15], [6, 18, 7, 17], [12, 2, 13, 1], [18, 12, 19, 11], [10, 20, 11, 19], [8, 22, 9, 21], [22, 8, 1, 7], [20, 10, 21, 9], [2, 6, 3, 5], [14, 4, 15, 3]]"
11a_238_132,"[[15, 5, 16, 4], [17, 15, 18, 14], [5, 17, 6, 16], [7, 19, 8, 18], [13, 3, 14, 2], [19, 13, 20, 12], [11, 21, 12, 20], [9, 1, 10, 22], [1, 9, 2, 8], [21, 11, 22, 10], [3, 7, 4, 6]]"
11a_238_133,"[[3, 7, 4, 6], [15, 5, 16, 4], [17, 15, 18, 14], [5, 17, 6, 16], [7, 19, 8, 18], [13, 3, 14, 2], [19, 13, 20, 12], [11, 21, 12, 20], [9, 1, 10, 22], [1, 9, 2, 8], [21, 11, 22, 10]]"
11a_238_134,"[[21, 11, 22, 10], [3, 7, 4, 6], [15, 5, 16, 4], [17, 15, 18, 14], [5, 17, 6, 16], [7, 19, 8, 18], [13, 3, 14, 2], [19, 13, 20, 12], [11, 21, 12, 20], [9, 1, 10, 22], [1, 9, 2, 8]]"
11a_238_135,"[[1, 9, 2, 8], [21, 11, 22, 10], [3, 7, 4, 6], [15, 5, 16, 4], [17, 15, 18, 14], [5, 17, 6, 16], [7, 19, 8, 18], [13, 3, 14, 2], [19, 13, 20, 12], [11, 21, 12, 20], [9, 1, 10, 22]]"
11a_238_136,"[[9, 1, 10, 22], [1, 9, 2, 8], [21, 11, 22, 10], [3, 7, 4, 6], [15, 5, 16, 4], [17, 15, 18, 14], [5, 17, 6, 16], [7, 19, 8, 18], [13, 3, 14, 2], [19, 13, 20, 12], [11, 21, 12, 20]]"
11a_238_137,"[[11, 21, 12, 20], [9, 1, 10, 22], [1, 9, 2, 8], [21, 11, 22, 10], [3, 7, 4, 6], [15, 5, 16, 4], [17, 15, 18, 14], [5, 17, 6, 16], [7, 19, 8, 18], [13, 3, 14, 2], [19, 13, 20, 12]]"
11a_238_138,"[[19, 13, 20, 12], [11, 21, 12, 20], [9, 1, 10, 22], [1, 9, 2, 8], [21, 11, 22, 10], [3, 7, 4, 6], [15, 5, 16, 4], [17, 15, 18, 14], [5, 17, 6, 16], [7, 19, 8, 18], [13, 3, 14, 2]]"
11a_238_139,"[[13, 3, 14, 2], [19, 13, 20, 12], [11, 21, 12, 20], [9, 1, 10, 22], [1, 9, 2, 8], [21, 11, 22, 10], [3, 7, 4, 6], [15, 5, 16, 4], [17, 15, 18, 14], [5, 17, 6, 16], [7, 19, 8, 18]]"
11a_238_140,"[[7, 19, 8, 18], [13, 3, 14, 2], [19, 13, 20, 12], [11, 21, 12, 20], [9, 1, 10, 22], [1, 9, 2, 8], [21, 11, 22, 10], [3, 7, 4, 6], [15, 5, 16, 4], [17, 15, 18, 14], [5, 17, 6, 16]]"
11a_238_141,"[[5, 17, 6, 16], [7, 19, 8, 18], [13, 3, 14, 2], [19, 13, 20, 12], [11, 21, 12, 20], [9, 1, 10, 22], [1, 9, 2, 8], [21, 11, 22, 10], [3, 7, 4, 6], [15, 5, 16, 4], [17, 15, 18, 14]]"
11a_238_142,"[[17, 15, 18, 14], [5, 17, 6, 16], [7, 19, 8, 18], [13, 3, 14, 2], [19, 13, 20, 12], [11, 21, 12, 20], [9, 1, 10, 22], [1, 9, 2, 8], [21, 11, 22, 10], [3, 7, 4, 6], [15, 5, 16, 4]]"
11a_238_143,"[[16, 6, 17, 5], [18, 16, 19, 15], [6, 18, 7, 17], [8, 20, 9, 19], [14, 4, 15, 3], [20, 14, 21, 13], [12, 22, 13, 21], [10, 2, 11, 1], [2, 10, 3, 9], [22, 12, 1, 11], [4, 8, 5, 7]]"
11a_238_144,"[[4, 8, 5, 7], [16, 6, 17, 5], [18, 16, 19, 15], [6, 18, 7, 17], [8, 20, 9, 19], [14, 4, 15, 3], [20, 14, 21, 13], [12, 22, 13, 21], [10, 2, 11, 1], [2, 10, 3, 9], [22, 12, 1, 11]]"
11a_238_145,"[[22, 12, 1, 11], [4, 8, 5, 7], [16, 6, 17, 5], [18, 16, 19, 15], [6, 18, 7, 17], [8, 20, 9, 19], [14, 4, 15, 3], [20, 14, 21, 13], [12, 22, 13, 21], [10, 2, 11, 1], [2, 10, 3, 9]]"
11a_238_146,"[[2, 10, 3, 9], [22, 12, 1, 11], [4, 8, 5, 7], [16, 6, 17, 5], [18, 16, 19, 15], [6, 18, 7, 17], [8, 20, 9, 19], [14, 4, 15, 3], [20, 14, 21, 13], [12, 22, 13, 21], [10, 2, 11, 1]]"
11a_238_147,"[[10, 2, 11, 1], [2, 10, 3, 9], [22, 12, 1, 11], [4, 8, 5, 7], [16, 6, 17, 5], [18, 16, 19, 15], [6, 18, 7, 17], [8, 20, 9, 19], [14, 4, 15, 3], [20, 14, 21, 13], [12, 22, 13, 21]]"
11a_238_148,"[[12, 22, 13, 21], [10, 2, 11, 1], [2, 10, 3, 9], [22, 12, 1, 11], [4, 8, 5, 7], [16, 6, 17, 5], [18, 16, 19, 15], [6, 18, 7, 17], [8, 20, 9, 19], [14, 4, 15, 3], [20, 14, 21, 13]]"
11a_238_149,"[[20, 14, 21, 13], [12, 22, 13, 21], [10, 2, 11, 1], [2, 10, 3, 9], [22, 12, 1, 11], [4, 8, 5, 7], [16, 6, 17, 5], [18, 16, 19, 15], [6, 18, 7, 17], [8, 20, 9, 19], [14, 4, 15, 3]]"
11a_238_150,"[[14, 4, 15, 3], [20, 14, 21, 13], [12, 22, 13, 21], [10, 2, 11, 1], [2, 10, 3, 9], [22, 12, 1, 11], [4, 8, 5, 7], [16, 6, 17, 5], [18, 16, 19, 15], [6, 18, 7, 17], [8, 20, 9, 19]]"
11a_238_151,"[[8, 20, 9, 19], [14, 4, 15, 3], [20, 14, 21, 13], [12, 22, 13, 21], [10, 2, 11, 1], [2, 10, 3, 9], [22, 12, 1, 11], [4, 8, 5, 7], [16, 6, 17, 5], [18, 16, 19, 15], [6, 18, 7, 17]]"
11a_238_152,"[[6, 18, 7, 17], [8, 20, 9, 19], [14, 4, 15, 3], [20, 14, 21, 13], [12, 22, 13, 21], [10, 2, 11, 1], [2, 10, 3, 9], [22, 12, 1, 11], [4, 8, 5, 7], [16, 6, 17, 5], [18, 16, 19, 15]]"
11a_238_153,"[[18, 16, 19, 15], [6, 18, 7, 17], [8, 20, 9, 19], [14, 4, 15, 3], [20, 14, 21, 13], [12, 22, 13, 21], [10, 2, 11, 1], [2, 10, 3, 9], [22, 12, 1, 11], [4, 8, 5, 7], [16, 6, 17, 5]]"
11a_238_154,"[[17, 7, 18, 6], [19, 17, 20, 16], [7, 19, 8, 18], [9, 21, 10, 20], [15, 5, 16, 4], [21, 15, 22, 14], [13, 1, 14, 22], [11, 3, 12, 2], [3, 11, 4, 10], [1, 13, 2, 12], [5, 9, 6, 8]]"
11a_238_155,"[[5, 9, 6, 8], [17, 7, 18, 6], [19, 17, 20, 16], [7, 19, 8, 18], [9, 21, 10, 20], [15, 5, 16, 4], [21, 15, 22, 14], [13, 1, 14, 22], [11, 3, 12, 2], [3, 11, 4, 10], [1, 13, 2, 12]]"
11a_238_156,"[[1, 13, 2, 12], [5, 9, 6, 8], [17, 7, 18, 6], [19, 17, 20, 16], [7, 19, 8, 18], [9, 21, 10, 20], [15, 5, 16, 4], [21, 15, 22, 14], [13, 1, 14, 22], [11, 3, 12, 2], [3, 11, 4, 10]]"
11a_238_157,"[[3, 11, 4, 10], [1, 13, 2, 12], [5, 9, 6, 8], [17, 7, 18, 6], [19, 17, 20, 16], [7, 19, 8, 18], [9, 21, 10, 20], [15, 5, 16, 4], [21, 15, 22, 14], [13, 1, 14, 22], [11, 3, 12, 2]]"
11a_238_158,"[[11, 3, 12, 2], [3, 11, 4, 10], [1, 13, 2, 12], [5, 9, 6, 8], [17, 7, 18, 6], [19, 17, 20, 16], [7, 19, 8, 18], [9, 21, 10, 20], [15, 5, 16, 4], [21, 15, 22, 14], [13, 1, 14, 22]]"
11a_238_159,"[[13, 1, 14, 22], [11, 3, 12, 2], [3, 11, 4, 10], [1, 13, 2, 12], [5, 9, 6, 8], [17, 7, 18, 6], [19, 17, 20, 16], [7, 19, 8, 18], [9, 21, 10, 20], [15, 5, 16, 4], [21, 15, 22, 14]]"
11a_238_160,"[[21, 15, 22, 14], [13, 1, 14, 22], [11, 3, 12, 2], [3, 11, 4, 10], [1, 13, 2, 12], [5, 9, 6, 8], [17, 7, 18, 6], [19, 17, 20, 16], [7, 19, 8, 18], [9, 21, 10, 20], [15, 5, 16, 4]]"
11a_238_161,"[[15, 5, 16, 4], [21, 15, 22, 14], [13, 1, 14, 22], [11, 3, 12, 2], [3, 11, 4, 10], [1, 13, 2, 12], [5, 9, 6, 8], [17, 7, 18, 6], [19, 17, 20, 16], [7, 19, 8, 18], [9, 21, 10, 20]]"
11a_238_162,"[[9, 21, 10, 20], [15, 5, 16, 4], [21, 15, 22, 14], [13, 1, 14, 22], [11, 3, 12, 2], [3, 11, 4, 10], [1, 13, 2, 12], [5, 9, 6, 8], [17, 7, 18, 6], [19, 17, 20, 16], [7, 19, 8, 18]]"
11a_238_163,"[[7, 19, 8, 18], [9, 21, 10, 20], [15, 5, 16, 4], [21, 15, 22, 14], [13, 1, 14, 22], [11, 3, 12, 2], [3, 11, 4, 10], [1, 13, 2, 12], [5, 9, 6, 8], [17, 7, 18, 6], [19, 17, 20, 16]]"
11a_238_164,"[[19, 17, 20, 16], [7, 19, 8, 18], [9, 21, 10, 20], [15, 5, 16, 4], [21, 15, 22, 14], [13, 1, 14, 22], [11, 3, 12, 2], [3, 11, 4, 10], [1, 13, 2, 12], [5, 9, 6, 8], [17, 7, 18, 6]]"
11a_238_165,"[[18, 8, 19, 7], [20, 18, 21, 17], [8, 20, 9, 19], [10, 22, 11, 21], [16, 6, 17, 5], [22, 16, 1, 15], [14, 2, 15, 1], [12, 4, 13, 3], [4, 12, 5, 11], [2, 14, 3, 13], [6, 10, 7, 9]]"
11a_238_166,"[[6, 10, 7, 9], [18, 8, 19, 7], [20, 18, 21, 17], [8, 20, 9, 19], [10, 22, 11, 21], [16, 6, 17, 5], [22, 16, 1, 15], [14, 2, 15, 1], [12, 4, 13, 3], [4, 12, 5, 11], [2, 14, 3, 13]]"
11a_238_167,"[[2, 14, 3, 13], [6, 10, 7, 9], [18, 8, 19, 7], [20, 18, 21, 17], [8, 20, 9, 19], [10, 22, 11, 21], [16, 6, 17, 5], [22, 16, 1, 15], [14, 2, 15, 1], [12, 4, 13, 3], [4, 12, 5, 11]]"
11a_238_168,"[[4, 12, 5, 11], [2, 14, 3, 13], [6, 10, 7, 9], [18, 8, 19, 7], [20, 18, 21, 17], [8, 20, 9, 19], [10, 22, 11, 21], [16, 6, 17, 5], [22, 16, 1, 15], [14, 2, 15, 1], [12, 4, 13, 3]]"
11a_238_169,"[[12, 4, 13, 3], [4, 12, 5, 11], [2, 14, 3, 13], [6, 10, 7, 9], [18, 8, 19, 7], [20, 18, 21, 17], [8, 20, 9, 19], [10, 22, 11, 21], [16, 6, 17, 5], [22, 16, 1, 15], [14, 2, 15, 1]]"
11a_238_170,"[[14, 2, 15, 1], [12, 4, 13, 3], [4, 12, 5, 11], [2, 14, 3, 13], [6, 10, 7, 9], [18, 8, 19, 7], [20, 18, 21, 17], [8, 20, 9, 19], [10, 22, 11, 21], [16, 6, 17, 5], [22, 16, 1, 15]]"
11a_238_171,"[[22, 16, 1, 15], [14, 2, 15, 1], [12, 4, 13, 3], [4, 12, 5, 11], [2, 14, 3, 13], [6, 10, 7, 9], [18, 8, 19, 7], [20, 18, 21, 17], [8, 20, 9, 19], [10, 22, 11, 21], [16, 6, 17, 5]]"
11a_238_172,"[[16, 6, 17, 5], [22, 16, 1, 15], [14, 2, 15, 1], [12, 4, 13, 3], [4, 12, 5, 11], [2, 14, 3, 13], [6, 10, 7, 9], [18, 8, 19, 7], [20, 18, 21, 17], [8, 20, 9, 19], [10, 22, 11, 21]]"
11a_238_173,"[[10, 22, 11, 21], [16, 6, 17, 5], [22, 16, 1, 15], [14, 2, 15, 1], [12, 4, 13, 3], [4, 12, 5, 11], [2, 14, 3, 13], [6, 10, 7, 9], [18, 8, 19, 7], [20, 18, 21, 17], [8, 20, 9, 19]]"
11a_238_174,"[[8, 20, 9, 19], [10, 22, 11, 21], [16, 6, 17, 5], [22, 16, 1, 15], [14, 2, 15, 1], [12, 4, 13, 3], [4, 12, 5, 11], [2, 14, 3, 13], [6, 10, 7, 9], [18, 8, 19, 7], [20, 18, 21, 17]]"
11a_238_175,"[[20, 18, 21, 17], [8, 20, 9, 19], [10, 22, 11, 21], [16, 6, 17, 5], [22, 16, 1, 15], [14, 2, 15, 1], [12, 4, 13, 3], [4, 12, 5, 11], [2, 14, 3, 13], [6, 10, 7, 9], [18, 8, 19, 7]]"
11a_238_176,"[[19, 9, 20, 8], [21, 19, 22, 18], [9, 21, 10, 20], [11, 1, 12, 22], [17, 7, 18, 6], [1, 17, 2, 16], [15, 3, 16, 2], [13, 5, 14, 4], [5, 13, 6, 12], [3, 15, 4, 14], [7, 11, 8, 10]]"
11a_238_177,"[[7, 11, 8, 10], [19, 9, 20, 8], [21, 19, 22, 18], [9, 21, 10, 20], [11, 1, 12, 22], [17, 7, 18, 6], [1, 17, 2, 16], [15, 3, 16, 2], [13, 5, 14, 4], [5, 13, 6, 12], [3, 15, 4, 14]]"
11a_238_178,"[[3, 15, 4, 14], [7, 11, 8, 10], [19, 9, 20, 8], [21, 19, 22, 18], [9, 21, 10, 20], [11, 1, 12, 22], [17, 7, 18, 6], [1, 17, 2, 16], [15, 3, 16, 2], [13, 5, 14, 4], [5, 13, 6, 12]]"
11a_238_179,"[[5, 13, 6, 12], [3, 15, 4, 14], [7, 11, 8, 10], [19, 9, 20, 8], [21, 19, 22, 18], [9, 21, 10, 20], [11, 1, 12, 22], [17, 7, 18, 6], [1, 17, 2, 16], [15, 3, 16, 2], [13, 5, 14, 4]]"
11a_238_180,"[[13, 5, 14, 4], [5, 13, 6, 12], [3, 15, 4, 14], [7, 11, 8, 10], [19, 9, 20, 8], [21, 19, 22, 18], [9, 21, 10, 20], [11, 1, 12, 22], [17, 7, 18, 6], [1, 17, 2, 16], [15, 3, 16, 2]]"
11a_238_181,"[[15, 3, 16, 2], [13, 5, 14, 4], [5, 13, 6, 12], [3, 15, 4, 14], [7, 11, 8, 10], [19, 9, 20, 8], [21, 19, 22, 18], [9, 21, 10, 20], [11, 1, 12, 22], [17, 7, 18, 6], [1, 17, 2, 16]]"
11a_238_182,"[[1, 17, 2, 16], [15, 3, 16, 2], [13, 5, 14, 4], [5, 13, 6, 12], [3, 15, 4, 14], [7, 11, 8, 10], [19, 9, 20, 8], [21, 19, 22, 18], [9, 21, 10, 20], [11, 1, 12, 22], [17, 7, 18, 6]]"
11a_238_183,"[[17, 7, 18, 6], [1, 17, 2, 16], [15, 3, 16, 2], [13, 5, 14, 4], [5, 13, 6, 12], [3, 15, 4, 14], [7, 11, 8, 10], [19, 9, 20, 8], [21, 19, 22, 18], [9, 21, 10, 20], [11, 1, 12, 22]]"
11a_238_184,"[[11, 1, 12, 22], [17, 7, 18, 6], [1, 17, 2, 16], [15, 3, 16, 2], [13, 5, 14, 4], [5, 13, 6, 12], [3, 15, 4, 14], [7, 11, 8, 10], [19, 9, 20, 8], [21, 19, 22, 18], [9, 21, 10, 20]]"
11a_238_185,"[[9, 21, 10, 20], [11, 1, 12, 22], [17, 7, 18, 6], [1, 17, 2, 16], [15, 3, 16, 2], [13, 5, 14, 4], [5, 13, 6, 12], [3, 15, 4, 14], [7, 11, 8, 10], [19, 9, 20, 8], [21, 19, 22, 18]]"
11a_238_186,"[[21, 19, 22, 18], [9, 21, 10, 20], [11, 1, 12, 22], [17, 7, 18, 6], [1, 17, 2, 16], [15, 3, 16, 2], [13, 5, 14, 4], [5, 13, 6, 12], [3, 15, 4, 14], [7, 11, 8, 10], [19, 9, 20, 8]]"
11a_238_187,"[[20, 10, 21, 9], [22, 20, 1, 19], [10, 22, 11, 21], [12, 2, 13, 1], [18, 8, 19, 7], [2, 18, 3, 17], [16, 4, 17, 3], [14, 6, 15, 5], [6, 14, 7, 13], [4, 16, 5, 15], [8, 12, 9, 11]]"
11a_238_188,"[[8, 12, 9, 11], [20, 10, 21, 9], [22, 20, 1, 19], [10, 22, 11, 21], [12, 2, 13, 1], [18, 8, 19, 7], [2, 18, 3, 17], [16, 4, 17, 3], [14, 6, 15, 5], [6, 14, 7, 13], [4, 16, 5, 15]]"
11a_238_189,"[[4, 16, 5, 15], [8, 12, 9, 11], [20, 10, 21, 9], [22, 20, 1, 19], [10, 22, 11, 21], [12, 2, 13, 1], [18, 8, 19, 7], [2, 18, 3, 17], [16, 4, 17, 3], [14, 6, 15, 5], [6, 14, 7, 13]]"
11a_238_190,"[[6, 14, 7, 13], [4, 16, 5, 15], [8, 12, 9, 11], [20, 10, 21, 9], [22, 20, 1, 19], [10, 22, 11, 21], [12, 2, 13, 1], [18, 8, 19, 7], [2, 18, 3, 17], [16, 4, 17, 3], [14, 6, 15, 5]]"
11a_238_191,"[[14, 6, 15, 5], [6, 14, 7, 13], [4, 16, 5, 15], [8, 12, 9, 11], [20, 10, 21, 9], [22, 20, 1, 19], [10, 22, 11, 21], [12, 2, 13, 1], [18, 8, 19, 7], [2, 18, 3, 17], [16, 4, 17, 3]]"
11a_238_192,"[[16, 4, 17, 3], [14, 6, 15, 5], [6, 14, 7, 13], [4, 16, 5, 15], [8, 12, 9, 11], [20, 10, 21, 9], [22, 20, 1, 19], [10, 22, 11, 21], [12, 2, 13, 1], [18, 8, 19, 7], [2, 18, 3, 17]]"
11a_238_193,"[[2, 18, 3, 17], [16, 4, 17, 3], [14, 6, 15, 5], [6, 14, 7, 13], [4, 16, 5, 15], [8, 12, 9, 11], [20, 10, 21, 9], [22, 20, 1, 19], [10, 22, 11, 21], [12, 2, 13, 1], [18, 8, 19, 7]]"
11a_238_194,"[[18, 8, 19, 7], [2, 18, 3, 17], [16, 4, 17, 3], [14, 6, 15, 5], [6, 14, 7, 13], [4, 16, 5, 15], [8, 12, 9, 11], [20, 10, 21, 9], [22, 20, 1, 19], [10, 22, 11, 21], [12, 2, 13, 1]]"
11a_238_195,"[[12, 2, 13, 1], [18, 8, 19, 7], [2, 18, 3, 17], [16, 4, 17, 3], [14, 6, 15, 5], [6, 14, 7, 13], [4, 16, 5, 15], [8, 12, 9, 11], [20, 10, 21, 9], [22, 20, 1, 19], [10, 22, 11, 21]]"
11a_238_196,"[[10, 22, 11, 21], [12, 2, 13, 1], [18, 8, 19, 7], [2, 18, 3, 17], [16, 4, 17, 3], [14, 6, 15, 5], [6, 14, 7, 13], [4, 16, 5, 15], [8, 12, 9, 11], [20, 10, 21, 9], [22, 20, 1, 19]]"
11a_238_197,"[[22, 20, 1, 19], [10, 22, 11, 21], [12, 2, 13, 1], [18, 8, 19, 7], [2, 18, 3, 17], [16, 4, 17, 3], [14, 6, 15, 5], [6, 14, 7, 13], [4, 16, 5, 15], [8, 12, 9, 11], [20, 10, 21, 9]]"
11a_238_198,"[[21, 11, 22, 10], [1, 21, 2, 20], [11, 1, 12, 22], [13, 3, 14, 2], [19, 9, 20, 8], [3, 19, 4, 18], [17, 5, 18, 4], [15, 7, 16, 6], [7, 15, 8, 14], [5, 17, 6, 16], [9, 13, 10, 12]]"
11a_238_199,"[[9, 13, 10, 12], [21, 11, 22, 10], [1, 21, 2, 20], [11, 1, 12, 22], [13, 3, 14, 2], [19, 9, 20, 8], [3, 19, 4, 18], [17, 5, 18, 4], [15, 7, 16, 6], [7, 15, 8, 14], [5, 17, 6, 16]]"
11a_238_200,"[[5, 17, 6, 16], [9, 13, 10, 12], [21, 11, 22, 10], [1, 21, 2, 20], [11, 1, 12, 22], [13, 3, 14, 2], [19, 9, 20, 8], [3, 19, 4, 18], [17, 5, 18, 4], [15, 7, 16, 6], [7, 15, 8, 14]]"
11a_238_201,"[[7, 15, 8, 14], [5, 17, 6, 16], [9, 13, 10, 12], [21, 11, 22, 10], [1, 21, 2, 20], [11, 1, 12, 22], [13, 3, 14, 2], [19, 9, 20, 8], [3, 19, 4, 18], [17, 5, 18, 4], [15, 7, 16, 6]]"
11a_238_202,"[[15, 7, 16, 6], [7, 15, 8, 14], [5, 17, 6, 16], [9, 13, 10, 12], [21, 11, 22, 10], [1, 21, 2, 20], [11, 1, 12, 22], [13, 3, 14, 2], [19, 9, 20, 8], [3, 19, 4, 18], [17, 5, 18, 4]]"
11a_238_203,"[[17, 5, 18, 4], [15, 7, 16, 6], [7, 15, 8, 14], [5, 17, 6, 16], [9, 13, 10, 12], [21, 11, 22, 10], [1, 21, 2, 20], [11, 1, 12, 22], [13, 3, 14, 2], [19, 9, 20, 8], [3, 19, 4, 18]]"
