name,pd_notation
11a_253_0,"[[11, 16, 12, 17], [7, 3, 8, 2], [9, 5, 10, 4], [3, 9, 4, 8], [19, 10, 20, 11], [13, 6, 14, 7], [5, 14, 6, 15], [15, 21, 16, 20], [21, 13, 22, 12], [1, 18, 2, 19], [17, 22, 18, 1]]"
11a_253_1,"[[17, 22, 18, 1], [11, 16, 12, 17], [7, 3, 8, 2], [9, 5, 10, 4], [3, 9, 4, 8], [19, 10, 20, 11], [13, 6, 14, 7], [5, 14, 6, 15], [15, 21, 16, 20], [21, 13, 22, 12], [1, 18, 2, 19]]"
11a_253_2,"[[1, 18, 2, 19], [17, 22, 18, 1], [11, 16, 12, 17], [7, 3, 8, 2], [9, 5, 10, 4], [3, 9, 4, 8], [19, 10, 20, 11], [13, 6, 14, 7], [5, 14, 6, 15], [15, 21, 16, 20], [21, 13, 22, 12]]"
11a_253_3,"[[21, 13, 22, 12], [1, 18, 2, 19], [17, 22, 18, 1], [11, 16, 12, 17], [7, 3, 8, 2], [9, 5, 10, 4], [3, 9, 4, 8], [19, 10, 20, 11], [13, 6, 14, 7], [5, 14, 6, 15], [15, 21, 16, 20]]"
11a_253_4,"[[15, 21, 16, 20], [21, 13, 22, 12], [1, 18, 2, 19], [17, 22, 18, 1], [11, 16, 12, 17], [7, 3, 8, 2], [9, 5, 10, 4], [3, 9, 4, 8], [19, 10, 20, 11], [13, 6, 14, 7], [5, 14, 6, 15]]"
11a_253_5,"[[5, 14, 6, 15], [15, 21, 16, 20], [21, 13, 22, 12], [1, 18, 2, 19], [17, 22, 18, 1], [11, 16, 12, 17], [7, 3, 8, 2], [9, 5, 10, 4], [3, 9, 4, 8], [19, 10, 20, 11], [13, 6, 14, 7]]"
11a_253_6,"[[13, 6, 14, 7], [5, 14, 6, 15], [15, 21, 16, 20], [21, 13, 22, 12], [1, 18, 2, 19], [17, 22, 18, 1], [11, 16, 12, 17], [7, 3, 8, 2], [9, 5, 10, 4], [3, 9, 4, 8], [19, 10, 20, 11]]"
11a_253_7,"[[19, 10, 20, 11], [13, 6, 14, 7], [5, 14, 6, 15], [15, 21, 16, 20], [21, 13, 22, 12], [1, 18, 2, 19], [17, 22, 18, 1], [11, 16, 12, 17], [7, 3, 8, 2], [9, 5, 10, 4], [3, 9, 4, 8]]"
11a_253_8,"[[3, 9, 4, 8], [19, 10, 20, 11], [13, 6, 14, 7], [5, 14, 6, 15], [15, 21, 16, 20], [21, 13, 22, 12], [1, 18, 2, 19], [17, 22, 18, 1], [11, 16, 12, 17], [7, 3, 8, 2], [9, 5, 10, 4]]"
11a_253_9,"[[9, 5, 10, 4], [3, 9, 4, 8], [19, 10, 20, 11], [13, 6, 14, 7], [5, 14, 6, 15], [15, 21, 16, 20], [21, 13, 22, 12], [1, 18, 2, 19], [17, 22, 18, 1], [11, 16, 12, 17], [7, 3, 8, 2]]"
11a_253_10,"[[7, 3, 8, 2], [9, 5, 10, 4], [3, 9, 4, 8], [19, 10, 20, 11], [13, 6, 14, 7], [5, 14, 6, 15], [15, 21, 16, 20], [21, 13, 22, 12], [1, 18, 2, 19], [17, 22, 18, 1], [11, 16, 12, 17]]"
11a_253_11,"[[12, 17, 13, 18], [8, 4, 9, 3], [10, 6, 11, 5], [4, 10, 5, 9], [20, 11, 21, 12], [14, 7, 15, 8], [6, 15, 7, 16], [16, 22, 17, 21], [22, 14, 1, 13], [2, 19, 3, 20], [18, 1, 19, 2]]"
11a_253_12,"[[18, 1, 19, 2], [12, 17, 13, 18], [8, 4, 9, 3], [10, 6, 11, 5], [4, 10, 5, 9], [20, 11, 21, 12], [14, 7, 15, 8], [6, 15, 7, 16], [16, 22, 17, 21], [22, 14, 1, 13], [2, 19, 3, 20]]"
11a_253_13,"[[2, 19, 3, 20], [18, 1, 19, 2], [12, 17, 13, 18], [8, 4, 9, 3], [10, 6, 11, 5], [4, 10, 5, 9], [20, 11, 21, 12], [14, 7, 15, 8], [6, 15, 7, 16], [16, 22, 17, 21], [22, 14, 1, 13]]"
11a_253_14,"[[22, 14, 1, 13], [2, 19, 3, 20], [18, 1, 19, 2], [12, 17, 13, 18], [8, 4, 9, 3], [10, 6, 11, 5], [4, 10, 5, 9], [20, 11, 21, 12], [14, 7, 15, 8], [6, 15, 7, 16], [16, 22, 17, 21]]"
11a_253_15,"[[16, 22, 17, 21], [22, 14, 1, 13], [2, 19, 3, 20], [18, 1, 19, 2], [12, 17, 13, 18], [8, 4, 9, 3], [10, 6, 11, 5], [4, 10, 5, 9], [20, 11, 21, 12], [14, 7, 15, 8], [6, 15, 7, 16]]"
11a_253_16,"[[6, 15, 7, 16], [16, 22, 17, 21], [22, 14, 1, 13], [2, 19, 3, 20], [18, 1, 19, 2], [12, 17, 13, 18], [8, 4, 9, 3], [10, 6, 11, 5], [4, 10, 5, 9], [20, 11, 21, 12], [14, 7, 15, 8]]"
11a_253_17,"[[14, 7, 15, 8], [6, 15, 7, 16], [16, 22, 17, 21], [22, 14, 1, 13], [2, 19, 3, 20], [18, 1, 19, 2], [12, 17, 13, 18], [8, 4, 9, 3], [10, 6, 11, 5], [4, 10, 5, 9], [20, 11, 21, 12]]"
11a_253_18,"[[20, 11, 21, 12], [14, 7, 15, 8], [6, 15, 7, 16], [16, 22, 17, 21], [22, 14, 1, 13], [2, 19, 3, 20], [18, 1, 19, 2], [12, 17, 13, 18], [8, 4, 9, 3], [10, 6, 11, 5], [4, 10, 5, 9]]"
11a_253_19,"[[4, 10, 5, 9], [20, 11, 21, 12], [14, 7, 15, 8], [6, 15, 7, 16], [16, 22, 17, 21], [22, 14, 1, 13], [2, 19, 3, 20], [18, 1, 19, 2], [12, 17, 13, 18], [8, 4, 9, 3], [10, 6, 11, 5]]"
11a_253_20,"[[10, 6, 11, 5], [4, 10, 5, 9], [20, 11, 21, 12], [14, 7, 15, 8], [6, 15, 7, 16], [16, 22, 17, 21], [22, 14, 1, 13], [2, 19, 3, 20], [18, 1, 19, 2], [12, 17, 13, 18], [8, 4, 9, 3]]"
11a_253_21,"[[8, 4, 9, 3], [10, 6, 11, 5], [4, 10, 5, 9], [20, 11, 21, 12], [14, 7, 15, 8], [6, 15, 7, 16], [16, 22, 17, 21], [22, 14, 1, 13], [2, 19, 3, 20], [18, 1, 19, 2], [12, 17, 13, 18]]"
11a_253_22,"[[13, 18, 14, 19], [9, 5, 10, 4], [11, 7, 12, 6], [5, 11, 6, 10], [21, 12, 22, 13], [15, 8, 16, 9], [7, 16, 8, 17], [17, 1, 18, 22], [1, 15, 2, 14], [3, 20, 4, 21], [19, 2, 20, 3]]"
11a_253_23,"[[19, 2, 20, 3], [13, 18, 14, 19], [9, 5, 10, 4], [11, 7, 12, 6], [5, 11, 6, 10], [21, 12, 22, 13], [15, 8, 16, 9], [7, 16, 8, 17], [17, 1, 18, 22], [1, 15, 2, 14], [3, 20, 4, 21]]"
11a_253_24,"[[3, 20, 4, 21], [19, 2, 20, 3], [13, 18, 14, 19], [9, 5, 10, 4], [11, 7, 12, 6], [5, 11, 6, 10], [21, 12, 22, 13], [15, 8, 16, 9], [7, 16, 8, 17], [17, 1, 18, 22], [1, 15, 2, 14]]"
11a_253_25,"[[1, 15, 2, 14], [3, 20, 4, 21], [19, 2, 20, 3], [13, 18, 14, 19], [9, 5, 10, 4], [11, 7, 12, 6], [5, 11, 6, 10], [21, 12, 22, 13], [15, 8, 16, 9], [7, 16, 8, 17], [17, 1, 18, 22]]"
11a_253_26,"[[17, 1, 18, 22], [1, 15, 2, 14], [3, 20, 4, 21], [19, 2, 20, 3], [13, 18, 14, 19], [9, 5, 10, 4], [11, 7, 12, 6], [5, 11, 6, 10], [21, 12, 22, 13], [15, 8, 16, 9], [7, 16, 8, 17]]"
11a_253_27,"[[7, 16, 8, 17], [17, 1, 18, 22], [1, 15, 2, 14], [3, 20, 4, 21], [19, 2, 20, 3], [13, 18, 14, 19], [9, 5, 10, 4], [11, 7, 12, 6], [5, 11, 6, 10], [21, 12, 22, 13], [15, 8, 16, 9]]"
11a_253_28,"[[15, 8, 16, 9], [7, 16, 8, 17], [17, 1, 18, 22], [1, 15, 2, 14], [3, 20, 4, 21], [19, 2, 20, 3], [13, 18, 14, 19], [9, 5, 10, 4], [11, 7, 12, 6], [5, 11, 6, 10], [21, 12, 22, 13]]"
11a_253_29,"[[21, 12, 22, 13], [15, 8, 16, 9], [7, 16, 8, 17], [17, 1, 18, 22], [1, 15, 2, 14], [3, 20, 4, 21], [19, 2, 20, 3], [13, 18, 14, 19], [9, 5, 10, 4], [11, 7, 12, 6], [5, 11, 6, 10]]"
11a_253_30,"[[5, 11, 6, 10], [21, 12, 22, 13], [15, 8, 16, 9], [7, 16, 8, 17], [17, 1, 18, 22], [1, 15, 2, 14], [3, 20, 4, 21], [19, 2, 20, 3], [13, 18, 14, 19], [9, 5, 10, 4], [11, 7, 12, 6]]"
11a_253_31,"[[11, 7, 12, 6], [5, 11, 6, 10], [21, 12, 22, 13], [15, 8, 16, 9], [7, 16, 8, 17], [17, 1, 18, 22], [1, 15, 2, 14], [3, 20, 4, 21], [19, 2, 20, 3], [13, 18, 14, 19], [9, 5, 10, 4]]"
11a_253_32,"[[9, 5, 10, 4], [11, 7, 12, 6], [5, 11, 6, 10], [21, 12, 22, 13], [15, 8, 16, 9], [7, 16, 8, 17], [17, 1, 18, 22], [1, 15, 2, 14], [3, 20, 4, 21], [19, 2, 20, 3], [13, 18, 14, 19]]"
11a_253_33,"[[14, 19, 15, 20], [10, 6, 11, 5], [12, 8, 13, 7], [6, 12, 7, 11], [22, 13, 1, 14], [16, 9, 17, 10], [8, 17, 9, 18], [18, 2, 19, 1], [2, 16, 3, 15], [4, 21, 5, 22], [20, 3, 21, 4]]"
11a_253_34,"[[20, 3, 21, 4], [14, 19, 15, 20], [10, 6, 11, 5], [12, 8, 13, 7], [6, 12, 7, 11], [22, 13, 1, 14], [16, 9, 17, 10], [8, 17, 9, 18], [18, 2, 19, 1], [2, 16, 3, 15], [4, 21, 5, 22]]"
11a_253_35,"[[4, 21, 5, 22], [20, 3, 21, 4], [14, 19, 15, 20], [10, 6, 11, 5], [12, 8, 13, 7], [6, 12, 7, 11], [22, 13, 1, 14], [16, 9, 17, 10], [8, 17, 9, 18], [18, 2, 19, 1], [2, 16, 3, 15]]"
11a_253_36,"[[2, 16, 3, 15], [4, 21, 5, 22], [20, 3, 21, 4], [14, 19, 15, 20], [10, 6, 11, 5], [12, 8, 13, 7], [6, 12, 7, 11], [22, 13, 1, 14], [16, 9, 17, 10], [8, 17, 9, 18], [18, 2, 19, 1]]"
11a_253_37,"[[18, 2, 19, 1], [2, 16, 3, 15], [4, 21, 5, 22], [20, 3, 21, 4], [14, 19, 15, 20], [10, 6, 11, 5], [12, 8, 13, 7], [6, 12, 7, 11], [22, 13, 1, 14], [16, 9, 17, 10], [8, 17, 9, 18]]"
11a_253_38,"[[8, 17, 9, 18], [18, 2, 19, 1], [2, 16, 3, 15], [4, 21, 5, 22], [20, 3, 21, 4], [14, 19, 15, 20], [10, 6, 11, 5], [12, 8, 13, 7], [6, 12, 7, 11], [22, 13, 1, 14], [16, 9, 17, 10]]"
11a_253_39,"[[16, 9, 17, 10], [8, 17, 9, 18], [18, 2, 19, 1], [2, 16, 3, 15], [4, 21, 5, 22], [20, 3, 21, 4], [14, 19, 15, 20], [10, 6, 11, 5], [12, 8, 13, 7], [6, 12, 7, 11], [22, 13, 1, 14]]"
11a_253_40,"[[22, 13, 1, 14], [16, 9, 17, 10], [8, 17, 9, 18], [18, 2, 19, 1], [2, 16, 3, 15], [4, 21, 5, 22], [20, 3, 21, 4], [14, 19, 15, 20], [10, 6, 11, 5], [12, 8, 13, 7], [6, 12, 7, 11]]"
11a_253_41,"[[6, 12, 7, 11], [22, 13, 1, 14], [16, 9, 17, 10], [8, 17, 9, 18], [18, 2, 19, 1], [2, 16, 3, 15], [4, 21, 5, 22], [20, 3, 21, 4], [14, 19, 15, 20], [10, 6, 11, 5], [12, 8, 13, 7]]"
11a_253_42,"[[12, 8, 13, 7], [6, 12, 7, 11], [22, 13, 1, 14], [16, 9, 17, 10], [8, 17, 9, 18], [18, 2, 19, 1], [2, 16, 3, 15], [4, 21, 5, 22], [20, 3, 21, 4], [14, 19, 15, 20], [10, 6, 11, 5]]"
11a_253_43,"[[10, 6, 11, 5], [12, 8, 13, 7], [6, 12, 7, 11], [22, 13, 1, 14], [16, 9, 17, 10], [8, 17, 9, 18], [18, 2, 19, 1], [2, 16, 3, 15], [4, 21, 5, 22], [20, 3, 21, 4], [14, 19, 15, 20]]"
11a_253_44,"[[15, 20, 16, 21], [11, 7, 12, 6], [13, 9, 14, 8], [7, 13, 8, 12], [1, 14, 2, 15], [17, 10, 18, 11], [9, 18, 10, 19], [19, 3, 20, 2], [3, 17, 4, 16], [5, 22, 6, 1], [21, 4, 22, 5]]"
11a_253_45,"[[21, 4, 22, 5], [15, 20, 16, 21], [11, 7, 12, 6], [13, 9, 14, 8], [7, 13, 8, 12], [1, 14, 2, 15], [17, 10, 18, 11], [9, 18, 10, 19], [19, 3, 20, 2], [3, 17, 4, 16], [5, 22, 6, 1]]"
11a_253_46,"[[5, 22, 6, 1], [21, 4, 22, 5], [15, 20, 16, 21], [11, 7, 12, 6], [13, 9, 14, 8], [7, 13, 8, 12], [1, 14, 2, 15], [17, 10, 18, 11], [9, 18, 10, 19], [19, 3, 20, 2], [3, 17, 4, 16]]"
11a_253_47,"[[3, 17, 4, 16], [5, 22, 6, 1], [21, 4, 22, 5], [15, 20, 16, 21], [11, 7, 12, 6], [13, 9, 14, 8], [7, 13, 8, 12], [1, 14, 2, 15], [17, 10, 18, 11], [9, 18, 10, 19], [19, 3, 20, 2]]"
11a_253_48,"[[19, 3, 20, 2], [3, 17, 4, 16], [5, 22, 6, 1], [21, 4, 22, 5], [15, 20, 16, 21], [11, 7, 12, 6], [13, 9, 14, 8], [7, 13, 8, 12], [1, 14, 2, 15], [17, 10, 18, 11], [9, 18, 10, 19]]"
11a_253_49,"[[9, 18, 10, 19], [19, 3, 20, 2], [3, 17, 4, 16], [5, 22, 6, 1], [21, 4, 22, 5], [15, 20, 16, 21], [11, 7, 12, 6], [13, 9, 14, 8], [7, 13, 8, 12], [1, 14, 2, 15], [17, 10, 18, 11]]"
11a_253_50,"[[17, 10, 18, 11], [9, 18, 10, 19], [19, 3, 20, 2], [3, 17, 4, 16], [5, 22, 6, 1], [21, 4, 22, 5], [15, 20, 16, 21], [11, 7, 12, 6], [13, 9, 14, 8], [7, 13, 8, 12], [1, 14, 2, 15]]"
11a_253_51,"[[1, 14, 2, 15], [17, 10, 18, 11], [9, 18, 10, 19], [19, 3, 20, 2], [3, 17, 4, 16], [5, 22, 6, 1], [21, 4, 22, 5], [15, 20, 16, 21], [11, 7, 12, 6], [13, 9, 14, 8], [7, 13, 8, 12]]"
11a_253_52,"[[7, 13, 8, 12], [1, 14, 2, 15], [17, 10, 18, 11], [9, 18, 10, 19], [19, 3, 20, 2], [3, 17, 4, 16], [5, 22, 6, 1], [21, 4, 22, 5], [15, 20, 16, 21], [11, 7, 12, 6], [13, 9, 14, 8]]"
11a_253_53,"[[13, 9, 14, 8], [7, 13, 8, 12], [1, 14, 2, 15], [17, 10, 18, 11], [9, 18, 10, 19], [19, 3, 20, 2], [3, 17, 4, 16], [5, 22, 6, 1], [21, 4, 22, 5], [15, 20, 16, 21], [11, 7, 12, 6]]"
11a_253_54,"[[11, 7, 12, 6], [13, 9, 14, 8], [7, 13, 8, 12], [1, 14, 2, 15], [17, 10, 18, 11], [9, 18, 10, 19], [19, 3, 20, 2], [3, 17, 4, 16], [5, 22, 6, 1], [21, 4, 22, 5], [15, 20, 16, 21]]"
11a_253_55,"[[16, 21, 17, 22], [12, 8, 13, 7], [14, 10, 15, 9], [8, 14, 9, 13], [2, 15, 3, 16], [18, 11, 19, 12], [10, 19, 11, 20], [20, 4, 21, 3], [4, 18, 5, 17], [6, 1, 7, 2], [22, 5, 1, 6]]"
11a_253_56,"[[22, 5, 1, 6], [16, 21, 17, 22], [12, 8, 13, 7], [14, 10, 15, 9], [8, 14, 9, 13], [2, 15, 3, 16], [18, 11, 19, 12], [10, 19, 11, 20], [20, 4, 21, 3], [4, 18, 5, 17], [6, 1, 7, 2]]"
11a_253_57,"[[6, 1, 7, 2], [22, 5, 1, 6], [16, 21, 17, 22], [12, 8, 13, 7], [14, 10, 15, 9], [8, 14, 9, 13], [2, 15, 3, 16], [18, 11, 19, 12], [10, 19, 11, 20], [20, 4, 21, 3], [4, 18, 5, 17]]"
11a_253_58,"[[4, 18, 5, 17], [6, 1, 7, 2], [22, 5, 1, 6], [16, 21, 17, 22], [12, 8, 13, 7], [14, 10, 15, 9], [8, 14, 9, 13], [2, 15, 3, 16], [18, 11, 19, 12], [10, 19, 11, 20], [20, 4, 21, 3]]"
11a_253_59,"[[20, 4, 21, 3], [4, 18, 5, 17], [6, 1, 7, 2], [22, 5, 1, 6], [16, 21, 17, 22], [12, 8, 13, 7], [14, 10, 15, 9], [8, 14, 9, 13], [2, 15, 3, 16], [18, 11, 19, 12], [10, 19, 11, 20]]"
11a_253_60,"[[10, 19, 11, 20], [20, 4, 21, 3], [4, 18, 5, 17], [6, 1, 7, 2], [22, 5, 1, 6], [16, 21, 17, 22], [12, 8, 13, 7], [14, 10, 15, 9], [8, 14, 9, 13], [2, 15, 3, 16], [18, 11, 19, 12]]"
11a_253_61,"[[18, 11, 19, 12], [10, 19, 11, 20], [20, 4, 21, 3], [4, 18, 5, 17], [6, 1, 7, 2], [22, 5, 1, 6], [16, 21, 17, 22], [12, 8, 13, 7], [14, 10, 15, 9], [8, 14, 9, 13], [2, 15, 3, 16]]"
11a_253_62,"[[2, 15, 3, 16], [18, 11, 19, 12], [10, 19, 11, 20], [20, 4, 21, 3], [4, 18, 5, 17], [6, 1, 7, 2], [22, 5, 1, 6], [16, 21, 17, 22], [12, 8, 13, 7], [14, 10, 15, 9], [8, 14, 9, 13]]"
11a_253_63,"[[8, 14, 9, 13], [2, 15, 3, 16], [18, 11, 19, 12], [10, 19, 11, 20], [20, 4, 21, 3], [4, 18, 5, 17], [6, 1, 7, 2], [22, 5, 1, 6], [16, 21, 17, 22], [12, 8, 13, 7], [14, 10, 15, 9]]"
11a_253_64,"[[14, 10, 15, 9], [8, 14, 9, 13], [2, 15, 3, 16], [18, 11, 19, 12], [10, 19, 11, 20], [20, 4, 21, 3], [4, 18, 5, 17], [6, 1, 7, 2], [22, 5, 1, 6], [16, 21, 17, 22], [12, 8, 13, 7]]"
11a_253_65,"[[12, 8, 13, 7], [14, 10, 15, 9], [8, 14, 9, 13], [2, 15, 3, 16], [18, 11, 19, 12], [10, 19, 11, 20], [20, 4, 21, 3], [4, 18, 5, 17], [6, 1, 7, 2], [22, 5, 1, 6], [16, 21, 17, 22]]"
11a_253_66,"[[17, 22, 18, 1], [13, 9, 14, 8], [15, 11, 16, 10], [9, 15, 10, 14], [3, 16, 4, 17], [19, 12, 20, 13], [11, 20, 12, 21], [21, 5, 22, 4], [5, 19, 6, 18], [7, 2, 8, 3], [1, 6, 2, 7]]"
11a_253_67,"[[1, 6, 2, 7], [17, 22, 18, 1], [13, 9, 14, 8], [15, 11, 16, 10], [9, 15, 10, 14], [3, 16, 4, 17], [19, 12, 20, 13], [11, 20, 12, 21], [21, 5, 22, 4], [5, 19, 6, 18], [7, 2, 8, 3]]"
11a_253_68,"[[7, 2, 8, 3], [1, 6, 2, 7], [17, 22, 18, 1], [13, 9, 14, 8], [15, 11, 16, 10], [9, 15, 10, 14], [3, 16, 4, 17], [19, 12, 20, 13], [11, 20, 12, 21], [21, 5, 22, 4], [5, 19, 6, 18]]"
11a_253_69,"[[5, 19, 6, 18], [7, 2, 8, 3], [1, 6, 2, 7], [17, 22, 18, 1], [13, 9, 14, 8], [15, 11, 16, 10], [9, 15, 10, 14], [3, 16, 4, 17], [19, 12, 20, 13], [11, 20, 12, 21], [21, 5, 22, 4]]"
11a_253_70,"[[21, 5, 22, 4], [5, 19, 6, 18], [7, 2, 8, 3], [1, 6, 2, 7], [17, 22, 18, 1], [13, 9, 14, 8], [15, 11, 16, 10], [9, 15, 10, 14], [3, 16, 4, 17], [19, 12, 20, 13], [11, 20, 12, 21]]"
11a_253_71,"[[11, 20, 12, 21], [21, 5, 22, 4], [5, 19, 6, 18], [7, 2, 8, 3], [1, 6, 2, 7], [17, 22, 18, 1], [13, 9, 14, 8], [15, 11, 16, 10], [9, 15, 10, 14], [3, 16, 4, 17], [19, 12, 20, 13]]"
11a_253_72,"[[19, 12, 20, 13], [11, 20, 12, 21], [21, 5, 22, 4], [5, 19, 6, 18], [7, 2, 8, 3], [1, 6, 2, 7], [17, 22, 18, 1], [13, 9, 14, 8], [15, 11, 16, 10], [9, 15, 10, 14], [3, 16, 4, 17]]"
11a_253_73,"[[3, 16, 4, 17], [19, 12, 20, 13], [11, 20, 12, 21], [21, 5, 22, 4], [5, 19, 6, 18], [7, 2, 8, 3], [1, 6, 2, 7], [17, 22, 18, 1], [13, 9, 14, 8], [15, 11, 16, 10], [9, 15, 10, 14]]"
11a_253_74,"[[9, 15, 10, 14], [3, 16, 4, 17], [19, 12, 20, 13], [11, 20, 12, 21], [21, 5, 22, 4], [5, 19, 6, 18], [7, 2, 8, 3], [1, 6, 2, 7], [17, 22, 18, 1], [13, 9, 14, 8], [15, 11, 16, 10]]"
11a_253_75,"[[15, 11, 16, 10], [9, 15, 10, 14], [3, 16, 4, 17], [19, 12, 20, 13], [11, 20, 12, 21], [21, 5, 22, 4], [5, 19, 6, 18], [7, 2, 8, 3], [1, 6, 2, 7], [17, 22, 18, 1], [13, 9, 14, 8]]"
11a_253_76,"[[13, 9, 14, 8], [15, 11, 16, 10], [9, 15, 10, 14], [3, 16, 4, 17], [19, 12, 20, 13], [11, 20, 12, 21], [21, 5, 22, 4], [5, 19, 6, 18], [7, 2, 8, 3], [1, 6, 2, 7], [17, 22, 18, 1]]"
11a_253_77,"[[18, 1, 19, 2], [14, 10, 15, 9], [16, 12, 17, 11], [10, 16, 11, 15], [4, 17, 5, 18], [20, 13, 21, 14], [12, 21, 13, 22], [22, 6, 1, 5], [6, 20, 7, 19], [8, 3, 9, 4], [2, 7, 3, 8]]"
11a_253_78,"[[2, 7, 3, 8], [18, 1, 19, 2], [14, 10, 15, 9], [16, 12, 17, 11], [10, 16, 11, 15], [4, 17, 5, 18], [20, 13, 21, 14], [12, 21, 13, 22], [22, 6, 1, 5], [6, 20, 7, 19], [8, 3, 9, 4]]"
11a_253_79,"[[8, 3, 9, 4], [2, 7, 3, 8], [18, 1, 19, 2], [14, 10, 15, 9], [16, 12, 17, 11], [10, 16, 11, 15], [4, 17, 5, 18], [20, 13, 21, 14], [12, 21, 13, 22], [22, 6, 1, 5], [6, 20, 7, 19]]"
11a_253_80,"[[6, 20, 7, 19], [8, 3, 9, 4], [2, 7, 3, 8], [18, 1, 19, 2], [14, 10, 15, 9], [16, 12, 17, 11], [10, 16, 11, 15], [4, 17, 5, 18], [20, 13, 21, 14], [12, 21, 13, 22], [22, 6, 1, 5]]"
11a_253_81,"[[22, 6, 1, 5], [6, 20, 7, 19], [8, 3, 9, 4], [2, 7, 3, 8], [18, 1, 19, 2], [14, 10, 15, 9], [16, 12, 17, 11], [10, 16, 11, 15], [4, 17, 5, 18], [20, 13, 21, 14], [12, 21, 13, 22]]"
11a_253_82,"[[12, 21, 13, 22], [22, 6, 1, 5], [6, 20, 7, 19], [8, 3, 9, 4], [2, 7, 3, 8], [18, 1, 19, 2], [14, 10, 15, 9], [16, 12, 17, 11], [10, 16, 11, 15], [4, 17, 5, 18], [20, 13, 21, 14]]"
11a_253_83,"[[20, 13, 21, 14], [12, 21, 13, 22], [22, 6, 1, 5], [6, 20, 7, 19], [8, 3, 9, 4], [2, 7, 3, 8], [18, 1, 19, 2], [14, 10, 15, 9], [16, 12, 17, 11], [10, 16, 11, 15], [4, 17, 5, 18]]"
11a_253_84,"[[4, 17, 5, 18], [20, 13, 21, 14], [12, 21, 13, 22], [22, 6, 1, 5], [6, 20, 7, 19], [8, 3, 9, 4], [2, 7, 3, 8], [18, 1, 19, 2], [14, 10, 15, 9], [16, 12, 17, 11], [10, 16, 11, 15]]"
11a_253_85,"[[10, 16, 11, 15], [4, 17, 5, 18], [20, 13, 21, 14], [12, 21, 13, 22], [22, 6, 1, 5], [6, 20, 7, 19], [8, 3, 9, 4], [2, 7, 3, 8], [18, 1, 19, 2], [14, 10, 15, 9], [16, 12, 17, 11]]"
11a_253_86,"[[16, 12, 17, 11], [10, 16, 11, 15], [4, 17, 5, 18], [20, 13, 21, 14], [12, 21, 13, 22], [22, 6, 1, 5], [6, 20, 7, 19], [8, 3, 9, 4], [2, 7, 3, 8], [18, 1, 19, 2], [14, 10, 15, 9]]"
11a_253_87,"[[14, 10, 15, 9], [16, 12, 17, 11], [10, 16, 11, 15], [4, 17, 5, 18], [20, 13, 21, 14], [12, 21, 13, 22], [22, 6, 1, 5], [6, 20, 7, 19], [8, 3, 9, 4], [2, 7, 3, 8], [18, 1, 19, 2]]"
11a_253_88,"[[19, 2, 20, 3], [15, 11, 16, 10], [17, 13, 18, 12], [11, 17, 12, 16], [5, 18, 6, 19], [21, 14, 22, 15], [13, 22, 14, 1], [1, 7, 2, 6], [7, 21, 8, 20], [9, 4, 10, 5], [3, 8, 4, 9]]"
11a_253_89,"[[3, 8, 4, 9], [19, 2, 20, 3], [15, 11, 16, 10], [17, 13, 18, 12], [11, 17, 12, 16], [5, 18, 6, 19], [21, 14, 22, 15], [13, 22, 14, 1], [1, 7, 2, 6], [7, 21, 8, 20], [9, 4, 10, 5]]"
11a_253_90,"[[9, 4, 10, 5], [3, 8, 4, 9], [19, 2, 20, 3], [15, 11, 16, 10], [17, 13, 18, 12], [11, 17, 12, 16], [5, 18, 6, 19], [21, 14, 22, 15], [13, 22, 14, 1], [1, 7, 2, 6], [7, 21, 8, 20]]"
11a_253_91,"[[7, 21, 8, 20], [9, 4, 10, 5], [3, 8, 4, 9], [19, 2, 20, 3], [15, 11, 16, 10], [17, 13, 18, 12], [11, 17, 12, 16], [5, 18, 6, 19], [21, 14, 22, 15], [13, 22, 14, 1], [1, 7, 2, 6]]"
11a_253_92,"[[1, 7, 2, 6], [7, 21, 8, 20], [9, 4, 10, 5], [3, 8, 4, 9], [19, 2, 20, 3], [15, 11, 16, 10], [17, 13, 18, 12], [11, 17, 12, 16], [5, 18, 6, 19], [21, 14, 22, 15], [13, 22, 14, 1]]"
11a_253_93,"[[13, 22, 14, 1], [1, 7, 2, 6], [7, 21, 8, 20], [9, 4, 10, 5], [3, 8, 4, 9], [19, 2, 20, 3], [15, 11, 16, 10], [17, 13, 18, 12], [11, 17, 12, 16], [5, 18, 6, 19], [21, 14, 22, 15]]"
11a_253_94,"[[21, 14, 22, 15], [13, 22, 14, 1], [1, 7, 2, 6], [7, 21, 8, 20], [9, 4, 10, 5], [3, 8, 4, 9], [19, 2, 20, 3], [15, 11, 16, 10], [17, 13, 18, 12], [11, 17, 12, 16], [5, 18, 6, 19]]"
11a_253_95,"[[5, 18, 6, 19], [21, 14, 22, 15], [13, 22, 14, 1], [1, 7, 2, 6], [7, 21, 8, 20], [9, 4, 10, 5], [3, 8, 4, 9], [19, 2, 20, 3], [15, 11, 16, 10], [17, 13, 18, 12], [11, 17, 12, 16]]"
11a_253_96,"[[11, 17, 12, 16], [5, 18, 6, 19], [21, 14, 22, 15], [13, 22, 14, 1], [1, 7, 2, 6], [7, 21, 8, 20], [9, 4, 10, 5], [3, 8, 4, 9], [19, 2, 20, 3], [15, 11, 16, 10], [17, 13, 18, 12]]"
11a_253_97,"[[17, 13, 18, 12], [11, 17, 12, 16], [5, 18, 6, 19], [21, 14, 22, 15], [13, 22, 14, 1], [1, 7, 2, 6], [7, 21, 8, 20], [9, 4, 10, 5], [3, 8, 4, 9], [19, 2, 20, 3], [15, 11, 16, 10]]"
11a_253_98,"[[15, 11, 16, 10], [17, 13, 18, 12], [11, 17, 12, 16], [5, 18, 6, 19], [21, 14, 22, 15], [13, 22, 14, 1], [1, 7, 2, 6], [7, 21, 8, 20], [9, 4, 10, 5], [3, 8, 4, 9], [19, 2, 20, 3]]"
11a_253_99,"[[20, 3, 21, 4], [16, 12, 17, 11], [18, 14, 19, 13], [12, 18, 13, 17], [6, 19, 7, 20], [22, 15, 1, 16], [14, 1, 15, 2], [2, 8, 3, 7], [8, 22, 9, 21], [10, 5, 11, 6], [4, 9, 5, 10]]"
11a_253_100,"[[4, 9, 5, 10], [20, 3, 21, 4], [16, 12, 17, 11], [18, 14, 19, 13], [12, 18, 13, 17], [6, 19, 7, 20], [22, 15, 1, 16], [14, 1, 15, 2], [2, 8, 3, 7], [8, 22, 9, 21], [10, 5, 11, 6]]"
11a_253_101,"[[10, 5, 11, 6], [4, 9, 5, 10], [20, 3, 21, 4], [16, 12, 17, 11], [18, 14, 19, 13], [12, 18, 13, 17], [6, 19, 7, 20], [22, 15, 1, 16], [14, 1, 15, 2], [2, 8, 3, 7], [8, 22, 9, 21]]"
11a_253_102,"[[8, 22, 9, 21], [10, 5, 11, 6], [4, 9, 5, 10], [20, 3, 21, 4], [16, 12, 17, 11], [18, 14, 19, 13], [12, 18, 13, 17], [6, 19, 7, 20], [22, 15, 1, 16], [14, 1, 15, 2], [2, 8, 3, 7]]"
11a_253_103,"[[2, 8, 3, 7], [8, 22, 9, 21], [10, 5, 11, 6], [4, 9, 5, 10], [20, 3, 21, 4], [16, 12, 17, 11], [18, 14, 19, 13], [12, 18, 13, 17], [6, 19, 7, 20], [22, 15, 1, 16], [14, 1, 15, 2]]"
11a_253_104,"[[14, 1, 15, 2], [2, 8, 3, 7], [8, 22, 9, 21], [10, 5, 11, 6], [4, 9, 5, 10], [20, 3, 21, 4], [16, 12, 17, 11], [18, 14, 19, 13], [12, 18, 13, 17], [6, 19, 7, 20], [22, 15, 1, 16]]"
11a_253_105,"[[22, 15, 1, 16], [14, 1, 15, 2], [2, 8, 3, 7], [8, 22, 9, 21], [10, 5, 11, 6], [4, 9, 5, 10], [20, 3, 21, 4], [16, 12, 17, 11], [18, 14, 19, 13], [12, 18, 13, 17], [6, 19, 7, 20]]"
11a_253_106,"[[6, 19, 7, 20], [22, 15, 1, 16], [14, 1, 15, 2], [2, 8, 3, 7], [8, 22, 9, 21], [10, 5, 11, 6], [4, 9, 5, 10], [20, 3, 21, 4], [16, 12, 17, 11], [18, 14, 19, 13], [12, 18, 13, 17]]"
11a_253_107,"[[12, 18, 13, 17], [6, 19, 7, 20], [22, 15, 1, 16], [14, 1, 15, 2], [2, 8, 3, 7], [8, 22, 9, 21], [10, 5, 11, 6], [4, 9, 5, 10], [20, 3, 21, 4], [16, 12, 17, 11], [18, 14, 19, 13]]"
11a_253_108,"[[18, 14, 19, 13], [12, 18, 13, 17], [6, 19, 7, 20], [22, 15, 1, 16], [14, 1, 15, 2], [2, 8, 3, 7], [8, 22, 9, 21], [10, 5, 11, 6], [4, 9, 5, 10], [20, 3, 21, 4], [16, 12, 17, 11]]"
11a_253_109,"[[16, 12, 17, 11], [18, 14, 19, 13], [12, 18, 13, 17], [6, 19, 7, 20], [22, 15, 1, 16], [14, 1, 15, 2], [2, 8, 3, 7], [8, 22, 9, 21], [10, 5, 11, 6], [4, 9, 5, 10], [20, 3, 21, 4]]"
11a_253_110,"[[21, 4, 22, 5], [17, 13, 18, 12], [19, 15, 20, 14], [13, 19, 14, 18], [7, 20, 8, 21], [1, 16, 2, 17], [15, 2, 16, 3], [3, 9, 4, 8], [9, 1, 10, 22], [11, 6, 12, 7], [5, 10, 6, 11]]"
11a_253_111,"[[5, 10, 6, 11], [21, 4, 22, 5], [17, 13, 18, 12], [19, 15, 20, 14], [13, 19, 14, 18], [7, 20, 8, 21], [1, 16, 2, 17], [15, 2, 16, 3], [3, 9, 4, 8], [9, 1, 10, 22], [11, 6, 12, 7]]"
11a_253_112,"[[11, 6, 12, 7], [5, 10, 6, 11], [21, 4, 22, 5], [17, 13, 18, 12], [19, 15, 20, 14], [13, 19, 14, 18], [7, 20, 8, 21], [1, 16, 2, 17], [15, 2, 16, 3], [3, 9, 4, 8], [9, 1, 10, 22]]"
11a_253_113,"[[9, 1, 10, 22], [11, 6, 12, 7], [5, 10, 6, 11], [21, 4, 22, 5], [17, 13, 18, 12], [19, 15, 20, 14], [13, 19, 14, 18], [7, 20, 8, 21], [1, 16, 2, 17], [15, 2, 16, 3], [3, 9, 4, 8]]"
11a_253_114,"[[3, 9, 4, 8], [9, 1, 10, 22], [11, 6, 12, 7], [5, 10, 6, 11], [21, 4, 22, 5], [17, 13, 18, 12], [19, 15, 20, 14], [13, 19, 14, 18], [7, 20, 8, 21], [1, 16, 2, 17], [15, 2, 16, 3]]"
11a_253_115,"[[15, 2, 16, 3], [3, 9, 4, 8], [9, 1, 10, 22], [11, 6, 12, 7], [5, 10, 6, 11], [21, 4, 22, 5], [17, 13, 18, 12], [19, 15, 20, 14], [13, 19, 14, 18], [7, 20, 8, 21], [1, 16, 2, 17]]"
11a_253_116,"[[1, 16, 2, 17], [15, 2, 16, 3], [3, 9, 4, 8], [9, 1, 10, 22], [11, 6, 12, 7], [5, 10, 6, 11], [21, 4, 22, 5], [17, 13, 18, 12], [19, 15, 20, 14], [13, 19, 14, 18], [7, 20, 8, 21]]"
11a_253_117,"[[7, 20, 8, 21], [1, 16, 2, 17], [15, 2, 16, 3], [3, 9, 4, 8], [9, 1, 10, 22], [11, 6, 12, 7], [5, 10, 6, 11], [21, 4, 22, 5], [17, 13, 18, 12], [19, 15, 20, 14], [13, 19, 14, 18]]"
11a_253_118,"[[13, 19, 14, 18], [7, 20, 8, 21], [1, 16, 2, 17], [15, 2, 16, 3], [3, 9, 4, 8], [9, 1, 10, 22], [11, 6, 12, 7], [5, 10, 6, 11], [21, 4, 22, 5], [17, 13, 18, 12], [19, 15, 20, 14]]"
11a_253_119,"[[19, 15, 20, 14], [13, 19, 14, 18], [7, 20, 8, 21], [1, 16, 2, 17], [15, 2, 16, 3], [3, 9, 4, 8], [9, 1, 10, 22], [11, 6, 12, 7], [5, 10, 6, 11], [21, 4, 22, 5], [17, 13, 18, 12]]"
11a_253_120,"[[17, 13, 18, 12], [19, 15, 20, 14], [13, 19, 14, 18], [7, 20, 8, 21], [1, 16, 2, 17], [15, 2, 16, 3], [3, 9, 4, 8], [9, 1, 10, 22], [11, 6, 12, 7], [5, 10, 6, 11], [21, 4, 22, 5]]"
11a_253_121,"[[22, 5, 1, 6], [18, 14, 19, 13], [20, 16, 21, 15], [14, 20, 15, 19], [8, 21, 9, 22], [2, 17, 3, 18], [16, 3, 17, 4], [4, 10, 5, 9], [10, 2, 11, 1], [12, 7, 13, 8], [6, 11, 7, 12]]"
11a_253_122,"[[6, 11, 7, 12], [22, 5, 1, 6], [18, 14, 19, 13], [20, 16, 21, 15], [14, 20, 15, 19], [8, 21, 9, 22], [2, 17, 3, 18], [16, 3, 17, 4], [4, 10, 5, 9], [10, 2, 11, 1], [12, 7, 13, 8]]"
11a_253_123,"[[12, 7, 13, 8], [6, 11, 7, 12], [22, 5, 1, 6], [18, 14, 19, 13], [20, 16, 21, 15], [14, 20, 15, 19], [8, 21, 9, 22], [2, 17, 3, 18], [16, 3, 17, 4], [4, 10, 5, 9], [10, 2, 11, 1]]"
11a_253_124,"[[10, 2, 11, 1], [12, 7, 13, 8], [6, 11, 7, 12], [22, 5, 1, 6], [18, 14, 19, 13], [20, 16, 21, 15], [14, 20, 15, 19], [8, 21, 9, 22], [2, 17, 3, 18], [16, 3, 17, 4], [4, 10, 5, 9]]"
11a_253_125,"[[4, 10, 5, 9], [10, 2, 11, 1], [12, 7, 13, 8], [6, 11, 7, 12], [22, 5, 1, 6], [18, 14, 19, 13], [20, 16, 21, 15], [14, 20, 15, 19], [8, 21, 9, 22], [2, 17, 3, 18], [16, 3, 17, 4]]"
11a_253_126,"[[16, 3, 17, 4], [4, 10, 5, 9], [10, 2, 11, 1], [12, 7, 13, 8], [6, 11, 7, 12], [22, 5, 1, 6], [18, 14, 19, 13], [20, 16, 21, 15], [14, 20, 15, 19], [8, 21, 9, 22], [2, 17, 3, 18]]"
11a_253_127,"[[2, 17, 3, 18], [16, 3, 17, 4], [4, 10, 5, 9], [10, 2, 11, 1], [12, 7, 13, 8], [6, 11, 7, 12], [22, 5, 1, 6], [18, 14, 19, 13], [20, 16, 21, 15], [14, 20, 15, 19], [8, 21, 9, 22]]"
11a_253_128,"[[8, 21, 9, 22], [2, 17, 3, 18], [16, 3, 17, 4], [4, 10, 5, 9], [10, 2, 11, 1], [12, 7, 13, 8], [6, 11, 7, 12], [22, 5, 1, 6], [18, 14, 19, 13], [20, 16, 21, 15], [14, 20, 15, 19]]"
11a_253_129,"[[14, 20, 15, 19], [8, 21, 9, 22], [2, 17, 3, 18], [16, 3, 17, 4], [4, 10, 5, 9], [10, 2, 11, 1], [12, 7, 13, 8], [6, 11, 7, 12], [22, 5, 1, 6], [18, 14, 19, 13], [20, 16, 21, 15]]"
11a_253_130,"[[20, 16, 21, 15], [14, 20, 15, 19], [8, 21, 9, 22], [2, 17, 3, 18], [16, 3, 17, 4], [4, 10, 5, 9], [10, 2, 11, 1], [12, 7, 13, 8], [6, 11, 7, 12], [22, 5, 1, 6], [18, 14, 19, 13]]"
11a_253_131,"[[18, 14, 19, 13], [20, 16, 21, 15], [14, 20, 15, 19], [8, 21, 9, 22], [2, 17, 3, 18], [16, 3, 17, 4], [4, 10, 5, 9], [10, 2, 11, 1], [12, 7, 13, 8], [6, 11, 7, 12], [22, 5, 1, 6]]"
11a_253_132,"[[1, 6, 2, 7], [19, 15, 20, 14], [21, 17, 22, 16], [15, 21, 16, 20], [9, 22, 10, 1], [3, 18, 4, 19], [17, 4, 18, 5], [5, 11, 6, 10], [11, 3, 12, 2], [13, 8, 14, 9], [7, 12, 8, 13]]"
11a_253_133,"[[7, 12, 8, 13], [1, 6, 2, 7], [19, 15, 20, 14], [21, 17, 22, 16], [15, 21, 16, 20], [9, 22, 10, 1], [3, 18, 4, 19], [17, 4, 18, 5], [5, 11, 6, 10], [11, 3, 12, 2], [13, 8, 14, 9]]"
11a_253_134,"[[13, 8, 14, 9], [7, 12, 8, 13], [1, 6, 2, 7], [19, 15, 20, 14], [21, 17, 22, 16], [15, 21, 16, 20], [9, 22, 10, 1], [3, 18, 4, 19], [17, 4, 18, 5], [5, 11, 6, 10], [11, 3, 12, 2]]"
11a_253_135,"[[11, 3, 12, 2], [13, 8, 14, 9], [7, 12, 8, 13], [1, 6, 2, 7], [19, 15, 20, 14], [21, 17, 22, 16], [15, 21, 16, 20], [9, 22, 10, 1], [3, 18, 4, 19], [17, 4, 18, 5], [5, 11, 6, 10]]"
11a_253_136,"[[5, 11, 6, 10], [11, 3, 12, 2], [13, 8, 14, 9], [7, 12, 8, 13], [1, 6, 2, 7], [19, 15, 20, 14], [21, 17, 22, 16], [15, 21, 16, 20], [9, 22, 10, 1], [3, 18, 4, 19], [17, 4, 18, 5]]"
11a_253_137,"[[17, 4, 18, 5], [5, 11, 6, 10], [11, 3, 12, 2], [13, 8, 14, 9], [7, 12, 8, 13], [1, 6, 2, 7], [19, 15, 20, 14], [21, 17, 22, 16], [15, 21, 16, 20], [9, 22, 10, 1], [3, 18, 4, 19]]"
11a_253_138,"[[3, 18, 4, 19], [17, 4, 18, 5], [5, 11, 6, 10], [11, 3, 12, 2], [13, 8, 14, 9], [7, 12, 8, 13], [1, 6, 2, 7], [19, 15, 20, 14], [21, 17, 22, 16], [15, 21, 16, 20], [9, 22, 10, 1]]"
11a_253_139,"[[9, 22, 10, 1], [3, 18, 4, 19], [17, 4, 18, 5], [5, 11, 6, 10], [11, 3, 12, 2], [13, 8, 14, 9], [7, 12, 8, 13], [1, 6, 2, 7], [19, 15, 20, 14], [21, 17, 22, 16], [15, 21, 16, 20]]"
11a_253_140,"[[15, 21, 16, 20], [9, 22, 10, 1], [3, 18, 4, 19], [17, 4, 18, 5], [5, 11, 6, 10], [11, 3, 12, 2], [13, 8, 14, 9], [7, 12, 8, 13], [1, 6, 2, 7], [19, 15, 20, 14], [21, 17, 22, 16]]"
11a_253_141,"[[21, 17, 22, 16], [15, 21, 16, 20], [9, 22, 10, 1], [3, 18, 4, 19], [17, 4, 18, 5], [5, 11, 6, 10], [11, 3, 12, 2], [13, 8, 14, 9], [7, 12, 8, 13], [1, 6, 2, 7], [19, 15, 20, 14]]"
11a_253_142,"[[19, 15, 20, 14], [21, 17, 22, 16], [15, 21, 16, 20], [9, 22, 10, 1], [3, 18, 4, 19], [17, 4, 18, 5], [5, 11, 6, 10], [11, 3, 12, 2], [13, 8, 14, 9], [7, 12, 8, 13], [1, 6, 2, 7]]"
11a_253_143,"[[2, 7, 3, 8], [20, 16, 21, 15], [22, 18, 1, 17], [16, 22, 17, 21], [10, 1, 11, 2], [4, 19, 5, 20], [18, 5, 19, 6], [6, 12, 7, 11], [12, 4, 13, 3], [14, 9, 15, 10], [8, 13, 9, 14]]"
11a_253_144,"[[8, 13, 9, 14], [2, 7, 3, 8], [20, 16, 21, 15], [22, 18, 1, 17], [16, 22, 17, 21], [10, 1, 11, 2], [4, 19, 5, 20], [18, 5, 19, 6], [6, 12, 7, 11], [12, 4, 13, 3], [14, 9, 15, 10]]"
11a_253_145,"[[14, 9, 15, 10], [8, 13, 9, 14], [2, 7, 3, 8], [20, 16, 21, 15], [22, 18, 1, 17], [16, 22, 17, 21], [10, 1, 11, 2], [4, 19, 5, 20], [18, 5, 19, 6], [6, 12, 7, 11], [12, 4, 13, 3]]"
11a_253_146,"[[12, 4, 13, 3], [14, 9, 15, 10], [8, 13, 9, 14], [2, 7, 3, 8], [20, 16, 21, 15], [22, 18, 1, 17], [16, 22, 17, 21], [10, 1, 11, 2], [4, 19, 5, 20], [18, 5, 19, 6], [6, 12, 7, 11]]"
11a_253_147,"[[6, 12, 7, 11], [12, 4, 13, 3], [14, 9, 15, 10], [8, 13, 9, 14], [2, 7, 3, 8], [20, 16, 21, 15], [22, 18, 1, 17], [16, 22, 17, 21], [10, 1, 11, 2], [4, 19, 5, 20], [18, 5, 19, 6]]"
11a_253_148,"[[18, 5, 19, 6], [6, 12, 7, 11], [12, 4, 13, 3], [14, 9, 15, 10], [8, 13, 9, 14], [2, 7, 3, 8], [20, 16, 21, 15], [22, 18, 1, 17], [16, 22, 17, 21], [10, 1, 11, 2], [4, 19, 5, 20]]"
11a_253_149,"[[4, 19, 5, 20], [18, 5, 19, 6], [6, 12, 7, 11], [12, 4, 13, 3], [14, 9, 15, 10], [8, 13, 9, 14], [2, 7, 3, 8], [20, 16, 21, 15], [22, 18, 1, 17], [16, 22, 17, 21], [10, 1, 11, 2]]"
11a_253_150,"[[10, 1, 11, 2], [4, 19, 5, 20], [18, 5, 19, 6], [6, 12, 7, 11], [12, 4, 13, 3], [14, 9, 15, 10], [8, 13, 9, 14], [2, 7, 3, 8], [20, 16, 21, 15], [22, 18, 1, 17], [16, 22, 17, 21]]"
11a_253_151,"[[16, 22, 17, 21], [10, 1, 11, 2], [4, 19, 5, 20], [18, 5, 19, 6], [6, 12, 7, 11], [12, 4, 13, 3], [14, 9, 15, 10], [8, 13, 9, 14], [2, 7, 3, 8], [20, 16, 21, 15], [22, 18, 1, 17]]"
11a_253_152,"[[22, 18, 1, 17], [16, 22, 17, 21], [10, 1, 11, 2], [4, 19, 5, 20], [18, 5, 19, 6], [6, 12, 7, 11], [12, 4, 13, 3], [14, 9, 15, 10], [8, 13, 9, 14], [2, 7, 3, 8], [20, 16, 21, 15]]"
11a_253_153,"[[20, 16, 21, 15], [22, 18, 1, 17], [16, 22, 17, 21], [10, 1, 11, 2], [4, 19, 5, 20], [18, 5, 19, 6], [6, 12, 7, 11], [12, 4, 13, 3], [14, 9, 15, 10], [8, 13, 9, 14], [2, 7, 3, 8]]"
11a_253_154,"[[3, 8, 4, 9], [21, 17, 22, 16], [1, 19, 2, 18], [17, 1, 18, 22], [11, 2, 12, 3], [5, 20, 6, 21], [19, 6, 20, 7], [7, 13, 8, 12], [13, 5, 14, 4], [15, 10, 16, 11], [9, 14, 10, 15]]"
11a_253_155,"[[9, 14, 10, 15], [3, 8, 4, 9], [21, 17, 22, 16], [1, 19, 2, 18], [17, 1, 18, 22], [11, 2, 12, 3], [5, 20, 6, 21], [19, 6, 20, 7], [7, 13, 8, 12], [13, 5, 14, 4], [15, 10, 16, 11]]"
11a_253_156,"[[15, 10, 16, 11], [9, 14, 10, 15], [3, 8, 4, 9], [21, 17, 22, 16], [1, 19, 2, 18], [17, 1, 18, 22], [11, 2, 12, 3], [5, 20, 6, 21], [19, 6, 20, 7], [7, 13, 8, 12], [13, 5, 14, 4]]"
11a_253_157,"[[13, 5, 14, 4], [15, 10, 16, 11], [9, 14, 10, 15], [3, 8, 4, 9], [21, 17, 22, 16], [1, 19, 2, 18], [17, 1, 18, 22], [11, 2, 12, 3], [5, 20, 6, 21], [19, 6, 20, 7], [7, 13, 8, 12]]"
11a_253_158,"[[7, 13, 8, 12], [13, 5, 14, 4], [15, 10, 16, 11], [9, 14, 10, 15], [3, 8, 4, 9], [21, 17, 22, 16], [1, 19, 2, 18], [17, 1, 18, 22], [11, 2, 12, 3], [5, 20, 6, 21], [19, 6, 20, 7]]"
11a_253_159,"[[19, 6, 20, 7], [7, 13, 8, 12], [13, 5, 14, 4], [15, 10, 16, 11], [9, 14, 10, 15], [3, 8, 4, 9], [21, 17, 22, 16], [1, 19, 2, 18], [17, 1, 18, 22], [11, 2, 12, 3], [5, 20, 6, 21]]"
11a_253_160,"[[5, 20, 6, 21], [19, 6, 20, 7], [7, 13, 8, 12], [13, 5, 14, 4], [15, 10, 16, 11], [9, 14, 10, 15], [3, 8, 4, 9], [21, 17, 22, 16], [1, 19, 2, 18], [17, 1, 18, 22], [11, 2, 12, 3]]"
11a_253_161,"[[11, 2, 12, 3], [5, 20, 6, 21], [19, 6, 20, 7], [7, 13, 8, 12], [13, 5, 14, 4], [15, 10, 16, 11], [9, 14, 10, 15], [3, 8, 4, 9], [21, 17, 22, 16], [1, 19, 2, 18], [17, 1, 18, 22]]"
11a_253_162,"[[17, 1, 18, 22], [11, 2, 12, 3], [5, 20, 6, 21], [19, 6, 20, 7], [7, 13, 8, 12], [13, 5, 14, 4], [15, 10, 16, 11], [9, 14, 10, 15], [3, 8, 4, 9], [21, 17, 22, 16], [1, 19, 2, 18]]"
11a_253_163,"[[1, 19, 2, 18], [17, 1, 18, 22], [11, 2, 12, 3], [5, 20, 6, 21], [19, 6, 20, 7], [7, 13, 8, 12], [13, 5, 14, 4], [15, 10, 16, 11], [9, 14, 10, 15], [3, 8, 4, 9], [21, 17, 22, 16]]"
11a_253_164,"[[21, 17, 22, 16], [1, 19, 2, 18], [17, 1, 18, 22], [11, 2, 12, 3], [5, 20, 6, 21], [19, 6, 20, 7], [7, 13, 8, 12], [13, 5, 14, 4], [15, 10, 16, 11], [9, 14, 10, 15], [3, 8, 4, 9]]"
11a_253_165,"[[4, 9, 5, 10], [22, 18, 1, 17], [2, 20, 3, 19], [18, 2, 19, 1], [12, 3, 13, 4], [6, 21, 7, 22], [20, 7, 21, 8], [8, 14, 9, 13], [14, 6, 15, 5], [16, 11, 17, 12], [10, 15, 11, 16]]"
11a_253_166,"[[10, 15, 11, 16], [4, 9, 5, 10], [22, 18, 1, 17], [2, 20, 3, 19], [18, 2, 19, 1], [12, 3, 13, 4], [6, 21, 7, 22], [20, 7, 21, 8], [8, 14, 9, 13], [14, 6, 15, 5], [16, 11, 17, 12]]"
11a_253_167,"[[16, 11, 17, 12], [10, 15, 11, 16], [4, 9, 5, 10], [22, 18, 1, 17], [2, 20, 3, 19], [18, 2, 19, 1], [12, 3, 13, 4], [6, 21, 7, 22], [20, 7, 21, 8], [8, 14, 9, 13], [14, 6, 15, 5]]"
11a_253_168,"[[14, 6, 15, 5], [16, 11, 17, 12], [10, 15, 11, 16], [4, 9, 5, 10], [22, 18, 1, 17], [2, 20, 3, 19], [18, 2, 19, 1], [12, 3, 13, 4], [6, 21, 7, 22], [20, 7, 21, 8], [8, 14, 9, 13]]"
11a_253_169,"[[8, 14, 9, 13], [14, 6, 15, 5], [16, 11, 17, 12], [10, 15, 11, 16], [4, 9, 5, 10], [22, 18, 1, 17], [2, 20, 3, 19], [18, 2, 19, 1], [12, 3, 13, 4], [6, 21, 7, 22], [20, 7, 21, 8]]"
11a_253_170,"[[20, 7, 21, 8], [8, 14, 9, 13], [14, 6, 15, 5], [16, 11, 17, 12], [10, 15, 11, 16], [4, 9, 5, 10], [22, 18, 1, 17], [2, 20, 3, 19], [18, 2, 19, 1], [12, 3, 13, 4], [6, 21, 7, 22]]"
11a_253_171,"[[6, 21, 7, 22], [20, 7, 21, 8], [8, 14, 9, 13], [14, 6, 15, 5], [16, 11, 17, 12], [10, 15, 11, 16], [4, 9, 5, 10], [22, 18, 1, 17], [2, 20, 3, 19], [18, 2, 19, 1], [12, 3, 13, 4]]"
11a_253_172,"[[12, 3, 13, 4], [6, 21, 7, 22], [20, 7, 21, 8], [8, 14, 9, 13], [14, 6, 15, 5], [16, 11, 17, 12], [10, 15, 11, 16], [4, 9, 5, 10], [22, 18, 1, 17], [2, 20, 3, 19], [18, 2, 19, 1]]"
11a_253_173,"[[18, 2, 19, 1], [12, 3, 13, 4], [6, 21, 7, 22], [20, 7, 21, 8], [8, 14, 9, 13], [14, 6, 15, 5], [16, 11, 17, 12], [10, 15, 11, 16], [4, 9, 5, 10], [22, 18, 1, 17], [2, 20, 3, 19]]"
11a_253_174,"[[2, 20, 3, 19], [18, 2, 19, 1], [12, 3, 13, 4], [6, 21, 7, 22], [20, 7, 21, 8], [8, 14, 9, 13], [14, 6, 15, 5], [16, 11, 17, 12], [10, 15, 11, 16], [4, 9, 5, 10], [22, 18, 1, 17]]"
11a_253_175,"[[22, 18, 1, 17], [2, 20, 3, 19], [18, 2, 19, 1], [12, 3, 13, 4], [6, 21, 7, 22], [20, 7, 21, 8], [8, 14, 9, 13], [14, 6, 15, 5], [16, 11, 17, 12], [10, 15, 11, 16], [4, 9, 5, 10]]"
11a_253_176,"[[5, 10, 6, 11], [1, 19, 2, 18], [3, 21, 4, 20], [19, 3, 20, 2], [13, 4, 14, 5], [7, 22, 8, 1], [21, 8, 22, 9], [9, 15, 10, 14], [15, 7, 16, 6], [17, 12, 18, 13], [11, 16, 12, 17]]"
11a_253_177,"[[11, 16, 12, 17], [5, 10, 6, 11], [1, 19, 2, 18], [3, 21, 4, 20], [19, 3, 20, 2], [13, 4, 14, 5], [7, 22, 8, 1], [21, 8, 22, 9], [9, 15, 10, 14], [15, 7, 16, 6], [17, 12, 18, 13]]"
11a_253_178,"[[17, 12, 18, 13], [11, 16, 12, 17], [5, 10, 6, 11], [1, 19, 2, 18], [3, 21, 4, 20], [19, 3, 20, 2], [13, 4, 14, 5], [7, 22, 8, 1], [21, 8, 22, 9], [9, 15, 10, 14], [15, 7, 16, 6]]"
11a_253_179,"[[15, 7, 16, 6], [17, 12, 18, 13], [11, 16, 12, 17], [5, 10, 6, 11], [1, 19, 2, 18], [3, 21, 4, 20], [19, 3, 20, 2], [13, 4, 14, 5], [7, 22, 8, 1], [21, 8, 22, 9], [9, 15, 10, 14]]"
11a_253_180,"[[9, 15, 10, 14], [15, 7, 16, 6], [17, 12, 18, 13], [11, 16, 12, 17], [5, 10, 6, 11], [1, 19, 2, 18], [3, 21, 4, 20], [19, 3, 20, 2], [13, 4, 14, 5], [7, 22, 8, 1], [21, 8, 22, 9]]"
11a_253_181,"[[21, 8, 22, 9], [9, 15, 10, 14], [15, 7, 16, 6], [17, 12, 18, 13], [11, 16, 12, 17], [5, 10, 6, 11], [1, 19, 2, 18], [3, 21, 4, 20], [19, 3, 20, 2], [13, 4, 14, 5], [7, 22, 8, 1]]"
11a_253_182,"[[7, 22, 8, 1], [21, 8, 22, 9], [9, 15, 10, 14], [15, 7, 16, 6], [17, 12, 18, 13], [11, 16, 12, 17], [5, 10, 6, 11], [1, 19, 2, 18], [3, 21, 4, 20], [19, 3, 20, 2], [13, 4, 14, 5]]"
11a_253_183,"[[13, 4, 14, 5], [7, 22, 8, 1], [21, 8, 22, 9], [9, 15, 10, 14], [15, 7, 16, 6], [17, 12, 18, 13], [11, 16, 12, 17], [5, 10, 6, 11], [1, 19, 2, 18], [3, 21, 4, 20], [19, 3, 20, 2]]"
11a_253_184,"[[19, 3, 20, 2], [13, 4, 14, 5], [7, 22, 8, 1], [21, 8, 22, 9], [9, 15, 10, 14], [15, 7, 16, 6], [17, 12, 18, 13], [11, 16, 12, 17], [5, 10, 6, 11], [1, 19, 2, 18], [3, 21, 4, 20]]"
11a_253_185,"[[3, 21, 4, 20], [19, 3, 20, 2], [13, 4, 14, 5], [7, 22, 8, 1], [21, 8, 22, 9], [9, 15, 10, 14], [15, 7, 16, 6], [17, 12, 18, 13], [11, 16, 12, 17], [5, 10, 6, 11], [1, 19, 2, 18]]"
11a_253_186,"[[1, 19, 2, 18], [3, 21, 4, 20], [19, 3, 20, 2], [13, 4, 14, 5], [7, 22, 8, 1], [21, 8, 22, 9], [9, 15, 10, 14], [15, 7, 16, 6], [17, 12, 18, 13], [11, 16, 12, 17], [5, 10, 6, 11]]"
11a_253_187,"[[6, 11, 7, 12], [2, 20, 3, 19], [4, 22, 5, 21], [20, 4, 21, 3], [14, 5, 15, 6], [8, 1, 9, 2], [22, 9, 1, 10], [10, 16, 11, 15], [16, 8, 17, 7], [18, 13, 19, 14], [12, 17, 13, 18]]"
11a_253_188,"[[12, 17, 13, 18], [6, 11, 7, 12], [2, 20, 3, 19], [4, 22, 5, 21], [20, 4, 21, 3], [14, 5, 15, 6], [8, 1, 9, 2], [22, 9, 1, 10], [10, 16, 11, 15], [16, 8, 17, 7], [18, 13, 19, 14]]"
11a_253_189,"[[18, 13, 19, 14], [12, 17, 13, 18], [6, 11, 7, 12], [2, 20, 3, 19], [4, 22, 5, 21], [20, 4, 21, 3], [14, 5, 15, 6], [8, 1, 9, 2], [22, 9, 1, 10], [10, 16, 11, 15], [16, 8, 17, 7]]"
11a_253_190,"[[16, 8, 17, 7], [18, 13, 19, 14], [12, 17, 13, 18], [6, 11, 7, 12], [2, 20, 3, 19], [4, 22, 5, 21], [20, 4, 21, 3], [14, 5, 15, 6], [8, 1, 9, 2], [22, 9, 1, 10], [10, 16, 11, 15]]"
11a_253_191,"[[10, 16, 11, 15], [16, 8, 17, 7], [18, 13, 19, 14], [12, 17, 13, 18], [6, 11, 7, 12], [2, 20, 3, 19], [4, 22, 5, 21], [20, 4, 21, 3], [14, 5, 15, 6], [8, 1, 9, 2], [22, 9, 1, 10]]"
11a_253_192,"[[22, 9, 1, 10], [10, 16, 11, 15], [16, 8, 17, 7], [18, 13, 19, 14], [12, 17, 13, 18], [6, 11, 7, 12], [2, 20, 3, 19], [4, 22, 5, 21], [20, 4, 21, 3], [14, 5, 15, 6], [8, 1, 9, 2]]"
11a_253_193,"[[8, 1, 9, 2], [22, 9, 1, 10], [10, 16, 11, 15], [16, 8, 17, 7], [18, 13, 19, 14], [12, 17, 13, 18], [6, 11, 7, 12], [2, 20, 3, 19], [4, 22, 5, 21], [20, 4, 21, 3], [14, 5, 15, 6]]"
11a_253_194,"[[14, 5, 15, 6], [8, 1, 9, 2], [22, 9, 1, 10], [10, 16, 11, 15], [16, 8, 17, 7], [18, 13, 19, 14], [12, 17, 13, 18], [6, 11, 7, 12], [2, 20, 3, 19], [4, 22, 5, 21], [20, 4, 21, 3]]"
11a_253_195,"[[20, 4, 21, 3], [14, 5, 15, 6], [8, 1, 9, 2], [22, 9, 1, 10], [10, 16, 11, 15], [16, 8, 17, 7], [18, 13, 19, 14], [12, 17, 13, 18], [6, 11, 7, 12], [2, 20, 3, 19], [4, 22, 5, 21]]"
11a_253_196,"[[4, 22, 5, 21], [20, 4, 21, 3], [14, 5, 15, 6], [8, 1, 9, 2], [22, 9, 1, 10], [10, 16, 11, 15], [16, 8, 17, 7], [18, 13, 19, 14], [12, 17, 13, 18], [6, 11, 7, 12], [2, 20, 3, 19]]"
11a_253_197,"[[2, 20, 3, 19], [4, 22, 5, 21], [20, 4, 21, 3], [14, 5, 15, 6], [8, 1, 9, 2], [22, 9, 1, 10], [10, 16, 11, 15], [16, 8, 17, 7], [18, 13, 19, 14], [12, 17, 13, 18], [6, 11, 7, 12]]"
11a_253_198,"[[7, 12, 8, 13], [3, 21, 4, 20], [5, 1, 6, 22], [21, 5, 22, 4], [15, 6, 16, 7], [9, 2, 10, 3], [1, 10, 2, 11], [11, 17, 12, 16], [17, 9, 18, 8], [19, 14, 20, 15], [13, 18, 14, 19]]"
11a_253_199,"[[13, 18, 14, 19], [7, 12, 8, 13], [3, 21, 4, 20], [5, 1, 6, 22], [21, 5, 22, 4], [15, 6, 16, 7], [9, 2, 10, 3], [1, 10, 2, 11], [11, 17, 12, 16], [17, 9, 18, 8], [19, 14, 20, 15]]"
11a_253_200,"[[19, 14, 20, 15], [13, 18, 14, 19], [7, 12, 8, 13], [3, 21, 4, 20], [5, 1, 6, 22], [21, 5, 22, 4], [15, 6, 16, 7], [9, 2, 10, 3], [1, 10, 2, 11], [11, 17, 12, 16], [17, 9, 18, 8]]"
11a_253_201,"[[17, 9, 18, 8], [19, 14, 20, 15], [13, 18, 14, 19], [7, 12, 8, 13], [3, 21, 4, 20], [5, 1, 6, 22], [21, 5, 22, 4], [15, 6, 16, 7], [9, 2, 10, 3], [1, 10, 2, 11], [11, 17, 12, 16]]"
11a_253_202,"[[11, 17, 12, 16], [17, 9, 18, 8], [19, 14, 20, 15], [13, 18, 14, 19], [7, 12, 8, 13], [3, 21, 4, 20], [5, 1, 6, 22], [21, 5, 22, 4], [15, 6, 16, 7], [9, 2, 10, 3], [1, 10, 2, 11]]"
11a_253_203,"[[1, 10, 2, 11], [11, 17, 12, 16], [17, 9, 18, 8], [19, 14, 20, 15], [13, 18, 14, 19], [7, 12, 8, 13], [3, 21, 4, 20], [5, 1, 6, 22], [21, 5, 22, 4], [15, 6, 16, 7], [9, 2, 10, 3]]"
