name,pd_notation
11a_273_0,"[[1, 19, 2, 18], [7, 3, 8, 2], [17, 9, 18, 8], [11, 4, 12, 5], [21, 10, 22, 11], [19, 14, 20, 15], [13, 20, 14, 21], [3, 16, 4, 17], [9, 22, 10, 1], [15, 6, 16, 7], [5, 12, 6, 13]]"
11a_273_1,"[[5, 12, 6, 13], [1, 19, 2, 18], [7, 3, 8, 2], [17, 9, 18, 8], [11, 4, 12, 5], [21, 10, 22, 11], [19, 14, 20, 15], [13, 20, 14, 21], [3, 16, 4, 17], [9, 22, 10, 1], [15, 6, 16, 7]]"
11a_273_2,"[[15, 6, 16, 7], [5, 12, 6, 13], [1, 19, 2, 18], [7, 3, 8, 2], [17, 9, 18, 8], [11, 4, 12, 5], [21, 10, 22, 11], [19, 14, 20, 15], [13, 20, 14, 21], [3, 16, 4, 17], [9, 22, 10, 1]]"
11a_273_3,"[[9, 22, 10, 1], [15, 6, 16, 7], [5, 12, 6, 13], [1, 19, 2, 18], [7, 3, 8, 2], [17, 9, 18, 8], [11, 4, 12, 5], [21, 10, 22, 11], [19, 14, 20, 15], [13, 20, 14, 21], [3, 16, 4, 17]]"
11a_273_4,"[[3, 16, 4, 17], [9, 22, 10, 1], [15, 6, 16, 7], [5, 12, 6, 13], [1, 19, 2, 18], [7, 3, 8, 2], [17, 9, 18, 8], [11, 4, 12, 5], [21, 10, 22, 11], [19, 14, 20, 15], [13, 20, 14, 21]]"
11a_273_5,"[[13, 20, 14, 21], [3, 16, 4, 17], [9, 22, 10, 1], [15, 6, 16, 7], [5, 12, 6, 13], [1, 19, 2, 18], [7, 3, 8, 2], [17, 9, 18, 8], [11, 4, 12, 5], [21, 10, 22, 11], [19, 14, 20, 15]]"
11a_273_6,"[[19, 14, 20, 15], [13, 20, 14, 21], [3, 16, 4, 17], [9, 22, 10, 1], [15, 6, 16, 7], [5, 12, 6, 13], [1, 19, 2, 18], [7, 3, 8, 2], [17, 9, 18, 8], [11, 4, 12, 5], [21, 10, 22, 11]]"
11a_273_7,"[[21, 10, 22, 11], [19, 14, 20, 15], [13, 20, 14, 21], [3, 16, 4, 17], [9, 22, 10, 1], [15, 6, 16, 7], [5, 12, 6, 13], [1, 19, 2, 18], [7, 3, 8, 2], [17, 9, 18, 8], [11, 4, 12, 5]]"
11a_273_8,"[[11, 4, 12, 5], [21, 10, 22, 11], [19, 14, 20, 15], [13, 20, 14, 21], [3, 16, 4, 17], [9, 22, 10, 1], [15, 6, 16, 7], [5, 12, 6, 13], [1, 19, 2, 18], [7, 3, 8, 2], [17, 9, 18, 8]]"
11a_273_9,"[[17, 9, 18, 8], [11, 4, 12, 5], [21, 10, 22, 11], [19, 14, 20, 15], [13, 20, 14, 21], [3, 16, 4, 17], [9, 22, 10, 1], [15, 6, 16, 7], [5, 12, 6, 13], [1, 19, 2, 18], [7, 3, 8, 2]]"
11a_273_10,"[[7, 3, 8, 2], [17, 9, 18, 8], [11, 4, 12, 5], [21, 10, 22, 11], [19, 14, 20, 15], [13, 20, 14, 21], [3, 16, 4, 17], [9, 22, 10, 1], [15, 6, 16, 7], [5, 12, 6, 13], [1, 19, 2, 18]]"
11a_273_11,"[[2, 20, 3, 19], [8, 4, 9, 3], [18, 10, 19, 9], [12, 5, 13, 6], [22, 11, 1, 12], [20, 15, 21, 16], [14, 21, 15, 22], [4, 17, 5, 18], [10, 1, 11, 2], [16, 7, 17, 8], [6, 13, 7, 14]]"
11a_273_12,"[[6, 13, 7, 14], [2, 20, 3, 19], [8, 4, 9, 3], [18, 10, 19, 9], [12, 5, 13, 6], [22, 11, 1, 12], [20, 15, 21, 16], [14, 21, 15, 22], [4, 17, 5, 18], [10, 1, 11, 2], [16, 7, 17, 8]]"
11a_273_13,"[[16, 7, 17, 8], [6, 13, 7, 14], [2, 20, 3, 19], [8, 4, 9, 3], [18, 10, 19, 9], [12, 5, 13, 6], [22, 11, 1, 12], [20, 15, 21, 16], [14, 21, 15, 22], [4, 17, 5, 18], [10, 1, 11, 2]]"
11a_273_14,"[[10, 1, 11, 2], [16, 7, 17, 8], [6, 13, 7, 14], [2, 20, 3, 19], [8, 4, 9, 3], [18, 10, 19, 9], [12, 5, 13, 6], [22, 11, 1, 12], [20, 15, 21, 16], [14, 21, 15, 22], [4, 17, 5, 18]]"
11a_273_15,"[[4, 17, 5, 18], [10, 1, 11, 2], [16, 7, 17, 8], [6, 13, 7, 14], [2, 20, 3, 19], [8, 4, 9, 3], [18, 10, 19, 9], [12, 5, 13, 6], [22, 11, 1, 12], [20, 15, 21, 16], [14, 21, 15, 22]]"
11a_273_16,"[[14, 21, 15, 22], [4, 17, 5, 18], [10, 1, 11, 2], [16, 7, 17, 8], [6, 13, 7, 14], [2, 20, 3, 19], [8, 4, 9, 3], [18, 10, 19, 9], [12, 5, 13, 6], [22, 11, 1, 12], [20, 15, 21, 16]]"
11a_273_17,"[[20, 15, 21, 16], [14, 21, 15, 22], [4, 17, 5, 18], [10, 1, 11, 2], [16, 7, 17, 8], [6, 13, 7, 14], [2, 20, 3, 19], [8, 4, 9, 3], [18, 10, 19, 9], [12, 5, 13, 6], [22, 11, 1, 12]]"
11a_273_18,"[[22, 11, 1, 12], [20, 15, 21, 16], [14, 21, 15, 22], [4, 17, 5, 18], [10, 1, 11, 2], [16, 7, 17, 8], [6, 13, 7, 14], [2, 20, 3, 19], [8, 4, 9, 3], [18, 10, 19, 9], [12, 5, 13, 6]]"
11a_273_19,"[[12, 5, 13, 6], [22, 11, 1, 12], [20, 15, 21, 16], [14, 21, 15, 22], [4, 17, 5, 18], [10, 1, 11, 2], [16, 7, 17, 8], [6, 13, 7, 14], [2, 20, 3, 19], [8, 4, 9, 3], [18, 10, 19, 9]]"
11a_273_20,"[[18, 10, 19, 9], [12, 5, 13, 6], [22, 11, 1, 12], [20, 15, 21, 16], [14, 21, 15, 22], [4, 17, 5, 18], [10, 1, 11, 2], [16, 7, 17, 8], [6, 13, 7, 14], [2, 20, 3, 19], [8, 4, 9, 3]]"
11a_273_21,"[[8, 4, 9, 3], [18, 10, 19, 9], [12, 5, 13, 6], [22, 11, 1, 12], [20, 15, 21, 16], [14, 21, 15, 22], [4, 17, 5, 18], [10, 1, 11, 2], [16, 7, 17, 8], [6, 13, 7, 14], [2, 20, 3, 19]]"
11a_273_22,"[[3, 21, 4, 20], [9, 5, 10, 4], [19, 11, 20, 10], [13, 6, 14, 7], [1, 12, 2, 13], [21, 16, 22, 17], [15, 22, 16, 1], [5, 18, 6, 19], [11, 2, 12, 3], [17, 8, 18, 9], [7, 14, 8, 15]]"
11a_273_23,"[[7, 14, 8, 15], [3, 21, 4, 20], [9, 5, 10, 4], [19, 11, 20, 10], [13, 6, 14, 7], [1, 12, 2, 13], [21, 16, 22, 17], [15, 22, 16, 1], [5, 18, 6, 19], [11, 2, 12, 3], [17, 8, 18, 9]]"
11a_273_24,"[[17, 8, 18, 9], [7, 14, 8, 15], [3, 21, 4, 20], [9, 5, 10, 4], [19, 11, 20, 10], [13, 6, 14, 7], [1, 12, 2, 13], [21, 16, 22, 17], [15, 22, 16, 1], [5, 18, 6, 19], [11, 2, 12, 3]]"
11a_273_25,"[[11, 2, 12, 3], [17, 8, 18, 9], [7, 14, 8, 15], [3, 21, 4, 20], [9, 5, 10, 4], [19, 11, 20, 10], [13, 6, 14, 7], [1, 12, 2, 13], [21, 16, 22, 17], [15, 22, 16, 1], [5, 18, 6, 19]]"
11a_273_26,"[[5, 18, 6, 19], [11, 2, 12, 3], [17, 8, 18, 9], [7, 14, 8, 15], [3, 21, 4, 20], [9, 5, 10, 4], [19, 11, 20, 10], [13, 6, 14, 7], [1, 12, 2, 13], [21, 16, 22, 17], [15, 22, 16, 1]]"
11a_273_27,"[[15, 22, 16, 1], [5, 18, 6, 19], [11, 2, 12, 3], [17, 8, 18, 9], [7, 14, 8, 15], [3, 21, 4, 20], [9, 5, 10, 4], [19, 11, 20, 10], [13, 6, 14, 7], [1, 12, 2, 13], [21, 16, 22, 17]]"
11a_273_28,"[[21, 16, 22, 17], [15, 22, 16, 1], [5, 18, 6, 19], [11, 2, 12, 3], [17, 8, 18, 9], [7, 14, 8, 15], [3, 21, 4, 20], [9, 5, 10, 4], [19, 11, 20, 10], [13, 6, 14, 7], [1, 12, 2, 13]]"
11a_273_29,"[[1, 12, 2, 13], [21, 16, 22, 17], [15, 22, 16, 1], [5, 18, 6, 19], [11, 2, 12, 3], [17, 8, 18, 9], [7, 14, 8, 15], [3, 21, 4, 20], [9, 5, 10, 4], [19, 11, 20, 10], [13, 6, 14, 7]]"
11a_273_30,"[[13, 6, 14, 7], [1, 12, 2, 13], [21, 16, 22, 17], [15, 22, 16, 1], [5, 18, 6, 19], [11, 2, 12, 3], [17, 8, 18, 9], [7, 14, 8, 15], [3, 21, 4, 20], [9, 5, 10, 4], [19, 11, 20, 10]]"
11a_273_31,"[[19, 11, 20, 10], [13, 6, 14, 7], [1, 12, 2, 13], [21, 16, 22, 17], [15, 22, 16, 1], [5, 18, 6, 19], [11, 2, 12, 3], [17, 8, 18, 9], [7, 14, 8, 15], [3, 21, 4, 20], [9, 5, 10, 4]]"
11a_273_32,"[[9, 5, 10, 4], [19, 11, 20, 10], [13, 6, 14, 7], [1, 12, 2, 13], [21, 16, 22, 17], [15, 22, 16, 1], [5, 18, 6, 19], [11, 2, 12, 3], [17, 8, 18, 9], [7, 14, 8, 15], [3, 21, 4, 20]]"
11a_273_33,"[[4, 22, 5, 21], [10, 6, 11, 5], [20, 12, 21, 11], [14, 7, 15, 8], [2, 13, 3, 14], [22, 17, 1, 18], [16, 1, 17, 2], [6, 19, 7, 20], [12, 3, 13, 4], [18, 9, 19, 10], [8, 15, 9, 16]]"
11a_273_34,"[[8, 15, 9, 16], [4, 22, 5, 21], [10, 6, 11, 5], [20, 12, 21, 11], [14, 7, 15, 8], [2, 13, 3, 14], [22, 17, 1, 18], [16, 1, 17, 2], [6, 19, 7, 20], [12, 3, 13, 4], [18, 9, 19, 10]]"
11a_273_35,"[[18, 9, 19, 10], [8, 15, 9, 16], [4, 22, 5, 21], [10, 6, 11, 5], [20, 12, 21, 11], [14, 7, 15, 8], [2, 13, 3, 14], [22, 17, 1, 18], [16, 1, 17, 2], [6, 19, 7, 20], [12, 3, 13, 4]]"
11a_273_36,"[[12, 3, 13, 4], [18, 9, 19, 10], [8, 15, 9, 16], [4, 22, 5, 21], [10, 6, 11, 5], [20, 12, 21, 11], [14, 7, 15, 8], [2, 13, 3, 14], [22, 17, 1, 18], [16, 1, 17, 2], [6, 19, 7, 20]]"
11a_273_37,"[[6, 19, 7, 20], [12, 3, 13, 4], [18, 9, 19, 10], [8, 15, 9, 16], [4, 22, 5, 21], [10, 6, 11, 5], [20, 12, 21, 11], [14, 7, 15, 8], [2, 13, 3, 14], [22, 17, 1, 18], [16, 1, 17, 2]]"
11a_273_38,"[[16, 1, 17, 2], [6, 19, 7, 20], [12, 3, 13, 4], [18, 9, 19, 10], [8, 15, 9, 16], [4, 22, 5, 21], [10, 6, 11, 5], [20, 12, 21, 11], [14, 7, 15, 8], [2, 13, 3, 14], [22, 17, 1, 18]]"
11a_273_39,"[[22, 17, 1, 18], [16, 1, 17, 2], [6, 19, 7, 20], [12, 3, 13, 4], [18, 9, 19, 10], [8, 15, 9, 16], [4, 22, 5, 21], [10, 6, 11, 5], [20, 12, 21, 11], [14, 7, 15, 8], [2, 13, 3, 14]]"
11a_273_40,"[[2, 13, 3, 14], [22, 17, 1, 18], [16, 1, 17, 2], [6, 19, 7, 20], [12, 3, 13, 4], [18, 9, 19, 10], [8, 15, 9, 16], [4, 22, 5, 21], [10, 6, 11, 5], [20, 12, 21, 11], [14, 7, 15, 8]]"
11a_273_41,"[[14, 7, 15, 8], [2, 13, 3, 14], [22, 17, 1, 18], [16, 1, 17, 2], [6, 19, 7, 20], [12, 3, 13, 4], [18, 9, 19, 10], [8, 15, 9, 16], [4, 22, 5, 21], [10, 6, 11, 5], [20, 12, 21, 11]]"
11a_273_42,"[[20, 12, 21, 11], [14, 7, 15, 8], [2, 13, 3, 14], [22, 17, 1, 18], [16, 1, 17, 2], [6, 19, 7, 20], [12, 3, 13, 4], [18, 9, 19, 10], [8, 15, 9, 16], [4, 22, 5, 21], [10, 6, 11, 5]]"
11a_273_43,"[[10, 6, 11, 5], [20, 12, 21, 11], [14, 7, 15, 8], [2, 13, 3, 14], [22, 17, 1, 18], [16, 1, 17, 2], [6, 19, 7, 20], [12, 3, 13, 4], [18, 9, 19, 10], [8, 15, 9, 16], [4, 22, 5, 21]]"
11a_273_44,"[[5, 1, 6, 22], [11, 7, 12, 6], [21, 13, 22, 12], [15, 8, 16, 9], [3, 14, 4, 15], [1, 18, 2, 19], [17, 2, 18, 3], [7, 20, 8, 21], [13, 4, 14, 5], [19, 10, 20, 11], [9, 16, 10, 17]]"
11a_273_45,"[[9, 16, 10, 17], [5, 1, 6, 22], [11, 7, 12, 6], [21, 13, 22, 12], [15, 8, 16, 9], [3, 14, 4, 15], [1, 18, 2, 19], [17, 2, 18, 3], [7, 20, 8, 21], [13, 4, 14, 5], [19, 10, 20, 11]]"
11a_273_46,"[[19, 10, 20, 11], [9, 16, 10, 17], [5, 1, 6, 22], [11, 7, 12, 6], [21, 13, 22, 12], [15, 8, 16, 9], [3, 14, 4, 15], [1, 18, 2, 19], [17, 2, 18, 3], [7, 20, 8, 21], [13, 4, 14, 5]]"
11a_273_47,"[[13, 4, 14, 5], [19, 10, 20, 11], [9, 16, 10, 17], [5, 1, 6, 22], [11, 7, 12, 6], [21, 13, 22, 12], [15, 8, 16, 9], [3, 14, 4, 15], [1, 18, 2, 19], [17, 2, 18, 3], [7, 20, 8, 21]]"
11a_273_48,"[[7, 20, 8, 21], [13, 4, 14, 5], [19, 10, 20, 11], [9, 16, 10, 17], [5, 1, 6, 22], [11, 7, 12, 6], [21, 13, 22, 12], [15, 8, 16, 9], [3, 14, 4, 15], [1, 18, 2, 19], [17, 2, 18, 3]]"
11a_273_49,"[[17, 2, 18, 3], [7, 20, 8, 21], [13, 4, 14, 5], [19, 10, 20, 11], [9, 16, 10, 17], [5, 1, 6, 22], [11, 7, 12, 6], [21, 13, 22, 12], [15, 8, 16, 9], [3, 14, 4, 15], [1, 18, 2, 19]]"
11a_273_50,"[[1, 18, 2, 19], [17, 2, 18, 3], [7, 20, 8, 21], [13, 4, 14, 5], [19, 10, 20, 11], [9, 16, 10, 17], [5, 1, 6, 22], [11, 7, 12, 6], [21, 13, 22, 12], [15, 8, 16, 9], [3, 14, 4, 15]]"
11a_273_51,"[[3, 14, 4, 15], [1, 18, 2, 19], [17, 2, 18, 3], [7, 20, 8, 21], [13, 4, 14, 5], [19, 10, 20, 11], [9, 16, 10, 17], [5, 1, 6, 22], [11, 7, 12, 6], [21, 13, 22, 12], [15, 8, 16, 9]]"
11a_273_52,"[[15, 8, 16, 9], [3, 14, 4, 15], [1, 18, 2, 19], [17, 2, 18, 3], [7, 20, 8, 21], [13, 4, 14, 5], [19, 10, 20, 11], [9, 16, 10, 17], [5, 1, 6, 22], [11, 7, 12, 6], [21, 13, 22, 12]]"
11a_273_53,"[[21, 13, 22, 12], [15, 8, 16, 9], [3, 14, 4, 15], [1, 18, 2, 19], [17, 2, 18, 3], [7, 20, 8, 21], [13, 4, 14, 5], [19, 10, 20, 11], [9, 16, 10, 17], [5, 1, 6, 22], [11, 7, 12, 6]]"
11a_273_54,"[[11, 7, 12, 6], [21, 13, 22, 12], [15, 8, 16, 9], [3, 14, 4, 15], [1, 18, 2, 19], [17, 2, 18, 3], [7, 20, 8, 21], [13, 4, 14, 5], [19, 10, 20, 11], [9, 16, 10, 17], [5, 1, 6, 22]]"
11a_273_55,"[[6, 2, 7, 1], [12, 8, 13, 7], [22, 14, 1, 13], [16, 9, 17, 10], [4, 15, 5, 16], [2, 19, 3, 20], [18, 3, 19, 4], [8, 21, 9, 22], [14, 5, 15, 6], [20, 11, 21, 12], [10, 17, 11, 18]]"
11a_273_56,"[[10, 17, 11, 18], [6, 2, 7, 1], [12, 8, 13, 7], [22, 14, 1, 13], [16, 9, 17, 10], [4, 15, 5, 16], [2, 19, 3, 20], [18, 3, 19, 4], [8, 21, 9, 22], [14, 5, 15, 6], [20, 11, 21, 12]]"
11a_273_57,"[[20, 11, 21, 12], [10, 17, 11, 18], [6, 2, 7, 1], [12, 8, 13, 7], [22, 14, 1, 13], [16, 9, 17, 10], [4, 15, 5, 16], [2, 19, 3, 20], [18, 3, 19, 4], [8, 21, 9, 22], [14, 5, 15, 6]]"
11a_273_58,"[[14, 5, 15, 6], [20, 11, 21, 12], [10, 17, 11, 18], [6, 2, 7, 1], [12, 8, 13, 7], [22, 14, 1, 13], [16, 9, 17, 10], [4, 15, 5, 16], [2, 19, 3, 20], [18, 3, 19, 4], [8, 21, 9, 22]]"
11a_273_59,"[[8, 21, 9, 22], [14, 5, 15, 6], [20, 11, 21, 12], [10, 17, 11, 18], [6, 2, 7, 1], [12, 8, 13, 7], [22, 14, 1, 13], [16, 9, 17, 10], [4, 15, 5, 16], [2, 19, 3, 20], [18, 3, 19, 4]]"
11a_273_60,"[[18, 3, 19, 4], [8, 21, 9, 22], [14, 5, 15, 6], [20, 11, 21, 12], [10, 17, 11, 18], [6, 2, 7, 1], [12, 8, 13, 7], [22, 14, 1, 13], [16, 9, 17, 10], [4, 15, 5, 16], [2, 19, 3, 20]]"
11a_273_61,"[[2, 19, 3, 20], [18, 3, 19, 4], [8, 21, 9, 22], [14, 5, 15, 6], [20, 11, 21, 12], [10, 17, 11, 18], [6, 2, 7, 1], [12, 8, 13, 7], [22, 14, 1, 13], [16, 9, 17, 10], [4, 15, 5, 16]]"
11a_273_62,"[[4, 15, 5, 16], [2, 19, 3, 20], [18, 3, 19, 4], [8, 21, 9, 22], [14, 5, 15, 6], [20, 11, 21, 12], [10, 17, 11, 18], [6, 2, 7, 1], [12, 8, 13, 7], [22, 14, 1, 13], [16, 9, 17, 10]]"
11a_273_63,"[[16, 9, 17, 10], [4, 15, 5, 16], [2, 19, 3, 20], [18, 3, 19, 4], [8, 21, 9, 22], [14, 5, 15, 6], [20, 11, 21, 12], [10, 17, 11, 18], [6, 2, 7, 1], [12, 8, 13, 7], [22, 14, 1, 13]]"
11a_273_64,"[[22, 14, 1, 13], [16, 9, 17, 10], [4, 15, 5, 16], [2, 19, 3, 20], [18, 3, 19, 4], [8, 21, 9, 22], [14, 5, 15, 6], [20, 11, 21, 12], [10, 17, 11, 18], [6, 2, 7, 1], [12, 8, 13, 7]]"
11a_273_65,"[[12, 8, 13, 7], [22, 14, 1, 13], [16, 9, 17, 10], [4, 15, 5, 16], [2, 19, 3, 20], [18, 3, 19, 4], [8, 21, 9, 22], [14, 5, 15, 6], [20, 11, 21, 12], [10, 17, 11, 18], [6, 2, 7, 1]]"
11a_273_66,"[[7, 3, 8, 2], [13, 9, 14, 8], [1, 15, 2, 14], [17, 10, 18, 11], [5, 16, 6, 17], [3, 20, 4, 21], [19, 4, 20, 5], [9, 22, 10, 1], [15, 6, 16, 7], [21, 12, 22, 13], [11, 18, 12, 19]]"
11a_273_67,"[[11, 18, 12, 19], [7, 3, 8, 2], [13, 9, 14, 8], [1, 15, 2, 14], [17, 10, 18, 11], [5, 16, 6, 17], [3, 20, 4, 21], [19, 4, 20, 5], [9, 22, 10, 1], [15, 6, 16, 7], [21, 12, 22, 13]]"
11a_273_68,"[[21, 12, 22, 13], [11, 18, 12, 19], [7, 3, 8, 2], [13, 9, 14, 8], [1, 15, 2, 14], [17, 10, 18, 11], [5, 16, 6, 17], [3, 20, 4, 21], [19, 4, 20, 5], [9, 22, 10, 1], [15, 6, 16, 7]]"
11a_273_69,"[[15, 6, 16, 7], [21, 12, 22, 13], [11, 18, 12, 19], [7, 3, 8, 2], [13, 9, 14, 8], [1, 15, 2, 14], [17, 10, 18, 11], [5, 16, 6, 17], [3, 20, 4, 21], [19, 4, 20, 5], [9, 22, 10, 1]]"
11a_273_70,"[[9, 22, 10, 1], [15, 6, 16, 7], [21, 12, 22, 13], [11, 18, 12, 19], [7, 3, 8, 2], [13, 9, 14, 8], [1, 15, 2, 14], [17, 10, 18, 11], [5, 16, 6, 17], [3, 20, 4, 21], [19, 4, 20, 5]]"
11a_273_71,"[[19, 4, 20, 5], [9, 22, 10, 1], [15, 6, 16, 7], [21, 12, 22, 13], [11, 18, 12, 19], [7, 3, 8, 2], [13, 9, 14, 8], [1, 15, 2, 14], [17, 10, 18, 11], [5, 16, 6, 17], [3, 20, 4, 21]]"
11a_273_72,"[[3, 20, 4, 21], [19, 4, 20, 5], [9, 22, 10, 1], [15, 6, 16, 7], [21, 12, 22, 13], [11, 18, 12, 19], [7, 3, 8, 2], [13, 9, 14, 8], [1, 15, 2, 14], [17, 10, 18, 11], [5, 16, 6, 17]]"
11a_273_73,"[[5, 16, 6, 17], [3, 20, 4, 21], [19, 4, 20, 5], [9, 22, 10, 1], [15, 6, 16, 7], [21, 12, 22, 13], [11, 18, 12, 19], [7, 3, 8, 2], [13, 9, 14, 8], [1, 15, 2, 14], [17, 10, 18, 11]]"
11a_273_74,"[[17, 10, 18, 11], [5, 16, 6, 17], [3, 20, 4, 21], [19, 4, 20, 5], [9, 22, 10, 1], [15, 6, 16, 7], [21, 12, 22, 13], [11, 18, 12, 19], [7, 3, 8, 2], [13, 9, 14, 8], [1, 15, 2, 14]]"
11a_273_75,"[[1, 15, 2, 14], [17, 10, 18, 11], [5, 16, 6, 17], [3, 20, 4, 21], [19, 4, 20, 5], [9, 22, 10, 1], [15, 6, 16, 7], [21, 12, 22, 13], [11, 18, 12, 19], [7, 3, 8, 2], [13, 9, 14, 8]]"
11a_273_76,"[[13, 9, 14, 8], [1, 15, 2, 14], [17, 10, 18, 11], [5, 16, 6, 17], [3, 20, 4, 21], [19, 4, 20, 5], [9, 22, 10, 1], [15, 6, 16, 7], [21, 12, 22, 13], [11, 18, 12, 19], [7, 3, 8, 2]]"
11a_273_77,"[[8, 4, 9, 3], [14, 10, 15, 9], [2, 16, 3, 15], [18, 11, 19, 12], [6, 17, 7, 18], [4, 21, 5, 22], [20, 5, 21, 6], [10, 1, 11, 2], [16, 7, 17, 8], [22, 13, 1, 14], [12, 19, 13, 20]]"
11a_273_78,"[[12, 19, 13, 20], [8, 4, 9, 3], [14, 10, 15, 9], [2, 16, 3, 15], [18, 11, 19, 12], [6, 17, 7, 18], [4, 21, 5, 22], [20, 5, 21, 6], [10, 1, 11, 2], [16, 7, 17, 8], [22, 13, 1, 14]]"
11a_273_79,"[[22, 13, 1, 14], [12, 19, 13, 20], [8, 4, 9, 3], [14, 10, 15, 9], [2, 16, 3, 15], [18, 11, 19, 12], [6, 17, 7, 18], [4, 21, 5, 22], [20, 5, 21, 6], [10, 1, 11, 2], [16, 7, 17, 8]]"
11a_273_80,"[[16, 7, 17, 8], [22, 13, 1, 14], [12, 19, 13, 20], [8, 4, 9, 3], [14, 10, 15, 9], [2, 16, 3, 15], [18, 11, 19, 12], [6, 17, 7, 18], [4, 21, 5, 22], [20, 5, 21, 6], [10, 1, 11, 2]]"
11a_273_81,"[[10, 1, 11, 2], [16, 7, 17, 8], [22, 13, 1, 14], [12, 19, 13, 20], [8, 4, 9, 3], [14, 10, 15, 9], [2, 16, 3, 15], [18, 11, 19, 12], [6, 17, 7, 18], [4, 21, 5, 22], [20, 5, 21, 6]]"
11a_273_82,"[[20, 5, 21, 6], [10, 1, 11, 2], [16, 7, 17, 8], [22, 13, 1, 14], [12, 19, 13, 20], [8, 4, 9, 3], [14, 10, 15, 9], [2, 16, 3, 15], [18, 11, 19, 12], [6, 17, 7, 18], [4, 21, 5, 22]]"
11a_273_83,"[[4, 21, 5, 22], [20, 5, 21, 6], [10, 1, 11, 2], [16, 7, 17, 8], [22, 13, 1, 14], [12, 19, 13, 20], [8, 4, 9, 3], [14, 10, 15, 9], [2, 16, 3, 15], [18, 11, 19, 12], [6, 17, 7, 18]]"
11a_273_84,"[[6, 17, 7, 18], [4, 21, 5, 22], [20, 5, 21, 6], [10, 1, 11, 2], [16, 7, 17, 8], [22, 13, 1, 14], [12, 19, 13, 20], [8, 4, 9, 3], [14, 10, 15, 9], [2, 16, 3, 15], [18, 11, 19, 12]]"
11a_273_85,"[[18, 11, 19, 12], [6, 17, 7, 18], [4, 21, 5, 22], [20, 5, 21, 6], [10, 1, 11, 2], [16, 7, 17, 8], [22, 13, 1, 14], [12, 19, 13, 20], [8, 4, 9, 3], [14, 10, 15, 9], [2, 16, 3, 15]]"
11a_273_86,"[[2, 16, 3, 15], [18, 11, 19, 12], [6, 17, 7, 18], [4, 21, 5, 22], [20, 5, 21, 6], [10, 1, 11, 2], [16, 7, 17, 8], [22, 13, 1, 14], [12, 19, 13, 20], [8, 4, 9, 3], [14, 10, 15, 9]]"
11a_273_87,"[[14, 10, 15, 9], [2, 16, 3, 15], [18, 11, 19, 12], [6, 17, 7, 18], [4, 21, 5, 22], [20, 5, 21, 6], [10, 1, 11, 2], [16, 7, 17, 8], [22, 13, 1, 14], [12, 19, 13, 20], [8, 4, 9, 3]]"
11a_273_88,"[[9, 5, 10, 4], [15, 11, 16, 10], [3, 17, 4, 16], [19, 12, 20, 13], [7, 18, 8, 19], [5, 22, 6, 1], [21, 6, 22, 7], [11, 2, 12, 3], [17, 8, 18, 9], [1, 14, 2, 15], [13, 20, 14, 21]]"
11a_273_89,"[[13, 20, 14, 21], [9, 5, 10, 4], [15, 11, 16, 10], [3, 17, 4, 16], [19, 12, 20, 13], [7, 18, 8, 19], [5, 22, 6, 1], [21, 6, 22, 7], [11, 2, 12, 3], [17, 8, 18, 9], [1, 14, 2, 15]]"
11a_273_90,"[[1, 14, 2, 15], [13, 20, 14, 21], [9, 5, 10, 4], [15, 11, 16, 10], [3, 17, 4, 16], [19, 12, 20, 13], [7, 18, 8, 19], [5, 22, 6, 1], [21, 6, 22, 7], [11, 2, 12, 3], [17, 8, 18, 9]]"
11a_273_91,"[[17, 8, 18, 9], [1, 14, 2, 15], [13, 20, 14, 21], [9, 5, 10, 4], [15, 11, 16, 10], [3, 17, 4, 16], [19, 12, 20, 13], [7, 18, 8, 19], [5, 22, 6, 1], [21, 6, 22, 7], [11, 2, 12, 3]]"
11a_273_92,"[[11, 2, 12, 3], [17, 8, 18, 9], [1, 14, 2, 15], [13, 20, 14, 21], [9, 5, 10, 4], [15, 11, 16, 10], [3, 17, 4, 16], [19, 12, 20, 13], [7, 18, 8, 19], [5, 22, 6, 1], [21, 6, 22, 7]]"
11a_273_93,"[[21, 6, 22, 7], [11, 2, 12, 3], [17, 8, 18, 9], [1, 14, 2, 15], [13, 20, 14, 21], [9, 5, 10, 4], [15, 11, 16, 10], [3, 17, 4, 16], [19, 12, 20, 13], [7, 18, 8, 19], [5, 22, 6, 1]]"
11a_273_94,"[[5, 22, 6, 1], [21, 6, 22, 7], [11, 2, 12, 3], [17, 8, 18, 9], [1, 14, 2, 15], [13, 20, 14, 21], [9, 5, 10, 4], [15, 11, 16, 10], [3, 17, 4, 16], [19, 12, 20, 13], [7, 18, 8, 19]]"
11a_273_95,"[[7, 18, 8, 19], [5, 22, 6, 1], [21, 6, 22, 7], [11, 2, 12, 3], [17, 8, 18, 9], [1, 14, 2, 15], [13, 20, 14, 21], [9, 5, 10, 4], [15, 11, 16, 10], [3, 17, 4, 16], [19, 12, 20, 13]]"
11a_273_96,"[[19, 12, 20, 13], [7, 18, 8, 19], [5, 22, 6, 1], [21, 6, 22, 7], [11, 2, 12, 3], [17, 8, 18, 9], [1, 14, 2, 15], [13, 20, 14, 21], [9, 5, 10, 4], [15, 11, 16, 10], [3, 17, 4, 16]]"
11a_273_97,"[[3, 17, 4, 16], [19, 12, 20, 13], [7, 18, 8, 19], [5, 22, 6, 1], [21, 6, 22, 7], [11, 2, 12, 3], [17, 8, 18, 9], [1, 14, 2, 15], [13, 20, 14, 21], [9, 5, 10, 4], [15, 11, 16, 10]]"
11a_273_98,"[[15, 11, 16, 10], [3, 17, 4, 16], [19, 12, 20, 13], [7, 18, 8, 19], [5, 22, 6, 1], [21, 6, 22, 7], [11, 2, 12, 3], [17, 8, 18, 9], [1, 14, 2, 15], [13, 20, 14, 21], [9, 5, 10, 4]]"
11a_273_99,"[[10, 6, 11, 5], [16, 12, 17, 11], [4, 18, 5, 17], [20, 13, 21, 14], [8, 19, 9, 20], [6, 1, 7, 2], [22, 7, 1, 8], [12, 3, 13, 4], [18, 9, 19, 10], [2, 15, 3, 16], [14, 21, 15, 22]]"
11a_273_100,"[[14, 21, 15, 22], [10, 6, 11, 5], [16, 12, 17, 11], [4, 18, 5, 17], [20, 13, 21, 14], [8, 19, 9, 20], [6, 1, 7, 2], [22, 7, 1, 8], [12, 3, 13, 4], [18, 9, 19, 10], [2, 15, 3, 16]]"
11a_273_101,"[[2, 15, 3, 16], [14, 21, 15, 22], [10, 6, 11, 5], [16, 12, 17, 11], [4, 18, 5, 17], [20, 13, 21, 14], [8, 19, 9, 20], [6, 1, 7, 2], [22, 7, 1, 8], [12, 3, 13, 4], [18, 9, 19, 10]]"
11a_273_102,"[[18, 9, 19, 10], [2, 15, 3, 16], [14, 21, 15, 22], [10, 6, 11, 5], [16, 12, 17, 11], [4, 18, 5, 17], [20, 13, 21, 14], [8, 19, 9, 20], [6, 1, 7, 2], [22, 7, 1, 8], [12, 3, 13, 4]]"
11a_273_103,"[[12, 3, 13, 4], [18, 9, 19, 10], [2, 15, 3, 16], [14, 21, 15, 22], [10, 6, 11, 5], [16, 12, 17, 11], [4, 18, 5, 17], [20, 13, 21, 14], [8, 19, 9, 20], [6, 1, 7, 2], [22, 7, 1, 8]]"
11a_273_104,"[[22, 7, 1, 8], [12, 3, 13, 4], [18, 9, 19, 10], [2, 15, 3, 16], [14, 21, 15, 22], [10, 6, 11, 5], [16, 12, 17, 11], [4, 18, 5, 17], [20, 13, 21, 14], [8, 19, 9, 20], [6, 1, 7, 2]]"
11a_273_105,"[[6, 1, 7, 2], [22, 7, 1, 8], [12, 3, 13, 4], [18, 9, 19, 10], [2, 15, 3, 16], [14, 21, 15, 22], [10, 6, 11, 5], [16, 12, 17, 11], [4, 18, 5, 17], [20, 13, 21, 14], [8, 19, 9, 20]]"
11a_273_106,"[[8, 19, 9, 20], [6, 1, 7, 2], [22, 7, 1, 8], [12, 3, 13, 4], [18, 9, 19, 10], [2, 15, 3, 16], [14, 21, 15, 22], [10, 6, 11, 5], [16, 12, 17, 11], [4, 18, 5, 17], [20, 13, 21, 14]]"
11a_273_107,"[[20, 13, 21, 14], [8, 19, 9, 20], [6, 1, 7, 2], [22, 7, 1, 8], [12, 3, 13, 4], [18, 9, 19, 10], [2, 15, 3, 16], [14, 21, 15, 22], [10, 6, 11, 5], [16, 12, 17, 11], [4, 18, 5, 17]]"
11a_273_108,"[[4, 18, 5, 17], [20, 13, 21, 14], [8, 19, 9, 20], [6, 1, 7, 2], [22, 7, 1, 8], [12, 3, 13, 4], [18, 9, 19, 10], [2, 15, 3, 16], [14, 21, 15, 22], [10, 6, 11, 5], [16, 12, 17, 11]]"
11a_273_109,"[[16, 12, 17, 11], [4, 18, 5, 17], [20, 13, 21, 14], [8, 19, 9, 20], [6, 1, 7, 2], [22, 7, 1, 8], [12, 3, 13, 4], [18, 9, 19, 10], [2, 15, 3, 16], [14, 21, 15, 22], [10, 6, 11, 5]]"
11a_273_110,"[[11, 7, 12, 6], [17, 13, 18, 12], [5, 19, 6, 18], [21, 14, 22, 15], [9, 20, 10, 21], [7, 2, 8, 3], [1, 8, 2, 9], [13, 4, 14, 5], [19, 10, 20, 11], [3, 16, 4, 17], [15, 22, 16, 1]]"
11a_273_111,"[[15, 22, 16, 1], [11, 7, 12, 6], [17, 13, 18, 12], [5, 19, 6, 18], [21, 14, 22, 15], [9, 20, 10, 21], [7, 2, 8, 3], [1, 8, 2, 9], [13, 4, 14, 5], [19, 10, 20, 11], [3, 16, 4, 17]]"
11a_273_112,"[[3, 16, 4, 17], [15, 22, 16, 1], [11, 7, 12, 6], [17, 13, 18, 12], [5, 19, 6, 18], [21, 14, 22, 15], [9, 20, 10, 21], [7, 2, 8, 3], [1, 8, 2, 9], [13, 4, 14, 5], [19, 10, 20, 11]]"
11a_273_113,"[[19, 10, 20, 11], [3, 16, 4, 17], [15, 22, 16, 1], [11, 7, 12, 6], [17, 13, 18, 12], [5, 19, 6, 18], [21, 14, 22, 15], [9, 20, 10, 21], [7, 2, 8, 3], [1, 8, 2, 9], [13, 4, 14, 5]]"
11a_273_114,"[[13, 4, 14, 5], [19, 10, 20, 11], [3, 16, 4, 17], [15, 22, 16, 1], [11, 7, 12, 6], [17, 13, 18, 12], [5, 19, 6, 18], [21, 14, 22, 15], [9, 20, 10, 21], [7, 2, 8, 3], [1, 8, 2, 9]]"
11a_273_115,"[[1, 8, 2, 9], [13, 4, 14, 5], [19, 10, 20, 11], [3, 16, 4, 17], [15, 22, 16, 1], [11, 7, 12, 6], [17, 13, 18, 12], [5, 19, 6, 18], [21, 14, 22, 15], [9, 20, 10, 21], [7, 2, 8, 3]]"
11a_273_116,"[[7, 2, 8, 3], [1, 8, 2, 9], [13, 4, 14, 5], [19, 10, 20, 11], [3, 16, 4, 17], [15, 22, 16, 1], [11, 7, 12, 6], [17, 13, 18, 12], [5, 19, 6, 18], [21, 14, 22, 15], [9, 20, 10, 21]]"
11a_273_117,"[[9, 20, 10, 21], [7, 2, 8, 3], [1, 8, 2, 9], [13, 4, 14, 5], [19, 10, 20, 11], [3, 16, 4, 17], [15, 22, 16, 1], [11, 7, 12, 6], [17, 13, 18, 12], [5, 19, 6, 18], [21, 14, 22, 15]]"
11a_273_118,"[[21, 14, 22, 15], [9, 20, 10, 21], [7, 2, 8, 3], [1, 8, 2, 9], [13, 4, 14, 5], [19, 10, 20, 11], [3, 16, 4, 17], [15, 22, 16, 1], [11, 7, 12, 6], [17, 13, 18, 12], [5, 19, 6, 18]]"
11a_273_119,"[[5, 19, 6, 18], [21, 14, 22, 15], [9, 20, 10, 21], [7, 2, 8, 3], [1, 8, 2, 9], [13, 4, 14, 5], [19, 10, 20, 11], [3, 16, 4, 17], [15, 22, 16, 1], [11, 7, 12, 6], [17, 13, 18, 12]]"
11a_273_120,"[[17, 13, 18, 12], [5, 19, 6, 18], [21, 14, 22, 15], [9, 20, 10, 21], [7, 2, 8, 3], [1, 8, 2, 9], [13, 4, 14, 5], [19, 10, 20, 11], [3, 16, 4, 17], [15, 22, 16, 1], [11, 7, 12, 6]]"
11a_273_121,"[[12, 8, 13, 7], [18, 14, 19, 13], [6, 20, 7, 19], [22, 15, 1, 16], [10, 21, 11, 22], [8, 3, 9, 4], [2, 9, 3, 10], [14, 5, 15, 6], [20, 11, 21, 12], [4, 17, 5, 18], [16, 1, 17, 2]]"
11a_273_122,"[[16, 1, 17, 2], [12, 8, 13, 7], [18, 14, 19, 13], [6, 20, 7, 19], [22, 15, 1, 16], [10, 21, 11, 22], [8, 3, 9, 4], [2, 9, 3, 10], [14, 5, 15, 6], [20, 11, 21, 12], [4, 17, 5, 18]]"
11a_273_123,"[[4, 17, 5, 18], [16, 1, 17, 2], [12, 8, 13, 7], [18, 14, 19, 13], [6, 20, 7, 19], [22, 15, 1, 16], [10, 21, 11, 22], [8, 3, 9, 4], [2, 9, 3, 10], [14, 5, 15, 6], [20, 11, 21, 12]]"
11a_273_124,"[[20, 11, 21, 12], [4, 17, 5, 18], [16, 1, 17, 2], [12, 8, 13, 7], [18, 14, 19, 13], [6, 20, 7, 19], [22, 15, 1, 16], [10, 21, 11, 22], [8, 3, 9, 4], [2, 9, 3, 10], [14, 5, 15, 6]]"
11a_273_125,"[[14, 5, 15, 6], [20, 11, 21, 12], [4, 17, 5, 18], [16, 1, 17, 2], [12, 8, 13, 7], [18, 14, 19, 13], [6, 20, 7, 19], [22, 15, 1, 16], [10, 21, 11, 22], [8, 3, 9, 4], [2, 9, 3, 10]]"
11a_273_126,"[[2, 9, 3, 10], [14, 5, 15, 6], [20, 11, 21, 12], [4, 17, 5, 18], [16, 1, 17, 2], [12, 8, 13, 7], [18, 14, 19, 13], [6, 20, 7, 19], [22, 15, 1, 16], [10, 21, 11, 22], [8, 3, 9, 4]]"
11a_273_127,"[[8, 3, 9, 4], [2, 9, 3, 10], [14, 5, 15, 6], [20, 11, 21, 12], [4, 17, 5, 18], [16, 1, 17, 2], [12, 8, 13, 7], [18, 14, 19, 13], [6, 20, 7, 19], [22, 15, 1, 16], [10, 21, 11, 22]]"
11a_273_128,"[[10, 21, 11, 22], [8, 3, 9, 4], [2, 9, 3, 10], [14, 5, 15, 6], [20, 11, 21, 12], [4, 17, 5, 18], [16, 1, 17, 2], [12, 8, 13, 7], [18, 14, 19, 13], [6, 20, 7, 19], [22, 15, 1, 16]]"
11a_273_129,"[[22, 15, 1, 16], [10, 21, 11, 22], [8, 3, 9, 4], [2, 9, 3, 10], [14, 5, 15, 6], [20, 11, 21, 12], [4, 17, 5, 18], [16, 1, 17, 2], [12, 8, 13, 7], [18, 14, 19, 13], [6, 20, 7, 19]]"
11a_273_130,"[[6, 20, 7, 19], [22, 15, 1, 16], [10, 21, 11, 22], [8, 3, 9, 4], [2, 9, 3, 10], [14, 5, 15, 6], [20, 11, 21, 12], [4, 17, 5, 18], [16, 1, 17, 2], [12, 8, 13, 7], [18, 14, 19, 13]]"
11a_273_131,"[[18, 14, 19, 13], [6, 20, 7, 19], [22, 15, 1, 16], [10, 21, 11, 22], [8, 3, 9, 4], [2, 9, 3, 10], [14, 5, 15, 6], [20, 11, 21, 12], [4, 17, 5, 18], [16, 1, 17, 2], [12, 8, 13, 7]]"
11a_273_132,"[[13, 9, 14, 8], [19, 15, 20, 14], [7, 21, 8, 20], [1, 16, 2, 17], [11, 22, 12, 1], [9, 4, 10, 5], [3, 10, 4, 11], [15, 6, 16, 7], [21, 12, 22, 13], [5, 18, 6, 19], [17, 2, 18, 3]]"
11a_273_133,"[[17, 2, 18, 3], [13, 9, 14, 8], [19, 15, 20, 14], [7, 21, 8, 20], [1, 16, 2, 17], [11, 22, 12, 1], [9, 4, 10, 5], [3, 10, 4, 11], [15, 6, 16, 7], [21, 12, 22, 13], [5, 18, 6, 19]]"
11a_273_134,"[[5, 18, 6, 19], [17, 2, 18, 3], [13, 9, 14, 8], [19, 15, 20, 14], [7, 21, 8, 20], [1, 16, 2, 17], [11, 22, 12, 1], [9, 4, 10, 5], [3, 10, 4, 11], [15, 6, 16, 7], [21, 12, 22, 13]]"
11a_273_135,"[[21, 12, 22, 13], [5, 18, 6, 19], [17, 2, 18, 3], [13, 9, 14, 8], [19, 15, 20, 14], [7, 21, 8, 20], [1, 16, 2, 17], [11, 22, 12, 1], [9, 4, 10, 5], [3, 10, 4, 11], [15, 6, 16, 7]]"
11a_273_136,"[[15, 6, 16, 7], [21, 12, 22, 13], [5, 18, 6, 19], [17, 2, 18, 3], [13, 9, 14, 8], [19, 15, 20, 14], [7, 21, 8, 20], [1, 16, 2, 17], [11, 22, 12, 1], [9, 4, 10, 5], [3, 10, 4, 11]]"
11a_273_137,"[[3, 10, 4, 11], [15, 6, 16, 7], [21, 12, 22, 13], [5, 18, 6, 19], [17, 2, 18, 3], [13, 9, 14, 8], [19, 15, 20, 14], [7, 21, 8, 20], [1, 16, 2, 17], [11, 22, 12, 1], [9, 4, 10, 5]]"
11a_273_138,"[[9, 4, 10, 5], [3, 10, 4, 11], [15, 6, 16, 7], [21, 12, 22, 13], [5, 18, 6, 19], [17, 2, 18, 3], [13, 9, 14, 8], [19, 15, 20, 14], [7, 21, 8, 20], [1, 16, 2, 17], [11, 22, 12, 1]]"
11a_273_139,"[[11, 22, 12, 1], [9, 4, 10, 5], [3, 10, 4, 11], [15, 6, 16, 7], [21, 12, 22, 13], [5, 18, 6, 19], [17, 2, 18, 3], [13, 9, 14, 8], [19, 15, 20, 14], [7, 21, 8, 20], [1, 16, 2, 17]]"
11a_273_140,"[[1, 16, 2, 17], [11, 22, 12, 1], [9, 4, 10, 5], [3, 10, 4, 11], [15, 6, 16, 7], [21, 12, 22, 13], [5, 18, 6, 19], [17, 2, 18, 3], [13, 9, 14, 8], [19, 15, 20, 14], [7, 21, 8, 20]]"
11a_273_141,"[[7, 21, 8, 20], [1, 16, 2, 17], [11, 22, 12, 1], [9, 4, 10, 5], [3, 10, 4, 11], [15, 6, 16, 7], [21, 12, 22, 13], [5, 18, 6, 19], [17, 2, 18, 3], [13, 9, 14, 8], [19, 15, 20, 14]]"
11a_273_142,"[[19, 15, 20, 14], [7, 21, 8, 20], [1, 16, 2, 17], [11, 22, 12, 1], [9, 4, 10, 5], [3, 10, 4, 11], [15, 6, 16, 7], [21, 12, 22, 13], [5, 18, 6, 19], [17, 2, 18, 3], [13, 9, 14, 8]]"
11a_273_143,"[[14, 10, 15, 9], [20, 16, 21, 15], [8, 22, 9, 21], [2, 17, 3, 18], [12, 1, 13, 2], [10, 5, 11, 6], [4, 11, 5, 12], [16, 7, 17, 8], [22, 13, 1, 14], [6, 19, 7, 20], [18, 3, 19, 4]]"
11a_273_144,"[[18, 3, 19, 4], [14, 10, 15, 9], [20, 16, 21, 15], [8, 22, 9, 21], [2, 17, 3, 18], [12, 1, 13, 2], [10, 5, 11, 6], [4, 11, 5, 12], [16, 7, 17, 8], [22, 13, 1, 14], [6, 19, 7, 20]]"
11a_273_145,"[[6, 19, 7, 20], [18, 3, 19, 4], [14, 10, 15, 9], [20, 16, 21, 15], [8, 22, 9, 21], [2, 17, 3, 18], [12, 1, 13, 2], [10, 5, 11, 6], [4, 11, 5, 12], [16, 7, 17, 8], [22, 13, 1, 14]]"
11a_273_146,"[[22, 13, 1, 14], [6, 19, 7, 20], [18, 3, 19, 4], [14, 10, 15, 9], [20, 16, 21, 15], [8, 22, 9, 21], [2, 17, 3, 18], [12, 1, 13, 2], [10, 5, 11, 6], [4, 11, 5, 12], [16, 7, 17, 8]]"
11a_273_147,"[[16, 7, 17, 8], [22, 13, 1, 14], [6, 19, 7, 20], [18, 3, 19, 4], [14, 10, 15, 9], [20, 16, 21, 15], [8, 22, 9, 21], [2, 17, 3, 18], [12, 1, 13, 2], [10, 5, 11, 6], [4, 11, 5, 12]]"
11a_273_148,"[[4, 11, 5, 12], [16, 7, 17, 8], [22, 13, 1, 14], [6, 19, 7, 20], [18, 3, 19, 4], [14, 10, 15, 9], [20, 16, 21, 15], [8, 22, 9, 21], [2, 17, 3, 18], [12, 1, 13, 2], [10, 5, 11, 6]]"
11a_273_149,"[[10, 5, 11, 6], [4, 11, 5, 12], [16, 7, 17, 8], [22, 13, 1, 14], [6, 19, 7, 20], [18, 3, 19, 4], [14, 10, 15, 9], [20, 16, 21, 15], [8, 22, 9, 21], [2, 17, 3, 18], [12, 1, 13, 2]]"
11a_273_150,"[[12, 1, 13, 2], [10, 5, 11, 6], [4, 11, 5, 12], [16, 7, 17, 8], [22, 13, 1, 14], [6, 19, 7, 20], [18, 3, 19, 4], [14, 10, 15, 9], [20, 16, 21, 15], [8, 22, 9, 21], [2, 17, 3, 18]]"
11a_273_151,"[[2, 17, 3, 18], [12, 1, 13, 2], [10, 5, 11, 6], [4, 11, 5, 12], [16, 7, 17, 8], [22, 13, 1, 14], [6, 19, 7, 20], [18, 3, 19, 4], [14, 10, 15, 9], [20, 16, 21, 15], [8, 22, 9, 21]]"
11a_273_152,"[[8, 22, 9, 21], [2, 17, 3, 18], [12, 1, 13, 2], [10, 5, 11, 6], [4, 11, 5, 12], [16, 7, 17, 8], [22, 13, 1, 14], [6, 19, 7, 20], [18, 3, 19, 4], [14, 10, 15, 9], [20, 16, 21, 15]]"
11a_273_153,"[[20, 16, 21, 15], [8, 22, 9, 21], [2, 17, 3, 18], [12, 1, 13, 2], [10, 5, 11, 6], [4, 11, 5, 12], [16, 7, 17, 8], [22, 13, 1, 14], [6, 19, 7, 20], [18, 3, 19, 4], [14, 10, 15, 9]]"
11a_273_154,"[[15, 11, 16, 10], [21, 17, 22, 16], [9, 1, 10, 22], [3, 18, 4, 19], [13, 2, 14, 3], [11, 6, 12, 7], [5, 12, 6, 13], [17, 8, 18, 9], [1, 14, 2, 15], [7, 20, 8, 21], [19, 4, 20, 5]]"
11a_273_155,"[[19, 4, 20, 5], [15, 11, 16, 10], [21, 17, 22, 16], [9, 1, 10, 22], [3, 18, 4, 19], [13, 2, 14, 3], [11, 6, 12, 7], [5, 12, 6, 13], [17, 8, 18, 9], [1, 14, 2, 15], [7, 20, 8, 21]]"
11a_273_156,"[[7, 20, 8, 21], [19, 4, 20, 5], [15, 11, 16, 10], [21, 17, 22, 16], [9, 1, 10, 22], [3, 18, 4, 19], [13, 2, 14, 3], [11, 6, 12, 7], [5, 12, 6, 13], [17, 8, 18, 9], [1, 14, 2, 15]]"
11a_273_157,"[[1, 14, 2, 15], [7, 20, 8, 21], [19, 4, 20, 5], [15, 11, 16, 10], [21, 17, 22, 16], [9, 1, 10, 22], [3, 18, 4, 19], [13, 2, 14, 3], [11, 6, 12, 7], [5, 12, 6, 13], [17, 8, 18, 9]]"
11a_273_158,"[[17, 8, 18, 9], [1, 14, 2, 15], [7, 20, 8, 21], [19, 4, 20, 5], [15, 11, 16, 10], [21, 17, 22, 16], [9, 1, 10, 22], [3, 18, 4, 19], [13, 2, 14, 3], [11, 6, 12, 7], [5, 12, 6, 13]]"
11a_273_159,"[[5, 12, 6, 13], [17, 8, 18, 9], [1, 14, 2, 15], [7, 20, 8, 21], [19, 4, 20, 5], [15, 11, 16, 10], [21, 17, 22, 16], [9, 1, 10, 22], [3, 18, 4, 19], [13, 2, 14, 3], [11, 6, 12, 7]]"
11a_273_160,"[[11, 6, 12, 7], [5, 12, 6, 13], [17, 8, 18, 9], [1, 14, 2, 15], [7, 20, 8, 21], [19, 4, 20, 5], [15, 11, 16, 10], [21, 17, 22, 16], [9, 1, 10, 22], [3, 18, 4, 19], [13, 2, 14, 3]]"
11a_273_161,"[[13, 2, 14, 3], [11, 6, 12, 7], [5, 12, 6, 13], [17, 8, 18, 9], [1, 14, 2, 15], [7, 20, 8, 21], [19, 4, 20, 5], [15, 11, 16, 10], [21, 17, 22, 16], [9, 1, 10, 22], [3, 18, 4, 19]]"
11a_273_162,"[[3, 18, 4, 19], [13, 2, 14, 3], [11, 6, 12, 7], [5, 12, 6, 13], [17, 8, 18, 9], [1, 14, 2, 15], [7, 20, 8, 21], [19, 4, 20, 5], [15, 11, 16, 10], [21, 17, 22, 16], [9, 1, 10, 22]]"
11a_273_163,"[[9, 1, 10, 22], [3, 18, 4, 19], [13, 2, 14, 3], [11, 6, 12, 7], [5, 12, 6, 13], [17, 8, 18, 9], [1, 14, 2, 15], [7, 20, 8, 21], [19, 4, 20, 5], [15, 11, 16, 10], [21, 17, 22, 16]]"
11a_273_164,"[[21, 17, 22, 16], [9, 1, 10, 22], [3, 18, 4, 19], [13, 2, 14, 3], [11, 6, 12, 7], [5, 12, 6, 13], [17, 8, 18, 9], [1, 14, 2, 15], [7, 20, 8, 21], [19, 4, 20, 5], [15, 11, 16, 10]]"
11a_273_165,"[[16, 12, 17, 11], [22, 18, 1, 17], [10, 2, 11, 1], [4, 19, 5, 20], [14, 3, 15, 4], [12, 7, 13, 8], [6, 13, 7, 14], [18, 9, 19, 10], [2, 15, 3, 16], [8, 21, 9, 22], [20, 5, 21, 6]]"
11a_273_166,"[[20, 5, 21, 6], [16, 12, 17, 11], [22, 18, 1, 17], [10, 2, 11, 1], [4, 19, 5, 20], [14, 3, 15, 4], [12, 7, 13, 8], [6, 13, 7, 14], [18, 9, 19, 10], [2, 15, 3, 16], [8, 21, 9, 22]]"
11a_273_167,"[[8, 21, 9, 22], [20, 5, 21, 6], [16, 12, 17, 11], [22, 18, 1, 17], [10, 2, 11, 1], [4, 19, 5, 20], [14, 3, 15, 4], [12, 7, 13, 8], [6, 13, 7, 14], [18, 9, 19, 10], [2, 15, 3, 16]]"
11a_273_168,"[[2, 15, 3, 16], [8, 21, 9, 22], [20, 5, 21, 6], [16, 12, 17, 11], [22, 18, 1, 17], [10, 2, 11, 1], [4, 19, 5, 20], [14, 3, 15, 4], [12, 7, 13, 8], [6, 13, 7, 14], [18, 9, 19, 10]]"
11a_273_169,"[[18, 9, 19, 10], [2, 15, 3, 16], [8, 21, 9, 22], [20, 5, 21, 6], [16, 12, 17, 11], [22, 18, 1, 17], [10, 2, 11, 1], [4, 19, 5, 20], [14, 3, 15, 4], [12, 7, 13, 8], [6, 13, 7, 14]]"
11a_273_170,"[[6, 13, 7, 14], [18, 9, 19, 10], [2, 15, 3, 16], [8, 21, 9, 22], [20, 5, 21, 6], [16, 12, 17, 11], [22, 18, 1, 17], [10, 2, 11, 1], [4, 19, 5, 20], [14, 3, 15, 4], [12, 7, 13, 8]]"
11a_273_171,"[[12, 7, 13, 8], [6, 13, 7, 14], [18, 9, 19, 10], [2, 15, 3, 16], [8, 21, 9, 22], [20, 5, 21, 6], [16, 12, 17, 11], [22, 18, 1, 17], [10, 2, 11, 1], [4, 19, 5, 20], [14, 3, 15, 4]]"
11a_273_172,"[[14, 3, 15, 4], [12, 7, 13, 8], [6, 13, 7, 14], [18, 9, 19, 10], [2, 15, 3, 16], [8, 21, 9, 22], [20, 5, 21, 6], [16, 12, 17, 11], [22, 18, 1, 17], [10, 2, 11, 1], [4, 19, 5, 20]]"
11a_273_173,"[[4, 19, 5, 20], [14, 3, 15, 4], [12, 7, 13, 8], [6, 13, 7, 14], [18, 9, 19, 10], [2, 15, 3, 16], [8, 21, 9, 22], [20, 5, 21, 6], [16, 12, 17, 11], [22, 18, 1, 17], [10, 2, 11, 1]]"
11a_273_174,"[[10, 2, 11, 1], [4, 19, 5, 20], [14, 3, 15, 4], [12, 7, 13, 8], [6, 13, 7, 14], [18, 9, 19, 10], [2, 15, 3, 16], [8, 21, 9, 22], [20, 5, 21, 6], [16, 12, 17, 11], [22, 18, 1, 17]]"
11a_273_175,"[[22, 18, 1, 17], [10, 2, 11, 1], [4, 19, 5, 20], [14, 3, 15, 4], [12, 7, 13, 8], [6, 13, 7, 14], [18, 9, 19, 10], [2, 15, 3, 16], [8, 21, 9, 22], [20, 5, 21, 6], [16, 12, 17, 11]]"
11a_273_176,"[[17, 13, 18, 12], [1, 19, 2, 18], [11, 3, 12, 2], [5, 20, 6, 21], [15, 4, 16, 5], [13, 8, 14, 9], [7, 14, 8, 15], [19, 10, 20, 11], [3, 16, 4, 17], [9, 22, 10, 1], [21, 6, 22, 7]]"
11a_273_177,"[[21, 6, 22, 7], [17, 13, 18, 12], [1, 19, 2, 18], [11, 3, 12, 2], [5, 20, 6, 21], [15, 4, 16, 5], [13, 8, 14, 9], [7, 14, 8, 15], [19, 10, 20, 11], [3, 16, 4, 17], [9, 22, 10, 1]]"
11a_273_178,"[[9, 22, 10, 1], [21, 6, 22, 7], [17, 13, 18, 12], [1, 19, 2, 18], [11, 3, 12, 2], [5, 20, 6, 21], [15, 4, 16, 5], [13, 8, 14, 9], [7, 14, 8, 15], [19, 10, 20, 11], [3, 16, 4, 17]]"
11a_273_179,"[[3, 16, 4, 17], [9, 22, 10, 1], [21, 6, 22, 7], [17, 13, 18, 12], [1, 19, 2, 18], [11, 3, 12, 2], [5, 20, 6, 21], [15, 4, 16, 5], [13, 8, 14, 9], [7, 14, 8, 15], [19, 10, 20, 11]]"
11a_273_180,"[[19, 10, 20, 11], [3, 16, 4, 17], [9, 22, 10, 1], [21, 6, 22, 7], [17, 13, 18, 12], [1, 19, 2, 18], [11, 3, 12, 2], [5, 20, 6, 21], [15, 4, 16, 5], [13, 8, 14, 9], [7, 14, 8, 15]]"
11a_273_181,"[[7, 14, 8, 15], [19, 10, 20, 11], [3, 16, 4, 17], [9, 22, 10, 1], [21, 6, 22, 7], [17, 13, 18, 12], [1, 19, 2, 18], [11, 3, 12, 2], [5, 20, 6, 21], [15, 4, 16, 5], [13, 8, 14, 9]]"
11a_273_182,"[[13, 8, 14, 9], [7, 14, 8, 15], [19, 10, 20, 11], [3, 16, 4, 17], [9, 22, 10, 1], [21, 6, 22, 7], [17, 13, 18, 12], [1, 19, 2, 18], [11, 3, 12, 2], [5, 20, 6, 21], [15, 4, 16, 5]]"
11a_273_183,"[[15, 4, 16, 5], [13, 8, 14, 9], [7, 14, 8, 15], [19, 10, 20, 11], [3, 16, 4, 17], [9, 22, 10, 1], [21, 6, 22, 7], [17, 13, 18, 12], [1, 19, 2, 18], [11, 3, 12, 2], [5, 20, 6, 21]]"
11a_273_184,"[[5, 20, 6, 21], [15, 4, 16, 5], [13, 8, 14, 9], [7, 14, 8, 15], [19, 10, 20, 11], [3, 16, 4, 17], [9, 22, 10, 1], [21, 6, 22, 7], [17, 13, 18, 12], [1, 19, 2, 18], [11, 3, 12, 2]]"
11a_273_185,"[[11, 3, 12, 2], [5, 20, 6, 21], [15, 4, 16, 5], [13, 8, 14, 9], [7, 14, 8, 15], [19, 10, 20, 11], [3, 16, 4, 17], [9, 22, 10, 1], [21, 6, 22, 7], [17, 13, 18, 12], [1, 19, 2, 18]]"
11a_273_186,"[[1, 19, 2, 18], [11, 3, 12, 2], [5, 20, 6, 21], [15, 4, 16, 5], [13, 8, 14, 9], [7, 14, 8, 15], [19, 10, 20, 11], [3, 16, 4, 17], [9, 22, 10, 1], [21, 6, 22, 7], [17, 13, 18, 12]]"
11a_273_187,"[[18, 14, 19, 13], [2, 20, 3, 19], [12, 4, 13, 3], [6, 21, 7, 22], [16, 5, 17, 6], [14, 9, 15, 10], [8, 15, 9, 16], [20, 11, 21, 12], [4, 17, 5, 18], [10, 1, 11, 2], [22, 7, 1, 8]]"
11a_273_188,"[[22, 7, 1, 8], [18, 14, 19, 13], [2, 20, 3, 19], [12, 4, 13, 3], [6, 21, 7, 22], [16, 5, 17, 6], [14, 9, 15, 10], [8, 15, 9, 16], [20, 11, 21, 12], [4, 17, 5, 18], [10, 1, 11, 2]]"
11a_273_189,"[[10, 1, 11, 2], [22, 7, 1, 8], [18, 14, 19, 13], [2, 20, 3, 19], [12, 4, 13, 3], [6, 21, 7, 22], [16, 5, 17, 6], [14, 9, 15, 10], [8, 15, 9, 16], [20, 11, 21, 12], [4, 17, 5, 18]]"
11a_273_190,"[[4, 17, 5, 18], [10, 1, 11, 2], [22, 7, 1, 8], [18, 14, 19, 13], [2, 20, 3, 19], [12, 4, 13, 3], [6, 21, 7, 22], [16, 5, 17, 6], [14, 9, 15, 10], [8, 15, 9, 16], [20, 11, 21, 12]]"
11a_273_191,"[[20, 11, 21, 12], [4, 17, 5, 18], [10, 1, 11, 2], [22, 7, 1, 8], [18, 14, 19, 13], [2, 20, 3, 19], [12, 4, 13, 3], [6, 21, 7, 22], [16, 5, 17, 6], [14, 9, 15, 10], [8, 15, 9, 16]]"
11a_273_192,"[[8, 15, 9, 16], [20, 11, 21, 12], [4, 17, 5, 18], [10, 1, 11, 2], [22, 7, 1, 8], [18, 14, 19, 13], [2, 20, 3, 19], [12, 4, 13, 3], [6, 21, 7, 22], [16, 5, 17, 6], [14, 9, 15, 10]]"
11a_273_193,"[[14, 9, 15, 10], [8, 15, 9, 16], [20, 11, 21, 12], [4, 17, 5, 18], [10, 1, 11, 2], [22, 7, 1, 8], [18, 14, 19, 13], [2, 20, 3, 19], [12, 4, 13, 3], [6, 21, 7, 22], [16, 5, 17, 6]]"
11a_273_194,"[[16, 5, 17, 6], [14, 9, 15, 10], [8, 15, 9, 16], [20, 11, 21, 12], [4, 17, 5, 18], [10, 1, 11, 2], [22, 7, 1, 8], [18, 14, 19, 13], [2, 20, 3, 19], [12, 4, 13, 3], [6, 21, 7, 22]]"
11a_273_195,"[[6, 21, 7, 22], [16, 5, 17, 6], [14, 9, 15, 10], [8, 15, 9, 16], [20, 11, 21, 12], [4, 17, 5, 18], [10, 1, 11, 2], [22, 7, 1, 8], [18, 14, 19, 13], [2, 20, 3, 19], [12, 4, 13, 3]]"
11a_273_196,"[[12, 4, 13, 3], [6, 21, 7, 22], [16, 5, 17, 6], [14, 9, 15, 10], [8, 15, 9, 16], [20, 11, 21, 12], [4, 17, 5, 18], [10, 1, 11, 2], [22, 7, 1, 8], [18, 14, 19, 13], [2, 20, 3, 19]]"
11a_273_197,"[[2, 20, 3, 19], [12, 4, 13, 3], [6, 21, 7, 22], [16, 5, 17, 6], [14, 9, 15, 10], [8, 15, 9, 16], [20, 11, 21, 12], [4, 17, 5, 18], [10, 1, 11, 2], [22, 7, 1, 8], [18, 14, 19, 13]]"
11a_273_198,"[[19, 15, 20, 14], [3, 21, 4, 20], [13, 5, 14, 4], [7, 22, 8, 1], [17, 6, 18, 7], [15, 10, 16, 11], [9, 16, 10, 17], [21, 12, 22, 13], [5, 18, 6, 19], [11, 2, 12, 3], [1, 8, 2, 9]]"
11a_273_199,"[[1, 8, 2, 9], [19, 15, 20, 14], [3, 21, 4, 20], [13, 5, 14, 4], [7, 22, 8, 1], [17, 6, 18, 7], [15, 10, 16, 11], [9, 16, 10, 17], [21, 12, 22, 13], [5, 18, 6, 19], [11, 2, 12, 3]]"
11a_273_200,"[[11, 2, 12, 3], [1, 8, 2, 9], [19, 15, 20, 14], [3, 21, 4, 20], [13, 5, 14, 4], [7, 22, 8, 1], [17, 6, 18, 7], [15, 10, 16, 11], [9, 16, 10, 17], [21, 12, 22, 13], [5, 18, 6, 19]]"
11a_273_201,"[[5, 18, 6, 19], [11, 2, 12, 3], [1, 8, 2, 9], [19, 15, 20, 14], [3, 21, 4, 20], [13, 5, 14, 4], [7, 22, 8, 1], [17, 6, 18, 7], [15, 10, 16, 11], [9, 16, 10, 17], [21, 12, 22, 13]]"
11a_273_202,"[[21, 12, 22, 13], [5, 18, 6, 19], [11, 2, 12, 3], [1, 8, 2, 9], [19, 15, 20, 14], [3, 21, 4, 20], [13, 5, 14, 4], [7, 22, 8, 1], [17, 6, 18, 7], [15, 10, 16, 11], [9, 16, 10, 17]]"
11a_273_203,"[[9, 16, 10, 17], [21, 12, 22, 13], [5, 18, 6, 19], [11, 2, 12, 3], [1, 8, 2, 9], [19, 15, 20, 14], [3, 21, 4, 20], [13, 5, 14, 4], [7, 22, 8, 1], [17, 6, 18, 7], [15, 10, 16, 11]]"
