name,pd_notation
11a_176_0,"[[3, 13, 4, 12], [5, 3, 6, 2], [13, 5, 14, 4], [1, 14, 2, 15], [15, 6, 16, 7], [21, 16, 22, 17], [17, 9, 18, 8], [7, 21, 8, 20], [19, 11, 20, 10], [9, 19, 10, 18], [11, 22, 12, 1]]"
11a_176_1,"[[11, 22, 12, 1], [3, 13, 4, 12], [5, 3, 6, 2], [13, 5, 14, 4], [1, 14, 2, 15], [15, 6, 16, 7], [21, 16, 22, 17], [17, 9, 18, 8], [7, 21, 8, 20], [19, 11, 20, 10], [9, 19, 10, 18]]"
11a_176_2,"[[9, 19, 10, 18], [11, 22, 12, 1], [3, 13, 4, 12], [5, 3, 6, 2], [13, 5, 14, 4], [1, 14, 2, 15], [15, 6, 16, 7], [21, 16, 22, 17], [17, 9, 18, 8], [7, 21, 8, 20], [19, 11, 20, 10]]"
11a_176_3,"[[19, 11, 20, 10], [9, 19, 10, 18], [11, 22, 12, 1], [3, 13, 4, 12], [5, 3, 6, 2], [13, 5, 14, 4], [1, 14, 2, 15], [15, 6, 16, 7], [21, 16, 22, 17], [17, 9, 18, 8], [7, 21, 8, 20]]"
11a_176_4,"[[7, 21, 8, 20], [19, 11, 20, 10], [9, 19, 10, 18], [11, 22, 12, 1], [3, 13, 4, 12], [5, 3, 6, 2], [13, 5, 14, 4], [1, 14, 2, 15], [15, 6, 16, 7], [21, 16, 22, 17], [17, 9, 18, 8]]"
11a_176_5,"[[17, 9, 18, 8], [7, 21, 8, 20], [19, 11, 20, 10], [9, 19, 10, 18], [11, 22, 12, 1], [3, 13, 4, 12], [5, 3, 6, 2], [13, 5, 14, 4], [1, 14, 2, 15], [15, 6, 16, 7], [21, 16, 22, 17]]"
11a_176_6,"[[21, 16, 22, 17], [17, 9, 18, 8], [7, 21, 8, 20], [19, 11, 20, 10], [9, 19, 10, 18], [11, 22, 12, 1], [3, 13, 4, 12], [5, 3, 6, 2], [13, 5, 14, 4], [1, 14, 2, 15], [15, 6, 16, 7]]"
11a_176_7,"[[15, 6, 16, 7], [21, 16, 22, 17], [17, 9, 18, 8], [7, 21, 8, 20], [19, 11, 20, 10], [9, 19, 10, 18], [11, 22, 12, 1], [3, 13, 4, 12], [5, 3, 6, 2], [13, 5, 14, 4], [1, 14, 2, 15]]"
11a_176_8,"[[1, 14, 2, 15], [15, 6, 16, 7], [21, 16, 22, 17], [17, 9, 18, 8], [7, 21, 8, 20], [19, 11, 20, 10], [9, 19, 10, 18], [11, 22, 12, 1], [3, 13, 4, 12], [5, 3, 6, 2], [13, 5, 14, 4]]"
11a_176_9,"[[13, 5, 14, 4], [1, 14, 2, 15], [15, 6, 16, 7], [21, 16, 22, 17], [17, 9, 18, 8], [7, 21, 8, 20], [19, 11, 20, 10], [9, 19, 10, 18], [11, 22, 12, 1], [3, 13, 4, 12], [5, 3, 6, 2]]"
11a_176_10,"[[5, 3, 6, 2], [13, 5, 14, 4], [1, 14, 2, 15], [15, 6, 16, 7], [21, 16, 22, 17], [17, 9, 18, 8], [7, 21, 8, 20], [19, 11, 20, 10], [9, 19, 10, 18], [11, 22, 12, 1], [3, 13, 4, 12]]"
11a_176_11,"[[4, 14, 5, 13], [6, 4, 7, 3], [14, 6, 15, 5], [2, 15, 3, 16], [16, 7, 17, 8], [22, 17, 1, 18], [18, 10, 19, 9], [8, 22, 9, 21], [20, 12, 21, 11], [10, 20, 11, 19], [12, 1, 13, 2]]"
11a_176_12,"[[12, 1, 13, 2], [4, 14, 5, 13], [6, 4, 7, 3], [14, 6, 15, 5], [2, 15, 3, 16], [16, 7, 17, 8], [22, 17, 1, 18], [18, 10, 19, 9], [8, 22, 9, 21], [20, 12, 21, 11], [10, 20, 11, 19]]"
11a_176_13,"[[10, 20, 11, 19], [12, 1, 13, 2], [4, 14, 5, 13], [6, 4, 7, 3], [14, 6, 15, 5], [2, 15, 3, 16], [16, 7, 17, 8], [22, 17, 1, 18], [18, 10, 19, 9], [8, 22, 9, 21], [20, 12, 21, 11]]"
11a_176_14,"[[20, 12, 21, 11], [10, 20, 11, 19], [12, 1, 13, 2], [4, 14, 5, 13], [6, 4, 7, 3], [14, 6, 15, 5], [2, 15, 3, 16], [16, 7, 17, 8], [22, 17, 1, 18], [18, 10, 19, 9], [8, 22, 9, 21]]"
11a_176_15,"[[8, 22, 9, 21], [20, 12, 21, 11], [10, 20, 11, 19], [12, 1, 13, 2], [4, 14, 5, 13], [6, 4, 7, 3], [14, 6, 15, 5], [2, 15, 3, 16], [16, 7, 17, 8], [22, 17, 1, 18], [18, 10, 19, 9]]"
11a_176_16,"[[18, 10, 19, 9], [8, 22, 9, 21], [20, 12, 21, 11], [10, 20, 11, 19], [12, 1, 13, 2], [4, 14, 5, 13], [6, 4, 7, 3], [14, 6, 15, 5], [2, 15, 3, 16], [16, 7, 17, 8], [22, 17, 1, 18]]"
11a_176_17,"[[22, 17, 1, 18], [18, 10, 19, 9], [8, 22, 9, 21], [20, 12, 21, 11], [10, 20, 11, 19], [12, 1, 13, 2], [4, 14, 5, 13], [6, 4, 7, 3], [14, 6, 15, 5], [2, 15, 3, 16], [16, 7, 17, 8]]"
11a_176_18,"[[16, 7, 17, 8], [22, 17, 1, 18], [18, 10, 19, 9], [8, 22, 9, 21], [20, 12, 21, 11], [10, 20, 11, 19], [12, 1, 13, 2], [4, 14, 5, 13], [6, 4, 7, 3], [14, 6, 15, 5], [2, 15, 3, 16]]"
11a_176_19,"[[2, 15, 3, 16], [16, 7, 17, 8], [22, 17, 1, 18], [18, 10, 19, 9], [8, 22, 9, 21], [20, 12, 21, 11], [10, 20, 11, 19], [12, 1, 13, 2], [4, 14, 5, 13], [6, 4, 7, 3], [14, 6, 15, 5]]"
11a_176_20,"[[14, 6, 15, 5], [2, 15, 3, 16], [16, 7, 17, 8], [22, 17, 1, 18], [18, 10, 19, 9], [8, 22, 9, 21], [20, 12, 21, 11], [10, 20, 11, 19], [12, 1, 13, 2], [4, 14, 5, 13], [6, 4, 7, 3]]"
11a_176_21,"[[6, 4, 7, 3], [14, 6, 15, 5], [2, 15, 3, 16], [16, 7, 17, 8], [22, 17, 1, 18], [18, 10, 19, 9], [8, 22, 9, 21], [20, 12, 21, 11], [10, 20, 11, 19], [12, 1, 13, 2], [4, 14, 5, 13]]"
11a_176_22,"[[5, 15, 6, 14], [7, 5, 8, 4], [15, 7, 16, 6], [3, 16, 4, 17], [17, 8, 18, 9], [1, 18, 2, 19], [19, 11, 20, 10], [9, 1, 10, 22], [21, 13, 22, 12], [11, 21, 12, 20], [13, 2, 14, 3]]"
11a_176_23,"[[13, 2, 14, 3], [5, 15, 6, 14], [7, 5, 8, 4], [15, 7, 16, 6], [3, 16, 4, 17], [17, 8, 18, 9], [1, 18, 2, 19], [19, 11, 20, 10], [9, 1, 10, 22], [21, 13, 22, 12], [11, 21, 12, 20]]"
11a_176_24,"[[11, 21, 12, 20], [13, 2, 14, 3], [5, 15, 6, 14], [7, 5, 8, 4], [15, 7, 16, 6], [3, 16, 4, 17], [17, 8, 18, 9], [1, 18, 2, 19], [19, 11, 20, 10], [9, 1, 10, 22], [21, 13, 22, 12]]"
11a_176_25,"[[21, 13, 22, 12], [11, 21, 12, 20], [13, 2, 14, 3], [5, 15, 6, 14], [7, 5, 8, 4], [15, 7, 16, 6], [3, 16, 4, 17], [17, 8, 18, 9], [1, 18, 2, 19], [19, 11, 20, 10], [9, 1, 10, 22]]"
11a_176_26,"[[9, 1, 10, 22], [21, 13, 22, 12], [11, 21, 12, 20], [13, 2, 14, 3], [5, 15, 6, 14], [7, 5, 8, 4], [15, 7, 16, 6], [3, 16, 4, 17], [17, 8, 18, 9], [1, 18, 2, 19], [19, 11, 20, 10]]"
11a_176_27,"[[19, 11, 20, 10], [9, 1, 10, 22], [21, 13, 22, 12], [11, 21, 12, 20], [13, 2, 14, 3], [5, 15, 6, 14], [7, 5, 8, 4], [15, 7, 16, 6], [3, 16, 4, 17], [17, 8, 18, 9], [1, 18, 2, 19]]"
11a_176_28,"[[1, 18, 2, 19], [19, 11, 20, 10], [9, 1, 10, 22], [21, 13, 22, 12], [11, 21, 12, 20], [13, 2, 14, 3], [5, 15, 6, 14], [7, 5, 8, 4], [15, 7, 16, 6], [3, 16, 4, 17], [17, 8, 18, 9]]"
11a_176_29,"[[17, 8, 18, 9], [1, 18, 2, 19], [19, 11, 20, 10], [9, 1, 10, 22], [21, 13, 22, 12], [11, 21, 12, 20], [13, 2, 14, 3], [5, 15, 6, 14], [7, 5, 8, 4], [15, 7, 16, 6], [3, 16, 4, 17]]"
11a_176_30,"[[3, 16, 4, 17], [17, 8, 18, 9], [1, 18, 2, 19], [19, 11, 20, 10], [9, 1, 10, 22], [21, 13, 22, 12], [11, 21, 12, 20], [13, 2, 14, 3], [5, 15, 6, 14], [7, 5, 8, 4], [15, 7, 16, 6]]"
11a_176_31,"[[15, 7, 16, 6], [3, 16, 4, 17], [17, 8, 18, 9], [1, 18, 2, 19], [19, 11, 20, 10], [9, 1, 10, 22], [21, 13, 22, 12], [11, 21, 12, 20], [13, 2, 14, 3], [5, 15, 6, 14], [7, 5, 8, 4]]"
11a_176_32,"[[7, 5, 8, 4], [15, 7, 16, 6], [3, 16, 4, 17], [17, 8, 18, 9], [1, 18, 2, 19], [19, 11, 20, 10], [9, 1, 10, 22], [21, 13, 22, 12], [11, 21, 12, 20], [13, 2, 14, 3], [5, 15, 6, 14]]"
11a_176_33,"[[6, 16, 7, 15], [8, 6, 9, 5], [16, 8, 17, 7], [4, 17, 5, 18], [18, 9, 19, 10], [2, 19, 3, 20], [20, 12, 21, 11], [10, 2, 11, 1], [22, 14, 1, 13], [12, 22, 13, 21], [14, 3, 15, 4]]"
11a_176_34,"[[14, 3, 15, 4], [6, 16, 7, 15], [8, 6, 9, 5], [16, 8, 17, 7], [4, 17, 5, 18], [18, 9, 19, 10], [2, 19, 3, 20], [20, 12, 21, 11], [10, 2, 11, 1], [22, 14, 1, 13], [12, 22, 13, 21]]"
11a_176_35,"[[12, 22, 13, 21], [14, 3, 15, 4], [6, 16, 7, 15], [8, 6, 9, 5], [16, 8, 17, 7], [4, 17, 5, 18], [18, 9, 19, 10], [2, 19, 3, 20], [20, 12, 21, 11], [10, 2, 11, 1], [22, 14, 1, 13]]"
11a_176_36,"[[22, 14, 1, 13], [12, 22, 13, 21], [14, 3, 15, 4], [6, 16, 7, 15], [8, 6, 9, 5], [16, 8, 17, 7], [4, 17, 5, 18], [18, 9, 19, 10], [2, 19, 3, 20], [20, 12, 21, 11], [10, 2, 11, 1]]"
11a_176_37,"[[10, 2, 11, 1], [22, 14, 1, 13], [12, 22, 13, 21], [14, 3, 15, 4], [6, 16, 7, 15], [8, 6, 9, 5], [16, 8, 17, 7], [4, 17, 5, 18], [18, 9, 19, 10], [2, 19, 3, 20], [20, 12, 21, 11]]"
11a_176_38,"[[20, 12, 21, 11], [10, 2, 11, 1], [22, 14, 1, 13], [12, 22, 13, 21], [14, 3, 15, 4], [6, 16, 7, 15], [8, 6, 9, 5], [16, 8, 17, 7], [4, 17, 5, 18], [18, 9, 19, 10], [2, 19, 3, 20]]"
11a_176_39,"[[2, 19, 3, 20], [20, 12, 21, 11], [10, 2, 11, 1], [22, 14, 1, 13], [12, 22, 13, 21], [14, 3, 15, 4], [6, 16, 7, 15], [8, 6, 9, 5], [16, 8, 17, 7], [4, 17, 5, 18], [18, 9, 19, 10]]"
11a_176_40,"[[18, 9, 19, 10], [2, 19, 3, 20], [20, 12, 21, 11], [10, 2, 11, 1], [22, 14, 1, 13], [12, 22, 13, 21], [14, 3, 15, 4], [6, 16, 7, 15], [8, 6, 9, 5], [16, 8, 17, 7], [4, 17, 5, 18]]"
11a_176_41,"[[4, 17, 5, 18], [18, 9, 19, 10], [2, 19, 3, 20], [20, 12, 21, 11], [10, 2, 11, 1], [22, 14, 1, 13], [12, 22, 13, 21], [14, 3, 15, 4], [6, 16, 7, 15], [8, 6, 9, 5], [16, 8, 17, 7]]"
11a_176_42,"[[16, 8, 17, 7], [4, 17, 5, 18], [18, 9, 19, 10], [2, 19, 3, 20], [20, 12, 21, 11], [10, 2, 11, 1], [22, 14, 1, 13], [12, 22, 13, 21], [14, 3, 15, 4], [6, 16, 7, 15], [8, 6, 9, 5]]"
11a_176_43,"[[8, 6, 9, 5], [16, 8, 17, 7], [4, 17, 5, 18], [18, 9, 19, 10], [2, 19, 3, 20], [20, 12, 21, 11], [10, 2, 11, 1], [22, 14, 1, 13], [12, 22, 13, 21], [14, 3, 15, 4], [6, 16, 7, 15]]"
11a_176_44,"[[7, 17, 8, 16], [9, 7, 10, 6], [17, 9, 18, 8], [5, 18, 6, 19], [19, 10, 20, 11], [3, 20, 4, 21], [21, 13, 22, 12], [11, 3, 12, 2], [1, 15, 2, 14], [13, 1, 14, 22], [15, 4, 16, 5]]"
11a_176_45,"[[15, 4, 16, 5], [7, 17, 8, 16], [9, 7, 10, 6], [17, 9, 18, 8], [5, 18, 6, 19], [19, 10, 20, 11], [3, 20, 4, 21], [21, 13, 22, 12], [11, 3, 12, 2], [1, 15, 2, 14], [13, 1, 14, 22]]"
11a_176_46,"[[13, 1, 14, 22], [15, 4, 16, 5], [7, 17, 8, 16], [9, 7, 10, 6], [17, 9, 18, 8], [5, 18, 6, 19], [19, 10, 20, 11], [3, 20, 4, 21], [21, 13, 22, 12], [11, 3, 12, 2], [1, 15, 2, 14]]"
11a_176_47,"[[1, 15, 2, 14], [13, 1, 14, 22], [15, 4, 16, 5], [7, 17, 8, 16], [9, 7, 10, 6], [17, 9, 18, 8], [5, 18, 6, 19], [19, 10, 20, 11], [3, 20, 4, 21], [21, 13, 22, 12], [11, 3, 12, 2]]"
11a_176_48,"[[11, 3, 12, 2], [1, 15, 2, 14], [13, 1, 14, 22], [15, 4, 16, 5], [7, 17, 8, 16], [9, 7, 10, 6], [17, 9, 18, 8], [5, 18, 6, 19], [19, 10, 20, 11], [3, 20, 4, 21], [21, 13, 22, 12]]"
11a_176_49,"[[21, 13, 22, 12], [11, 3, 12, 2], [1, 15, 2, 14], [13, 1, 14, 22], [15, 4, 16, 5], [7, 17, 8, 16], [9, 7, 10, 6], [17, 9, 18, 8], [5, 18, 6, 19], [19, 10, 20, 11], [3, 20, 4, 21]]"
11a_176_50,"[[3, 20, 4, 21], [21, 13, 22, 12], [11, 3, 12, 2], [1, 15, 2, 14], [13, 1, 14, 22], [15, 4, 16, 5], [7, 17, 8, 16], [9, 7, 10, 6], [17, 9, 18, 8], [5, 18, 6, 19], [19, 10, 20, 11]]"
11a_176_51,"[[19, 10, 20, 11], [3, 20, 4, 21], [21, 13, 22, 12], [11, 3, 12, 2], [1, 15, 2, 14], [13, 1, 14, 22], [15, 4, 16, 5], [7, 17, 8, 16], [9, 7, 10, 6], [17, 9, 18, 8], [5, 18, 6, 19]]"
11a_176_52,"[[5, 18, 6, 19], [19, 10, 20, 11], [3, 20, 4, 21], [21, 13, 22, 12], [11, 3, 12, 2], [1, 15, 2, 14], [13, 1, 14, 22], [15, 4, 16, 5], [7, 17, 8, 16], [9, 7, 10, 6], [17, 9, 18, 8]]"
11a_176_53,"[[17, 9, 18, 8], [5, 18, 6, 19], [19, 10, 20, 11], [3, 20, 4, 21], [21, 13, 22, 12], [11, 3, 12, 2], [1, 15, 2, 14], [13, 1, 14, 22], [15, 4, 16, 5], [7, 17, 8, 16], [9, 7, 10, 6]]"
11a_176_54,"[[9, 7, 10, 6], [17, 9, 18, 8], [5, 18, 6, 19], [19, 10, 20, 11], [3, 20, 4, 21], [21, 13, 22, 12], [11, 3, 12, 2], [1, 15, 2, 14], [13, 1, 14, 22], [15, 4, 16, 5], [7, 17, 8, 16]]"
11a_176_55,"[[8, 18, 9, 17], [10, 8, 11, 7], [18, 10, 19, 9], [6, 19, 7, 20], [20, 11, 21, 12], [4, 21, 5, 22], [22, 14, 1, 13], [12, 4, 13, 3], [2, 16, 3, 15], [14, 2, 15, 1], [16, 5, 17, 6]]"
11a_176_56,"[[16, 5, 17, 6], [8, 18, 9, 17], [10, 8, 11, 7], [18, 10, 19, 9], [6, 19, 7, 20], [20, 11, 21, 12], [4, 21, 5, 22], [22, 14, 1, 13], [12, 4, 13, 3], [2, 16, 3, 15], [14, 2, 15, 1]]"
11a_176_57,"[[14, 2, 15, 1], [16, 5, 17, 6], [8, 18, 9, 17], [10, 8, 11, 7], [18, 10, 19, 9], [6, 19, 7, 20], [20, 11, 21, 12], [4, 21, 5, 22], [22, 14, 1, 13], [12, 4, 13, 3], [2, 16, 3, 15]]"
11a_176_58,"[[2, 16, 3, 15], [14, 2, 15, 1], [16, 5, 17, 6], [8, 18, 9, 17], [10, 8, 11, 7], [18, 10, 19, 9], [6, 19, 7, 20], [20, 11, 21, 12], [4, 21, 5, 22], [22, 14, 1, 13], [12, 4, 13, 3]]"
11a_176_59,"[[12, 4, 13, 3], [2, 16, 3, 15], [14, 2, 15, 1], [16, 5, 17, 6], [8, 18, 9, 17], [10, 8, 11, 7], [18, 10, 19, 9], [6, 19, 7, 20], [20, 11, 21, 12], [4, 21, 5, 22], [22, 14, 1, 13]]"
11a_176_60,"[[22, 14, 1, 13], [12, 4, 13, 3], [2, 16, 3, 15], [14, 2, 15, 1], [16, 5, 17, 6], [8, 18, 9, 17], [10, 8, 11, 7], [18, 10, 19, 9], [6, 19, 7, 20], [20, 11, 21, 12], [4, 21, 5, 22]]"
11a_176_61,"[[4, 21, 5, 22], [22, 14, 1, 13], [12, 4, 13, 3], [2, 16, 3, 15], [14, 2, 15, 1], [16, 5, 17, 6], [8, 18, 9, 17], [10, 8, 11, 7], [18, 10, 19, 9], [6, 19, 7, 20], [20, 11, 21, 12]]"
11a_176_62,"[[20, 11, 21, 12], [4, 21, 5, 22], [22, 14, 1, 13], [12, 4, 13, 3], [2, 16, 3, 15], [14, 2, 15, 1], [16, 5, 17, 6], [8, 18, 9, 17], [10, 8, 11, 7], [18, 10, 19, 9], [6, 19, 7, 20]]"
11a_176_63,"[[6, 19, 7, 20], [20, 11, 21, 12], [4, 21, 5, 22], [22, 14, 1, 13], [12, 4, 13, 3], [2, 16, 3, 15], [14, 2, 15, 1], [16, 5, 17, 6], [8, 18, 9, 17], [10, 8, 11, 7], [18, 10, 19, 9]]"
11a_176_64,"[[18, 10, 19, 9], [6, 19, 7, 20], [20, 11, 21, 12], [4, 21, 5, 22], [22, 14, 1, 13], [12, 4, 13, 3], [2, 16, 3, 15], [14, 2, 15, 1], [16, 5, 17, 6], [8, 18, 9, 17], [10, 8, 11, 7]]"
11a_176_65,"[[10, 8, 11, 7], [18, 10, 19, 9], [6, 19, 7, 20], [20, 11, 21, 12], [4, 21, 5, 22], [22, 14, 1, 13], [12, 4, 13, 3], [2, 16, 3, 15], [14, 2, 15, 1], [16, 5, 17, 6], [8, 18, 9, 17]]"
11a_176_66,"[[9, 19, 10, 18], [11, 9, 12, 8], [19, 11, 20, 10], [7, 20, 8, 21], [21, 12, 22, 13], [5, 22, 6, 1], [1, 15, 2, 14], [13, 5, 14, 4], [3, 17, 4, 16], [15, 3, 16, 2], [17, 6, 18, 7]]"
11a_176_67,"[[17, 6, 18, 7], [9, 19, 10, 18], [11, 9, 12, 8], [19, 11, 20, 10], [7, 20, 8, 21], [21, 12, 22, 13], [5, 22, 6, 1], [1, 15, 2, 14], [13, 5, 14, 4], [3, 17, 4, 16], [15, 3, 16, 2]]"
11a_176_68,"[[15, 3, 16, 2], [17, 6, 18, 7], [9, 19, 10, 18], [11, 9, 12, 8], [19, 11, 20, 10], [7, 20, 8, 21], [21, 12, 22, 13], [5, 22, 6, 1], [1, 15, 2, 14], [13, 5, 14, 4], [3, 17, 4, 16]]"
11a_176_69,"[[3, 17, 4, 16], [15, 3, 16, 2], [17, 6, 18, 7], [9, 19, 10, 18], [11, 9, 12, 8], [19, 11, 20, 10], [7, 20, 8, 21], [21, 12, 22, 13], [5, 22, 6, 1], [1, 15, 2, 14], [13, 5, 14, 4]]"
11a_176_70,"[[13, 5, 14, 4], [3, 17, 4, 16], [15, 3, 16, 2], [17, 6, 18, 7], [9, 19, 10, 18], [11, 9, 12, 8], [19, 11, 20, 10], [7, 20, 8, 21], [21, 12, 22, 13], [5, 22, 6, 1], [1, 15, 2, 14]]"
11a_176_71,"[[1, 15, 2, 14], [13, 5, 14, 4], [3, 17, 4, 16], [15, 3, 16, 2], [17, 6, 18, 7], [9, 19, 10, 18], [11, 9, 12, 8], [19, 11, 20, 10], [7, 20, 8, 21], [21, 12, 22, 13], [5, 22, 6, 1]]"
11a_176_72,"[[5, 22, 6, 1], [1, 15, 2, 14], [13, 5, 14, 4], [3, 17, 4, 16], [15, 3, 16, 2], [17, 6, 18, 7], [9, 19, 10, 18], [11, 9, 12, 8], [19, 11, 20, 10], [7, 20, 8, 21], [21, 12, 22, 13]]"
11a_176_73,"[[21, 12, 22, 13], [5, 22, 6, 1], [1, 15, 2, 14], [13, 5, 14, 4], [3, 17, 4, 16], [15, 3, 16, 2], [17, 6, 18, 7], [9, 19, 10, 18], [11, 9, 12, 8], [19, 11, 20, 10], [7, 20, 8, 21]]"
11a_176_74,"[[7, 20, 8, 21], [21, 12, 22, 13], [5, 22, 6, 1], [1, 15, 2, 14], [13, 5, 14, 4], [3, 17, 4, 16], [15, 3, 16, 2], [17, 6, 18, 7], [9, 19, 10, 18], [11, 9, 12, 8], [19, 11, 20, 10]]"
11a_176_75,"[[19, 11, 20, 10], [7, 20, 8, 21], [21, 12, 22, 13], [5, 22, 6, 1], [1, 15, 2, 14], [13, 5, 14, 4], [3, 17, 4, 16], [15, 3, 16, 2], [17, 6, 18, 7], [9, 19, 10, 18], [11, 9, 12, 8]]"
11a_176_76,"[[11, 9, 12, 8], [19, 11, 20, 10], [7, 20, 8, 21], [21, 12, 22, 13], [5, 22, 6, 1], [1, 15, 2, 14], [13, 5, 14, 4], [3, 17, 4, 16], [15, 3, 16, 2], [17, 6, 18, 7], [9, 19, 10, 18]]"
11a_176_77,"[[10, 20, 11, 19], [12, 10, 13, 9], [20, 12, 21, 11], [8, 21, 9, 22], [22, 13, 1, 14], [6, 1, 7, 2], [2, 16, 3, 15], [14, 6, 15, 5], [4, 18, 5, 17], [16, 4, 17, 3], [18, 7, 19, 8]]"
11a_176_78,"[[18, 7, 19, 8], [10, 20, 11, 19], [12, 10, 13, 9], [20, 12, 21, 11], [8, 21, 9, 22], [22, 13, 1, 14], [6, 1, 7, 2], [2, 16, 3, 15], [14, 6, 15, 5], [4, 18, 5, 17], [16, 4, 17, 3]]"
11a_176_79,"[[16, 4, 17, 3], [18, 7, 19, 8], [10, 20, 11, 19], [12, 10, 13, 9], [20, 12, 21, 11], [8, 21, 9, 22], [22, 13, 1, 14], [6, 1, 7, 2], [2, 16, 3, 15], [14, 6, 15, 5], [4, 18, 5, 17]]"
11a_176_80,"[[4, 18, 5, 17], [16, 4, 17, 3], [18, 7, 19, 8], [10, 20, 11, 19], [12, 10, 13, 9], [20, 12, 21, 11], [8, 21, 9, 22], [22, 13, 1, 14], [6, 1, 7, 2], [2, 16, 3, 15], [14, 6, 15, 5]]"
11a_176_81,"[[14, 6, 15, 5], [4, 18, 5, 17], [16, 4, 17, 3], [18, 7, 19, 8], [10, 20, 11, 19], [12, 10, 13, 9], [20, 12, 21, 11], [8, 21, 9, 22], [22, 13, 1, 14], [6, 1, 7, 2], [2, 16, 3, 15]]"
11a_176_82,"[[2, 16, 3, 15], [14, 6, 15, 5], [4, 18, 5, 17], [16, 4, 17, 3], [18, 7, 19, 8], [10, 20, 11, 19], [12, 10, 13, 9], [20, 12, 21, 11], [8, 21, 9, 22], [22, 13, 1, 14], [6, 1, 7, 2]]"
11a_176_83,"[[6, 1, 7, 2], [2, 16, 3, 15], [14, 6, 15, 5], [4, 18, 5, 17], [16, 4, 17, 3], [18, 7, 19, 8], [10, 20, 11, 19], [12, 10, 13, 9], [20, 12, 21, 11], [8, 21, 9, 22], [22, 13, 1, 14]]"
11a_176_84,"[[22, 13, 1, 14], [6, 1, 7, 2], [2, 16, 3, 15], [14, 6, 15, 5], [4, 18, 5, 17], [16, 4, 17, 3], [18, 7, 19, 8], [10, 20, 11, 19], [12, 10, 13, 9], [20, 12, 21, 11], [8, 21, 9, 22]]"
11a_176_85,"[[8, 21, 9, 22], [22, 13, 1, 14], [6, 1, 7, 2], [2, 16, 3, 15], [14, 6, 15, 5], [4, 18, 5, 17], [16, 4, 17, 3], [18, 7, 19, 8], [10, 20, 11, 19], [12, 10, 13, 9], [20, 12, 21, 11]]"
11a_176_86,"[[20, 12, 21, 11], [8, 21, 9, 22], [22, 13, 1, 14], [6, 1, 7, 2], [2, 16, 3, 15], [14, 6, 15, 5], [4, 18, 5, 17], [16, 4, 17, 3], [18, 7, 19, 8], [10, 20, 11, 19], [12, 10, 13, 9]]"
11a_176_87,"[[12, 10, 13, 9], [20, 12, 21, 11], [8, 21, 9, 22], [22, 13, 1, 14], [6, 1, 7, 2], [2, 16, 3, 15], [14, 6, 15, 5], [4, 18, 5, 17], [16, 4, 17, 3], [18, 7, 19, 8], [10, 20, 11, 19]]"
11a_176_88,"[[11, 21, 12, 20], [13, 11, 14, 10], [21, 13, 22, 12], [9, 22, 10, 1], [1, 14, 2, 15], [7, 2, 8, 3], [3, 17, 4, 16], [15, 7, 16, 6], [5, 19, 6, 18], [17, 5, 18, 4], [19, 8, 20, 9]]"
11a_176_89,"[[19, 8, 20, 9], [11, 21, 12, 20], [13, 11, 14, 10], [21, 13, 22, 12], [9, 22, 10, 1], [1, 14, 2, 15], [7, 2, 8, 3], [3, 17, 4, 16], [15, 7, 16, 6], [5, 19, 6, 18], [17, 5, 18, 4]]"
11a_176_90,"[[17, 5, 18, 4], [19, 8, 20, 9], [11, 21, 12, 20], [13, 11, 14, 10], [21, 13, 22, 12], [9, 22, 10, 1], [1, 14, 2, 15], [7, 2, 8, 3], [3, 17, 4, 16], [15, 7, 16, 6], [5, 19, 6, 18]]"
11a_176_91,"[[5, 19, 6, 18], [17, 5, 18, 4], [19, 8, 20, 9], [11, 21, 12, 20], [13, 11, 14, 10], [21, 13, 22, 12], [9, 22, 10, 1], [1, 14, 2, 15], [7, 2, 8, 3], [3, 17, 4, 16], [15, 7, 16, 6]]"
11a_176_92,"[[15, 7, 16, 6], [5, 19, 6, 18], [17, 5, 18, 4], [19, 8, 20, 9], [11, 21, 12, 20], [13, 11, 14, 10], [21, 13, 22, 12], [9, 22, 10, 1], [1, 14, 2, 15], [7, 2, 8, 3], [3, 17, 4, 16]]"
11a_176_93,"[[3, 17, 4, 16], [15, 7, 16, 6], [5, 19, 6, 18], [17, 5, 18, 4], [19, 8, 20, 9], [11, 21, 12, 20], [13, 11, 14, 10], [21, 13, 22, 12], [9, 22, 10, 1], [1, 14, 2, 15], [7, 2, 8, 3]]"
11a_176_94,"[[7, 2, 8, 3], [3, 17, 4, 16], [15, 7, 16, 6], [5, 19, 6, 18], [17, 5, 18, 4], [19, 8, 20, 9], [11, 21, 12, 20], [13, 11, 14, 10], [21, 13, 22, 12], [9, 22, 10, 1], [1, 14, 2, 15]]"
11a_176_95,"[[1, 14, 2, 15], [7, 2, 8, 3], [3, 17, 4, 16], [15, 7, 16, 6], [5, 19, 6, 18], [17, 5, 18, 4], [19, 8, 20, 9], [11, 21, 12, 20], [13, 11, 14, 10], [21, 13, 22, 12], [9, 22, 10, 1]]"
11a_176_96,"[[9, 22, 10, 1], [1, 14, 2, 15], [7, 2, 8, 3], [3, 17, 4, 16], [15, 7, 16, 6], [5, 19, 6, 18], [17, 5, 18, 4], [19, 8, 20, 9], [11, 21, 12, 20], [13, 11, 14, 10], [21, 13, 22, 12]]"
11a_176_97,"[[21, 13, 22, 12], [9, 22, 10, 1], [1, 14, 2, 15], [7, 2, 8, 3], [3, 17, 4, 16], [15, 7, 16, 6], [5, 19, 6, 18], [17, 5, 18, 4], [19, 8, 20, 9], [11, 21, 12, 20], [13, 11, 14, 10]]"
11a_176_98,"[[13, 11, 14, 10], [21, 13, 22, 12], [9, 22, 10, 1], [1, 14, 2, 15], [7, 2, 8, 3], [3, 17, 4, 16], [15, 7, 16, 6], [5, 19, 6, 18], [17, 5, 18, 4], [19, 8, 20, 9], [11, 21, 12, 20]]"
11a_176_99,"[[12, 22, 13, 21], [14, 12, 15, 11], [22, 14, 1, 13], [10, 1, 11, 2], [2, 15, 3, 16], [8, 3, 9, 4], [4, 18, 5, 17], [16, 8, 17, 7], [6, 20, 7, 19], [18, 6, 19, 5], [20, 9, 21, 10]]"
11a_176_100,"[[20, 9, 21, 10], [12, 22, 13, 21], [14, 12, 15, 11], [22, 14, 1, 13], [10, 1, 11, 2], [2, 15, 3, 16], [8, 3, 9, 4], [4, 18, 5, 17], [16, 8, 17, 7], [6, 20, 7, 19], [18, 6, 19, 5]]"
11a_176_101,"[[18, 6, 19, 5], [20, 9, 21, 10], [12, 22, 13, 21], [14, 12, 15, 11], [22, 14, 1, 13], [10, 1, 11, 2], [2, 15, 3, 16], [8, 3, 9, 4], [4, 18, 5, 17], [16, 8, 17, 7], [6, 20, 7, 19]]"
11a_176_102,"[[6, 20, 7, 19], [18, 6, 19, 5], [20, 9, 21, 10], [12, 22, 13, 21], [14, 12, 15, 11], [22, 14, 1, 13], [10, 1, 11, 2], [2, 15, 3, 16], [8, 3, 9, 4], [4, 18, 5, 17], [16, 8, 17, 7]]"
11a_176_103,"[[16, 8, 17, 7], [6, 20, 7, 19], [18, 6, 19, 5], [20, 9, 21, 10], [12, 22, 13, 21], [14, 12, 15, 11], [22, 14, 1, 13], [10, 1, 11, 2], [2, 15, 3, 16], [8, 3, 9, 4], [4, 18, 5, 17]]"
11a_176_104,"[[4, 18, 5, 17], [16, 8, 17, 7], [6, 20, 7, 19], [18, 6, 19, 5], [20, 9, 21, 10], [12, 22, 13, 21], [14, 12, 15, 11], [22, 14, 1, 13], [10, 1, 11, 2], [2, 15, 3, 16], [8, 3, 9, 4]]"
11a_176_105,"[[8, 3, 9, 4], [4, 18, 5, 17], [16, 8, 17, 7], [6, 20, 7, 19], [18, 6, 19, 5], [20, 9, 21, 10], [12, 22, 13, 21], [14, 12, 15, 11], [22, 14, 1, 13], [10, 1, 11, 2], [2, 15, 3, 16]]"
11a_176_106,"[[2, 15, 3, 16], [8, 3, 9, 4], [4, 18, 5, 17], [16, 8, 17, 7], [6, 20, 7, 19], [18, 6, 19, 5], [20, 9, 21, 10], [12, 22, 13, 21], [14, 12, 15, 11], [22, 14, 1, 13], [10, 1, 11, 2]]"
11a_176_107,"[[10, 1, 11, 2], [2, 15, 3, 16], [8, 3, 9, 4], [4, 18, 5, 17], [16, 8, 17, 7], [6, 20, 7, 19], [18, 6, 19, 5], [20, 9, 21, 10], [12, 22, 13, 21], [14, 12, 15, 11], [22, 14, 1, 13]]"
11a_176_108,"[[22, 14, 1, 13], [10, 1, 11, 2], [2, 15, 3, 16], [8, 3, 9, 4], [4, 18, 5, 17], [16, 8, 17, 7], [6, 20, 7, 19], [18, 6, 19, 5], [20, 9, 21, 10], [12, 22, 13, 21], [14, 12, 15, 11]]"
11a_176_109,"[[14, 12, 15, 11], [22, 14, 1, 13], [10, 1, 11, 2], [2, 15, 3, 16], [8, 3, 9, 4], [4, 18, 5, 17], [16, 8, 17, 7], [6, 20, 7, 19], [18, 6, 19, 5], [20, 9, 21, 10], [12, 22, 13, 21]]"
11a_176_110,"[[13, 1, 14, 22], [15, 13, 16, 12], [1, 15, 2, 14], [11, 2, 12, 3], [3, 16, 4, 17], [9, 4, 10, 5], [5, 19, 6, 18], [17, 9, 18, 8], [7, 21, 8, 20], [19, 7, 20, 6], [21, 10, 22, 11]]"
11a_176_111,"[[21, 10, 22, 11], [13, 1, 14, 22], [15, 13, 16, 12], [1, 15, 2, 14], [11, 2, 12, 3], [3, 16, 4, 17], [9, 4, 10, 5], [5, 19, 6, 18], [17, 9, 18, 8], [7, 21, 8, 20], [19, 7, 20, 6]]"
11a_176_112,"[[19, 7, 20, 6], [21, 10, 22, 11], [13, 1, 14, 22], [15, 13, 16, 12], [1, 15, 2, 14], [11, 2, 12, 3], [3, 16, 4, 17], [9, 4, 10, 5], [5, 19, 6, 18], [17, 9, 18, 8], [7, 21, 8, 20]]"
11a_176_113,"[[7, 21, 8, 20], [19, 7, 20, 6], [21, 10, 22, 11], [13, 1, 14, 22], [15, 13, 16, 12], [1, 15, 2, 14], [11, 2, 12, 3], [3, 16, 4, 17], [9, 4, 10, 5], [5, 19, 6, 18], [17, 9, 18, 8]]"
11a_176_114,"[[17, 9, 18, 8], [7, 21, 8, 20], [19, 7, 20, 6], [21, 10, 22, 11], [13, 1, 14, 22], [15, 13, 16, 12], [1, 15, 2, 14], [11, 2, 12, 3], [3, 16, 4, 17], [9, 4, 10, 5], [5, 19, 6, 18]]"
11a_176_115,"[[5, 19, 6, 18], [17, 9, 18, 8], [7, 21, 8, 20], [19, 7, 20, 6], [21, 10, 22, 11], [13, 1, 14, 22], [15, 13, 16, 12], [1, 15, 2, 14], [11, 2, 12, 3], [3, 16, 4, 17], [9, 4, 10, 5]]"
11a_176_116,"[[9, 4, 10, 5], [5, 19, 6, 18], [17, 9, 18, 8], [7, 21, 8, 20], [19, 7, 20, 6], [21, 10, 22, 11], [13, 1, 14, 22], [15, 13, 16, 12], [1, 15, 2, 14], [11, 2, 12, 3], [3, 16, 4, 17]]"
11a_176_117,"[[3, 16, 4, 17], [9, 4, 10, 5], [5, 19, 6, 18], [17, 9, 18, 8], [7, 21, 8, 20], [19, 7, 20, 6], [21, 10, 22, 11], [13, 1, 14, 22], [15, 13, 16, 12], [1, 15, 2, 14], [11, 2, 12, 3]]"
11a_176_118,"[[11, 2, 12, 3], [3, 16, 4, 17], [9, 4, 10, 5], [5, 19, 6, 18], [17, 9, 18, 8], [7, 21, 8, 20], [19, 7, 20, 6], [21, 10, 22, 11], [13, 1, 14, 22], [15, 13, 16, 12], [1, 15, 2, 14]]"
11a_176_119,"[[1, 15, 2, 14], [11, 2, 12, 3], [3, 16, 4, 17], [9, 4, 10, 5], [5, 19, 6, 18], [17, 9, 18, 8], [7, 21, 8, 20], [19, 7, 20, 6], [21, 10, 22, 11], [13, 1, 14, 22], [15, 13, 16, 12]]"
11a_176_120,"[[15, 13, 16, 12], [1, 15, 2, 14], [11, 2, 12, 3], [3, 16, 4, 17], [9, 4, 10, 5], [5, 19, 6, 18], [17, 9, 18, 8], [7, 21, 8, 20], [19, 7, 20, 6], [21, 10, 22, 11], [13, 1, 14, 22]]"
11a_176_121,"[[14, 2, 15, 1], [16, 14, 17, 13], [2, 16, 3, 15], [12, 3, 13, 4], [4, 17, 5, 18], [10, 5, 11, 6], [6, 20, 7, 19], [18, 10, 19, 9], [8, 22, 9, 21], [20, 8, 21, 7], [22, 11, 1, 12]]"
11a_176_122,"[[22, 11, 1, 12], [14, 2, 15, 1], [16, 14, 17, 13], [2, 16, 3, 15], [12, 3, 13, 4], [4, 17, 5, 18], [10, 5, 11, 6], [6, 20, 7, 19], [18, 10, 19, 9], [8, 22, 9, 21], [20, 8, 21, 7]]"
11a_176_123,"[[20, 8, 21, 7], [22, 11, 1, 12], [14, 2, 15, 1], [16, 14, 17, 13], [2, 16, 3, 15], [12, 3, 13, 4], [4, 17, 5, 18], [10, 5, 11, 6], [6, 20, 7, 19], [18, 10, 19, 9], [8, 22, 9, 21]]"
11a_176_124,"[[8, 22, 9, 21], [20, 8, 21, 7], [22, 11, 1, 12], [14, 2, 15, 1], [16, 14, 17, 13], [2, 16, 3, 15], [12, 3, 13, 4], [4, 17, 5, 18], [10, 5, 11, 6], [6, 20, 7, 19], [18, 10, 19, 9]]"
11a_176_125,"[[18, 10, 19, 9], [8, 22, 9, 21], [20, 8, 21, 7], [22, 11, 1, 12], [14, 2, 15, 1], [16, 14, 17, 13], [2, 16, 3, 15], [12, 3, 13, 4], [4, 17, 5, 18], [10, 5, 11, 6], [6, 20, 7, 19]]"
11a_176_126,"[[6, 20, 7, 19], [18, 10, 19, 9], [8, 22, 9, 21], [20, 8, 21, 7], [22, 11, 1, 12], [14, 2, 15, 1], [16, 14, 17, 13], [2, 16, 3, 15], [12, 3, 13, 4], [4, 17, 5, 18], [10, 5, 11, 6]]"
11a_176_127,"[[10, 5, 11, 6], [6, 20, 7, 19], [18, 10, 19, 9], [8, 22, 9, 21], [20, 8, 21, 7], [22, 11, 1, 12], [14, 2, 15, 1], [16, 14, 17, 13], [2, 16, 3, 15], [12, 3, 13, 4], [4, 17, 5, 18]]"
11a_176_128,"[[4, 17, 5, 18], [10, 5, 11, 6], [6, 20, 7, 19], [18, 10, 19, 9], [8, 22, 9, 21], [20, 8, 21, 7], [22, 11, 1, 12], [14, 2, 15, 1], [16, 14, 17, 13], [2, 16, 3, 15], [12, 3, 13, 4]]"
11a_176_129,"[[12, 3, 13, 4], [4, 17, 5, 18], [10, 5, 11, 6], [6, 20, 7, 19], [18, 10, 19, 9], [8, 22, 9, 21], [20, 8, 21, 7], [22, 11, 1, 12], [14, 2, 15, 1], [16, 14, 17, 13], [2, 16, 3, 15]]"
11a_176_130,"[[2, 16, 3, 15], [12, 3, 13, 4], [4, 17, 5, 18], [10, 5, 11, 6], [6, 20, 7, 19], [18, 10, 19, 9], [8, 22, 9, 21], [20, 8, 21, 7], [22, 11, 1, 12], [14, 2, 15, 1], [16, 14, 17, 13]]"
11a_176_131,"[[16, 14, 17, 13], [2, 16, 3, 15], [12, 3, 13, 4], [4, 17, 5, 18], [10, 5, 11, 6], [6, 20, 7, 19], [18, 10, 19, 9], [8, 22, 9, 21], [20, 8, 21, 7], [22, 11, 1, 12], [14, 2, 15, 1]]"
11a_176_132,"[[15, 3, 16, 2], [17, 15, 18, 14], [3, 17, 4, 16], [13, 4, 14, 5], [5, 18, 6, 19], [11, 6, 12, 7], [7, 21, 8, 20], [19, 11, 20, 10], [9, 1, 10, 22], [21, 9, 22, 8], [1, 12, 2, 13]]"
11a_176_133,"[[1, 12, 2, 13], [15, 3, 16, 2], [17, 15, 18, 14], [3, 17, 4, 16], [13, 4, 14, 5], [5, 18, 6, 19], [11, 6, 12, 7], [7, 21, 8, 20], [19, 11, 20, 10], [9, 1, 10, 22], [21, 9, 22, 8]]"
11a_176_134,"[[21, 9, 22, 8], [1, 12, 2, 13], [15, 3, 16, 2], [17, 15, 18, 14], [3, 17, 4, 16], [13, 4, 14, 5], [5, 18, 6, 19], [11, 6, 12, 7], [7, 21, 8, 20], [19, 11, 20, 10], [9, 1, 10, 22]]"
11a_176_135,"[[9, 1, 10, 22], [21, 9, 22, 8], [1, 12, 2, 13], [15, 3, 16, 2], [17, 15, 18, 14], [3, 17, 4, 16], [13, 4, 14, 5], [5, 18, 6, 19], [11, 6, 12, 7], [7, 21, 8, 20], [19, 11, 20, 10]]"
11a_176_136,"[[19, 11, 20, 10], [9, 1, 10, 22], [21, 9, 22, 8], [1, 12, 2, 13], [15, 3, 16, 2], [17, 15, 18, 14], [3, 17, 4, 16], [13, 4, 14, 5], [5, 18, 6, 19], [11, 6, 12, 7], [7, 21, 8, 20]]"
11a_176_137,"[[7, 21, 8, 20], [19, 11, 20, 10], [9, 1, 10, 22], [21, 9, 22, 8], [1, 12, 2, 13], [15, 3, 16, 2], [17, 15, 18, 14], [3, 17, 4, 16], [13, 4, 14, 5], [5, 18, 6, 19], [11, 6, 12, 7]]"
11a_176_138,"[[11, 6, 12, 7], [7, 21, 8, 20], [19, 11, 20, 10], [9, 1, 10, 22], [21, 9, 22, 8], [1, 12, 2, 13], [15, 3, 16, 2], [17, 15, 18, 14], [3, 17, 4, 16], [13, 4, 14, 5], [5, 18, 6, 19]]"
11a_176_139,"[[5, 18, 6, 19], [11, 6, 12, 7], [7, 21, 8, 20], [19, 11, 20, 10], [9, 1, 10, 22], [21, 9, 22, 8], [1, 12, 2, 13], [15, 3, 16, 2], [17, 15, 18, 14], [3, 17, 4, 16], [13, 4, 14, 5]]"
11a_176_140,"[[13, 4, 14, 5], [5, 18, 6, 19], [11, 6, 12, 7], [7, 21, 8, 20], [19, 11, 20, 10], [9, 1, 10, 22], [21, 9, 22, 8], [1, 12, 2, 13], [15, 3, 16, 2], [17, 15, 18, 14], [3, 17, 4, 16]]"
11a_176_141,"[[3, 17, 4, 16], [13, 4, 14, 5], [5, 18, 6, 19], [11, 6, 12, 7], [7, 21, 8, 20], [19, 11, 20, 10], [9, 1, 10, 22], [21, 9, 22, 8], [1, 12, 2, 13], [15, 3, 16, 2], [17, 15, 18, 14]]"
11a_176_142,"[[17, 15, 18, 14], [3, 17, 4, 16], [13, 4, 14, 5], [5, 18, 6, 19], [11, 6, 12, 7], [7, 21, 8, 20], [19, 11, 20, 10], [9, 1, 10, 22], [21, 9, 22, 8], [1, 12, 2, 13], [15, 3, 16, 2]]"
11a_176_143,"[[16, 4, 17, 3], [18, 16, 19, 15], [4, 18, 5, 17], [14, 5, 15, 6], [6, 19, 7, 20], [12, 7, 13, 8], [8, 22, 9, 21], [20, 12, 21, 11], [10, 2, 11, 1], [22, 10, 1, 9], [2, 13, 3, 14]]"
11a_176_144,"[[2, 13, 3, 14], [16, 4, 17, 3], [18, 16, 19, 15], [4, 18, 5, 17], [14, 5, 15, 6], [6, 19, 7, 20], [12, 7, 13, 8], [8, 22, 9, 21], [20, 12, 21, 11], [10, 2, 11, 1], [22, 10, 1, 9]]"
11a_176_145,"[[22, 10, 1, 9], [2, 13, 3, 14], [16, 4, 17, 3], [18, 16, 19, 15], [4, 18, 5, 17], [14, 5, 15, 6], [6, 19, 7, 20], [12, 7, 13, 8], [8, 22, 9, 21], [20, 12, 21, 11], [10, 2, 11, 1]]"
11a_176_146,"[[10, 2, 11, 1], [22, 10, 1, 9], [2, 13, 3, 14], [16, 4, 17, 3], [18, 16, 19, 15], [4, 18, 5, 17], [14, 5, 15, 6], [6, 19, 7, 20], [12, 7, 13, 8], [8, 22, 9, 21], [20, 12, 21, 11]]"
11a_176_147,"[[20, 12, 21, 11], [10, 2, 11, 1], [22, 10, 1, 9], [2, 13, 3, 14], [16, 4, 17, 3], [18, 16, 19, 15], [4, 18, 5, 17], [14, 5, 15, 6], [6, 19, 7, 20], [12, 7, 13, 8], [8, 22, 9, 21]]"
11a_176_148,"[[8, 22, 9, 21], [20, 12, 21, 11], [10, 2, 11, 1], [22, 10, 1, 9], [2, 13, 3, 14], [16, 4, 17, 3], [18, 16, 19, 15], [4, 18, 5, 17], [14, 5, 15, 6], [6, 19, 7, 20], [12, 7, 13, 8]]"
11a_176_149,"[[12, 7, 13, 8], [8, 22, 9, 21], [20, 12, 21, 11], [10, 2, 11, 1], [22, 10, 1, 9], [2, 13, 3, 14], [16, 4, 17, 3], [18, 16, 19, 15], [4, 18, 5, 17], [14, 5, 15, 6], [6, 19, 7, 20]]"
11a_176_150,"[[6, 19, 7, 20], [12, 7, 13, 8], [8, 22, 9, 21], [20, 12, 21, 11], [10, 2, 11, 1], [22, 10, 1, 9], [2, 13, 3, 14], [16, 4, 17, 3], [18, 16, 19, 15], [4, 18, 5, 17], [14, 5, 15, 6]]"
11a_176_151,"[[14, 5, 15, 6], [6, 19, 7, 20], [12, 7, 13, 8], [8, 22, 9, 21], [20, 12, 21, 11], [10, 2, 11, 1], [22, 10, 1, 9], [2, 13, 3, 14], [16, 4, 17, 3], [18, 16, 19, 15], [4, 18, 5, 17]]"
11a_176_152,"[[4, 18, 5, 17], [14, 5, 15, 6], [6, 19, 7, 20], [12, 7, 13, 8], [8, 22, 9, 21], [20, 12, 21, 11], [10, 2, 11, 1], [22, 10, 1, 9], [2, 13, 3, 14], [16, 4, 17, 3], [18, 16, 19, 15]]"
11a_176_153,"[[18, 16, 19, 15], [4, 18, 5, 17], [14, 5, 15, 6], [6, 19, 7, 20], [12, 7, 13, 8], [8, 22, 9, 21], [20, 12, 21, 11], [10, 2, 11, 1], [22, 10, 1, 9], [2, 13, 3, 14], [16, 4, 17, 3]]"
11a_176_154,"[[17, 5, 18, 4], [19, 17, 20, 16], [5, 19, 6, 18], [15, 6, 16, 7], [7, 20, 8, 21], [13, 8, 14, 9], [9, 1, 10, 22], [21, 13, 22, 12], [11, 3, 12, 2], [1, 11, 2, 10], [3, 14, 4, 15]]"
11a_176_155,"[[3, 14, 4, 15], [17, 5, 18, 4], [19, 17, 20, 16], [5, 19, 6, 18], [15, 6, 16, 7], [7, 20, 8, 21], [13, 8, 14, 9], [9, 1, 10, 22], [21, 13, 22, 12], [11, 3, 12, 2], [1, 11, 2, 10]]"
11a_176_156,"[[1, 11, 2, 10], [3, 14, 4, 15], [17, 5, 18, 4], [19, 17, 20, 16], [5, 19, 6, 18], [15, 6, 16, 7], [7, 20, 8, 21], [13, 8, 14, 9], [9, 1, 10, 22], [21, 13, 22, 12], [11, 3, 12, 2]]"
11a_176_157,"[[11, 3, 12, 2], [1, 11, 2, 10], [3, 14, 4, 15], [17, 5, 18, 4], [19, 17, 20, 16], [5, 19, 6, 18], [15, 6, 16, 7], [7, 20, 8, 21], [13, 8, 14, 9], [9, 1, 10, 22], [21, 13, 22, 12]]"
11a_176_158,"[[21, 13, 22, 12], [11, 3, 12, 2], [1, 11, 2, 10], [3, 14, 4, 15], [17, 5, 18, 4], [19, 17, 20, 16], [5, 19, 6, 18], [15, 6, 16, 7], [7, 20, 8, 21], [13, 8, 14, 9], [9, 1, 10, 22]]"
11a_176_159,"[[9, 1, 10, 22], [21, 13, 22, 12], [11, 3, 12, 2], [1, 11, 2, 10], [3, 14, 4, 15], [17, 5, 18, 4], [19, 17, 20, 16], [5, 19, 6, 18], [15, 6, 16, 7], [7, 20, 8, 21], [13, 8, 14, 9]]"
11a_176_160,"[[13, 8, 14, 9], [9, 1, 10, 22], [21, 13, 22, 12], [11, 3, 12, 2], [1, 11, 2, 10], [3, 14, 4, 15], [17, 5, 18, 4], [19, 17, 20, 16], [5, 19, 6, 18], [15, 6, 16, 7], [7, 20, 8, 21]]"
11a_176_161,"[[7, 20, 8, 21], [13, 8, 14, 9], [9, 1, 10, 22], [21, 13, 22, 12], [11, 3, 12, 2], [1, 11, 2, 10], [3, 14, 4, 15], [17, 5, 18, 4], [19, 17, 20, 16], [5, 19, 6, 18], [15, 6, 16, 7]]"
11a_176_162,"[[15, 6, 16, 7], [7, 20, 8, 21], [13, 8, 14, 9], [9, 1, 10, 22], [21, 13, 22, 12], [11, 3, 12, 2], [1, 11, 2, 10], [3, 14, 4, 15], [17, 5, 18, 4], [19, 17, 20, 16], [5, 19, 6, 18]]"
11a_176_163,"[[5, 19, 6, 18], [15, 6, 16, 7], [7, 20, 8, 21], [13, 8, 14, 9], [9, 1, 10, 22], [21, 13, 22, 12], [11, 3, 12, 2], [1, 11, 2, 10], [3, 14, 4, 15], [17, 5, 18, 4], [19, 17, 20, 16]]"
11a_176_164,"[[19, 17, 20, 16], [5, 19, 6, 18], [15, 6, 16, 7], [7, 20, 8, 21], [13, 8, 14, 9], [9, 1, 10, 22], [21, 13, 22, 12], [11, 3, 12, 2], [1, 11, 2, 10], [3, 14, 4, 15], [17, 5, 18, 4]]"
11a_176_165,"[[18, 6, 19, 5], [20, 18, 21, 17], [6, 20, 7, 19], [16, 7, 17, 8], [8, 21, 9, 22], [14, 9, 15, 10], [10, 2, 11, 1], [22, 14, 1, 13], [12, 4, 13, 3], [2, 12, 3, 11], [4, 15, 5, 16]]"
11a_176_166,"[[4, 15, 5, 16], [18, 6, 19, 5], [20, 18, 21, 17], [6, 20, 7, 19], [16, 7, 17, 8], [8, 21, 9, 22], [14, 9, 15, 10], [10, 2, 11, 1], [22, 14, 1, 13], [12, 4, 13, 3], [2, 12, 3, 11]]"
11a_176_167,"[[2, 12, 3, 11], [4, 15, 5, 16], [18, 6, 19, 5], [20, 18, 21, 17], [6, 20, 7, 19], [16, 7, 17, 8], [8, 21, 9, 22], [14, 9, 15, 10], [10, 2, 11, 1], [22, 14, 1, 13], [12, 4, 13, 3]]"
11a_176_168,"[[12, 4, 13, 3], [2, 12, 3, 11], [4, 15, 5, 16], [18, 6, 19, 5], [20, 18, 21, 17], [6, 20, 7, 19], [16, 7, 17, 8], [8, 21, 9, 22], [14, 9, 15, 10], [10, 2, 11, 1], [22, 14, 1, 13]]"
11a_176_169,"[[22, 14, 1, 13], [12, 4, 13, 3], [2, 12, 3, 11], [4, 15, 5, 16], [18, 6, 19, 5], [20, 18, 21, 17], [6, 20, 7, 19], [16, 7, 17, 8], [8, 21, 9, 22], [14, 9, 15, 10], [10, 2, 11, 1]]"
11a_176_170,"[[10, 2, 11, 1], [22, 14, 1, 13], [12, 4, 13, 3], [2, 12, 3, 11], [4, 15, 5, 16], [18, 6, 19, 5], [20, 18, 21, 17], [6, 20, 7, 19], [16, 7, 17, 8], [8, 21, 9, 22], [14, 9, 15, 10]]"
11a_176_171,"[[14, 9, 15, 10], [10, 2, 11, 1], [22, 14, 1, 13], [12, 4, 13, 3], [2, 12, 3, 11], [4, 15, 5, 16], [18, 6, 19, 5], [20, 18, 21, 17], [6, 20, 7, 19], [16, 7, 17, 8], [8, 21, 9, 22]]"
11a_176_172,"[[8, 21, 9, 22], [14, 9, 15, 10], [10, 2, 11, 1], [22, 14, 1, 13], [12, 4, 13, 3], [2, 12, 3, 11], [4, 15, 5, 16], [18, 6, 19, 5], [20, 18, 21, 17], [6, 20, 7, 19], [16, 7, 17, 8]]"
11a_176_173,"[[16, 7, 17, 8], [8, 21, 9, 22], [14, 9, 15, 10], [10, 2, 11, 1], [22, 14, 1, 13], [12, 4, 13, 3], [2, 12, 3, 11], [4, 15, 5, 16], [18, 6, 19, 5], [20, 18, 21, 17], [6, 20, 7, 19]]"
11a_176_174,"[[6, 20, 7, 19], [16, 7, 17, 8], [8, 21, 9, 22], [14, 9, 15, 10], [10, 2, 11, 1], [22, 14, 1, 13], [12, 4, 13, 3], [2, 12, 3, 11], [4, 15, 5, 16], [18, 6, 19, 5], [20, 18, 21, 17]]"
11a_176_175,"[[20, 18, 21, 17], [6, 20, 7, 19], [16, 7, 17, 8], [8, 21, 9, 22], [14, 9, 15, 10], [10, 2, 11, 1], [22, 14, 1, 13], [12, 4, 13, 3], [2, 12, 3, 11], [4, 15, 5, 16], [18, 6, 19, 5]]"
11a_176_176,"[[19, 7, 20, 6], [21, 19, 22, 18], [7, 21, 8, 20], [17, 8, 18, 9], [9, 22, 10, 1], [15, 10, 16, 11], [11, 3, 12, 2], [1, 15, 2, 14], [13, 5, 14, 4], [3, 13, 4, 12], [5, 16, 6, 17]]"
11a_176_177,"[[5, 16, 6, 17], [19, 7, 20, 6], [21, 19, 22, 18], [7, 21, 8, 20], [17, 8, 18, 9], [9, 22, 10, 1], [15, 10, 16, 11], [11, 3, 12, 2], [1, 15, 2, 14], [13, 5, 14, 4], [3, 13, 4, 12]]"
11a_176_178,"[[3, 13, 4, 12], [5, 16, 6, 17], [19, 7, 20, 6], [21, 19, 22, 18], [7, 21, 8, 20], [17, 8, 18, 9], [9, 22, 10, 1], [15, 10, 16, 11], [11, 3, 12, 2], [1, 15, 2, 14], [13, 5, 14, 4]]"
11a_176_179,"[[13, 5, 14, 4], [3, 13, 4, 12], [5, 16, 6, 17], [19, 7, 20, 6], [21, 19, 22, 18], [7, 21, 8, 20], [17, 8, 18, 9], [9, 22, 10, 1], [15, 10, 16, 11], [11, 3, 12, 2], [1, 15, 2, 14]]"
11a_176_180,"[[1, 15, 2, 14], [13, 5, 14, 4], [3, 13, 4, 12], [5, 16, 6, 17], [19, 7, 20, 6], [21, 19, 22, 18], [7, 21, 8, 20], [17, 8, 18, 9], [9, 22, 10, 1], [15, 10, 16, 11], [11, 3, 12, 2]]"
11a_176_181,"[[11, 3, 12, 2], [1, 15, 2, 14], [13, 5, 14, 4], [3, 13, 4, 12], [5, 16, 6, 17], [19, 7, 20, 6], [21, 19, 22, 18], [7, 21, 8, 20], [17, 8, 18, 9], [9, 22, 10, 1], [15, 10, 16, 11]]"
11a_176_182,"[[15, 10, 16, 11], [11, 3, 12, 2], [1, 15, 2, 14], [13, 5, 14, 4], [3, 13, 4, 12], [5, 16, 6, 17], [19, 7, 20, 6], [21, 19, 22, 18], [7, 21, 8, 20], [17, 8, 18, 9], [9, 22, 10, 1]]"
11a_176_183,"[[9, 22, 10, 1], [15, 10, 16, 11], [11, 3, 12, 2], [1, 15, 2, 14], [13, 5, 14, 4], [3, 13, 4, 12], [5, 16, 6, 17], [19, 7, 20, 6], [21, 19, 22, 18], [7, 21, 8, 20], [17, 8, 18, 9]]"
11a_176_184,"[[17, 8, 18, 9], [9, 22, 10, 1], [15, 10, 16, 11], [11, 3, 12, 2], [1, 15, 2, 14], [13, 5, 14, 4], [3, 13, 4, 12], [5, 16, 6, 17], [19, 7, 20, 6], [21, 19, 22, 18], [7, 21, 8, 20]]"
11a_176_185,"[[7, 21, 8, 20], [17, 8, 18, 9], [9, 22, 10, 1], [15, 10, 16, 11], [11, 3, 12, 2], [1, 15, 2, 14], [13, 5, 14, 4], [3, 13, 4, 12], [5, 16, 6, 17], [19, 7, 20, 6], [21, 19, 22, 18]]"
11a_176_186,"[[21, 19, 22, 18], [7, 21, 8, 20], [17, 8, 18, 9], [9, 22, 10, 1], [15, 10, 16, 11], [11, 3, 12, 2], [1, 15, 2, 14], [13, 5, 14, 4], [3, 13, 4, 12], [5, 16, 6, 17], [19, 7, 20, 6]]"
11a_176_187,"[[20, 8, 21, 7], [22, 20, 1, 19], [8, 22, 9, 21], [18, 9, 19, 10], [10, 1, 11, 2], [16, 11, 17, 12], [12, 4, 13, 3], [2, 16, 3, 15], [14, 6, 15, 5], [4, 14, 5, 13], [6, 17, 7, 18]]"
11a_176_188,"[[6, 17, 7, 18], [20, 8, 21, 7], [22, 20, 1, 19], [8, 22, 9, 21], [18, 9, 19, 10], [10, 1, 11, 2], [16, 11, 17, 12], [12, 4, 13, 3], [2, 16, 3, 15], [14, 6, 15, 5], [4, 14, 5, 13]]"
11a_176_189,"[[4, 14, 5, 13], [6, 17, 7, 18], [20, 8, 21, 7], [22, 20, 1, 19], [8, 22, 9, 21], [18, 9, 19, 10], [10, 1, 11, 2], [16, 11, 17, 12], [12, 4, 13, 3], [2, 16, 3, 15], [14, 6, 15, 5]]"
11a_176_190,"[[14, 6, 15, 5], [4, 14, 5, 13], [6, 17, 7, 18], [20, 8, 21, 7], [22, 20, 1, 19], [8, 22, 9, 21], [18, 9, 19, 10], [10, 1, 11, 2], [16, 11, 17, 12], [12, 4, 13, 3], [2, 16, 3, 15]]"
11a_176_191,"[[2, 16, 3, 15], [14, 6, 15, 5], [4, 14, 5, 13], [6, 17, 7, 18], [20, 8, 21, 7], [22, 20, 1, 19], [8, 22, 9, 21], [18, 9, 19, 10], [10, 1, 11, 2], [16, 11, 17, 12], [12, 4, 13, 3]]"
11a_176_192,"[[12, 4, 13, 3], [2, 16, 3, 15], [14, 6, 15, 5], [4, 14, 5, 13], [6, 17, 7, 18], [20, 8, 21, 7], [22, 20, 1, 19], [8, 22, 9, 21], [18, 9, 19, 10], [10, 1, 11, 2], [16, 11, 17, 12]]"
11a_176_193,"[[16, 11, 17, 12], [12, 4, 13, 3], [2, 16, 3, 15], [14, 6, 15, 5], [4, 14, 5, 13], [6, 17, 7, 18], [20, 8, 21, 7], [22, 20, 1, 19], [8, 22, 9, 21], [18, 9, 19, 10], [10, 1, 11, 2]]"
11a_176_194,"[[10, 1, 11, 2], [16, 11, 17, 12], [12, 4, 13, 3], [2, 16, 3, 15], [14, 6, 15, 5], [4, 14, 5, 13], [6, 17, 7, 18], [20, 8, 21, 7], [22, 20, 1, 19], [8, 22, 9, 21], [18, 9, 19, 10]]"
11a_176_195,"[[18, 9, 19, 10], [10, 1, 11, 2], [16, 11, 17, 12], [12, 4, 13, 3], [2, 16, 3, 15], [14, 6, 15, 5], [4, 14, 5, 13], [6, 17, 7, 18], [20, 8, 21, 7], [22, 20, 1, 19], [8, 22, 9, 21]]"
11a_176_196,"[[8, 22, 9, 21], [18, 9, 19, 10], [10, 1, 11, 2], [16, 11, 17, 12], [12, 4, 13, 3], [2, 16, 3, 15], [14, 6, 15, 5], [4, 14, 5, 13], [6, 17, 7, 18], [20, 8, 21, 7], [22, 20, 1, 19]]"
11a_176_197,"[[22, 20, 1, 19], [8, 22, 9, 21], [18, 9, 19, 10], [10, 1, 11, 2], [16, 11, 17, 12], [12, 4, 13, 3], [2, 16, 3, 15], [14, 6, 15, 5], [4, 14, 5, 13], [6, 17, 7, 18], [20, 8, 21, 7]]"
11a_176_198,"[[21, 9, 22, 8], [1, 21, 2, 20], [9, 1, 10, 22], [19, 10, 20, 11], [11, 2, 12, 3], [17, 12, 18, 13], [13, 5, 14, 4], [3, 17, 4, 16], [15, 7, 16, 6], [5, 15, 6, 14], [7, 18, 8, 19]]"
11a_176_199,"[[7, 18, 8, 19], [21, 9, 22, 8], [1, 21, 2, 20], [9, 1, 10, 22], [19, 10, 20, 11], [11, 2, 12, 3], [17, 12, 18, 13], [13, 5, 14, 4], [3, 17, 4, 16], [15, 7, 16, 6], [5, 15, 6, 14]]"
11a_176_200,"[[5, 15, 6, 14], [7, 18, 8, 19], [21, 9, 22, 8], [1, 21, 2, 20], [9, 1, 10, 22], [19, 10, 20, 11], [11, 2, 12, 3], [17, 12, 18, 13], [13, 5, 14, 4], [3, 17, 4, 16], [15, 7, 16, 6]]"
11a_176_201,"[[15, 7, 16, 6], [5, 15, 6, 14], [7, 18, 8, 19], [21, 9, 22, 8], [1, 21, 2, 20], [9, 1, 10, 22], [19, 10, 20, 11], [11, 2, 12, 3], [17, 12, 18, 13], [13, 5, 14, 4], [3, 17, 4, 16]]"
11a_176_202,"[[3, 17, 4, 16], [15, 7, 16, 6], [5, 15, 6, 14], [7, 18, 8, 19], [21, 9, 22, 8], [1, 21, 2, 20], [9, 1, 10, 22], [19, 10, 20, 11], [11, 2, 12, 3], [17, 12, 18, 13], [13, 5, 14, 4]]"
11a_176_203,"[[13, 5, 14, 4], [3, 17, 4, 16], [15, 7, 16, 6], [5, 15, 6, 14], [7, 18, 8, 19], [21, 9, 22, 8], [1, 21, 2, 20], [9, 1, 10, 22], [19, 10, 20, 11], [11, 2, 12, 3], [17, 12, 18, 13]]"
