name,pd_notation
11a_162_0,"[[13, 21, 14, 20], [5, 3, 6, 2], [17, 11, 18, 10], [11, 4, 12, 5], [3, 12, 4, 13], [1, 18, 2, 19], [19, 6, 20, 7], [15, 8, 16, 9], [7, 14, 8, 15], [9, 22, 10, 1], [21, 17, 22, 16]]"
11a_162_1,"[[21, 17, 22, 16], [13, 21, 14, 20], [5, 3, 6, 2], [17, 11, 18, 10], [11, 4, 12, 5], [3, 12, 4, 13], [1, 18, 2, 19], [19, 6, 20, 7], [15, 8, 16, 9], [7, 14, 8, 15], [9, 22, 10, 1]]"
11a_162_2,"[[9, 22, 10, 1], [21, 17, 22, 16], [13, 21, 14, 20], [5, 3, 6, 2], [17, 11, 18, 10], [11, 4, 12, 5], [3, 12, 4, 13], [1, 18, 2, 19], [19, 6, 20, 7], [15, 8, 16, 9], [7, 14, 8, 15]]"
11a_162_3,"[[7, 14, 8, 15], [9, 22, 10, 1], [21, 17, 22, 16], [13, 21, 14, 20], [5, 3, 6, 2], [17, 11, 18, 10], [11, 4, 12, 5], [3, 12, 4, 13], [1, 18, 2, 19], [19, 6, 20, 7], [15, 8, 16, 9]]"
11a_162_4,"[[15, 8, 16, 9], [7, 14, 8, 15], [9, 22, 10, 1], [21, 17, 22, 16], [13, 21, 14, 20], [5, 3, 6, 2], [17, 11, 18, 10], [11, 4, 12, 5], [3, 12, 4, 13], [1, 18, 2, 19], [19, 6, 20, 7]]"
11a_162_5,"[[19, 6, 20, 7], [15, 8, 16, 9], [7, 14, 8, 15], [9, 22, 10, 1], [21, 17, 22, 16], [13, 21, 14, 20], [5, 3, 6, 2], [17, 11, 18, 10], [11, 4, 12, 5], [3, 12, 4, 13], [1, 18, 2, 19]]"
11a_162_6,"[[1, 18, 2, 19], [19, 6, 20, 7], [15, 8, 16, 9], [7, 14, 8, 15], [9, 22, 10, 1], [21, 17, 22, 16], [13, 21, 14, 20], [5, 3, 6, 2], [17, 11, 18, 10], [11, 4, 12, 5], [3, 12, 4, 13]]"
11a_162_7,"[[3, 12, 4, 13], [1, 18, 2, 19], [19, 6, 20, 7], [15, 8, 16, 9], [7, 14, 8, 15], [9, 22, 10, 1], [21, 17, 22, 16], [13, 21, 14, 20], [5, 3, 6, 2], [17, 11, 18, 10], [11, 4, 12, 5]]"
11a_162_8,"[[11, 4, 12, 5], [3, 12, 4, 13], [1, 18, 2, 19], [19, 6, 20, 7], [15, 8, 16, 9], [7, 14, 8, 15], [9, 22, 10, 1], [21, 17, 22, 16], [13, 21, 14, 20], [5, 3, 6, 2], [17, 11, 18, 10]]"
11a_162_9,"[[17, 11, 18, 10], [11, 4, 12, 5], [3, 12, 4, 13], [1, 18, 2, 19], [19, 6, 20, 7], [15, 8, 16, 9], [7, 14, 8, 15], [9, 22, 10, 1], [21, 17, 22, 16], [13, 21, 14, 20], [5, 3, 6, 2]]"
11a_162_10,"[[5, 3, 6, 2], [17, 11, 18, 10], [11, 4, 12, 5], [3, 12, 4, 13], [1, 18, 2, 19], [19, 6, 20, 7], [15, 8, 16, 9], [7, 14, 8, 15], [9, 22, 10, 1], [21, 17, 22, 16], [13, 21, 14, 20]]"
11a_162_11,"[[14, 22, 15, 21], [6, 4, 7, 3], [18, 12, 19, 11], [12, 5, 13, 6], [4, 13, 5, 14], [2, 19, 3, 20], [20, 7, 21, 8], [16, 9, 17, 10], [8, 15, 9, 16], [10, 1, 11, 2], [22, 18, 1, 17]]"
11a_162_12,"[[22, 18, 1, 17], [14, 22, 15, 21], [6, 4, 7, 3], [18, 12, 19, 11], [12, 5, 13, 6], [4, 13, 5, 14], [2, 19, 3, 20], [20, 7, 21, 8], [16, 9, 17, 10], [8, 15, 9, 16], [10, 1, 11, 2]]"
11a_162_13,"[[10, 1, 11, 2], [22, 18, 1, 17], [14, 22, 15, 21], [6, 4, 7, 3], [18, 12, 19, 11], [12, 5, 13, 6], [4, 13, 5, 14], [2, 19, 3, 20], [20, 7, 21, 8], [16, 9, 17, 10], [8, 15, 9, 16]]"
11a_162_14,"[[8, 15, 9, 16], [10, 1, 11, 2], [22, 18, 1, 17], [14, 22, 15, 21], [6, 4, 7, 3], [18, 12, 19, 11], [12, 5, 13, 6], [4, 13, 5, 14], [2, 19, 3, 20], [20, 7, 21, 8], [16, 9, 17, 10]]"
11a_162_15,"[[16, 9, 17, 10], [8, 15, 9, 16], [10, 1, 11, 2], [22, 18, 1, 17], [14, 22, 15, 21], [6, 4, 7, 3], [18, 12, 19, 11], [12, 5, 13, 6], [4, 13, 5, 14], [2, 19, 3, 20], [20, 7, 21, 8]]"
11a_162_16,"[[20, 7, 21, 8], [16, 9, 17, 10], [8, 15, 9, 16], [10, 1, 11, 2], [22, 18, 1, 17], [14, 22, 15, 21], [6, 4, 7, 3], [18, 12, 19, 11], [12, 5, 13, 6], [4, 13, 5, 14], [2, 19, 3, 20]]"
11a_162_17,"[[2, 19, 3, 20], [20, 7, 21, 8], [16, 9, 17, 10], [8, 15, 9, 16], [10, 1, 11, 2], [22, 18, 1, 17], [14, 22, 15, 21], [6, 4, 7, 3], [18, 12, 19, 11], [12, 5, 13, 6], [4, 13, 5, 14]]"
11a_162_18,"[[4, 13, 5, 14], [2, 19, 3, 20], [20, 7, 21, 8], [16, 9, 17, 10], [8, 15, 9, 16], [10, 1, 11, 2], [22, 18, 1, 17], [14, 22, 15, 21], [6, 4, 7, 3], [18, 12, 19, 11], [12, 5, 13, 6]]"
11a_162_19,"[[12, 5, 13, 6], [4, 13, 5, 14], [2, 19, 3, 20], [20, 7, 21, 8], [16, 9, 17, 10], [8, 15, 9, 16], [10, 1, 11, 2], [22, 18, 1, 17], [14, 22, 15, 21], [6, 4, 7, 3], [18, 12, 19, 11]]"
11a_162_20,"[[18, 12, 19, 11], [12, 5, 13, 6], [4, 13, 5, 14], [2, 19, 3, 20], [20, 7, 21, 8], [16, 9, 17, 10], [8, 15, 9, 16], [10, 1, 11, 2], [22, 18, 1, 17], [14, 22, 15, 21], [6, 4, 7, 3]]"
11a_162_21,"[[6, 4, 7, 3], [18, 12, 19, 11], [12, 5, 13, 6], [4, 13, 5, 14], [2, 19, 3, 20], [20, 7, 21, 8], [16, 9, 17, 10], [8, 15, 9, 16], [10, 1, 11, 2], [22, 18, 1, 17], [14, 22, 15, 21]]"
11a_162_22,"[[15, 1, 16, 22], [7, 5, 8, 4], [19, 13, 20, 12], [13, 6, 14, 7], [5, 14, 6, 15], [3, 20, 4, 21], [21, 8, 22, 9], [17, 10, 18, 11], [9, 16, 10, 17], [11, 2, 12, 3], [1, 19, 2, 18]]"
11a_162_23,"[[1, 19, 2, 18], [15, 1, 16, 22], [7, 5, 8, 4], [19, 13, 20, 12], [13, 6, 14, 7], [5, 14, 6, 15], [3, 20, 4, 21], [21, 8, 22, 9], [17, 10, 18, 11], [9, 16, 10, 17], [11, 2, 12, 3]]"
11a_162_24,"[[11, 2, 12, 3], [1, 19, 2, 18], [15, 1, 16, 22], [7, 5, 8, 4], [19, 13, 20, 12], [13, 6, 14, 7], [5, 14, 6, 15], [3, 20, 4, 21], [21, 8, 22, 9], [17, 10, 18, 11], [9, 16, 10, 17]]"
11a_162_25,"[[9, 16, 10, 17], [11, 2, 12, 3], [1, 19, 2, 18], [15, 1, 16, 22], [7, 5, 8, 4], [19, 13, 20, 12], [13, 6, 14, 7], [5, 14, 6, 15], [3, 20, 4, 21], [21, 8, 22, 9], [17, 10, 18, 11]]"
11a_162_26,"[[17, 10, 18, 11], [9, 16, 10, 17], [11, 2, 12, 3], [1, 19, 2, 18], [15, 1, 16, 22], [7, 5, 8, 4], [19, 13, 20, 12], [13, 6, 14, 7], [5, 14, 6, 15], [3, 20, 4, 21], [21, 8, 22, 9]]"
11a_162_27,"[[21, 8, 22, 9], [17, 10, 18, 11], [9, 16, 10, 17], [11, 2, 12, 3], [1, 19, 2, 18], [15, 1, 16, 22], [7, 5, 8, 4], [19, 13, 20, 12], [13, 6, 14, 7], [5, 14, 6, 15], [3, 20, 4, 21]]"
11a_162_28,"[[3, 20, 4, 21], [21, 8, 22, 9], [17, 10, 18, 11], [9, 16, 10, 17], [11, 2, 12, 3], [1, 19, 2, 18], [15, 1, 16, 22], [7, 5, 8, 4], [19, 13, 20, 12], [13, 6, 14, 7], [5, 14, 6, 15]]"
11a_162_29,"[[5, 14, 6, 15], [3, 20, 4, 21], [21, 8, 22, 9], [17, 10, 18, 11], [9, 16, 10, 17], [11, 2, 12, 3], [1, 19, 2, 18], [15, 1, 16, 22], [7, 5, 8, 4], [19, 13, 20, 12], [13, 6, 14, 7]]"
11a_162_30,"[[13, 6, 14, 7], [5, 14, 6, 15], [3, 20, 4, 21], [21, 8, 22, 9], [17, 10, 18, 11], [9, 16, 10, 17], [11, 2, 12, 3], [1, 19, 2, 18], [15, 1, 16, 22], [7, 5, 8, 4], [19, 13, 20, 12]]"
11a_162_31,"[[19, 13, 20, 12], [13, 6, 14, 7], [5, 14, 6, 15], [3, 20, 4, 21], [21, 8, 22, 9], [17, 10, 18, 11], [9, 16, 10, 17], [11, 2, 12, 3], [1, 19, 2, 18], [15, 1, 16, 22], [7, 5, 8, 4]]"
11a_162_32,"[[7, 5, 8, 4], [19, 13, 20, 12], [13, 6, 14, 7], [5, 14, 6, 15], [3, 20, 4, 21], [21, 8, 22, 9], [17, 10, 18, 11], [9, 16, 10, 17], [11, 2, 12, 3], [1, 19, 2, 18], [15, 1, 16, 22]]"
11a_162_33,"[[16, 2, 17, 1], [8, 6, 9, 5], [20, 14, 21, 13], [14, 7, 15, 8], [6, 15, 7, 16], [4, 21, 5, 22], [22, 9, 1, 10], [18, 11, 19, 12], [10, 17, 11, 18], [12, 3, 13, 4], [2, 20, 3, 19]]"
11a_162_34,"[[2, 20, 3, 19], [16, 2, 17, 1], [8, 6, 9, 5], [20, 14, 21, 13], [14, 7, 15, 8], [6, 15, 7, 16], [4, 21, 5, 22], [22, 9, 1, 10], [18, 11, 19, 12], [10, 17, 11, 18], [12, 3, 13, 4]]"
11a_162_35,"[[12, 3, 13, 4], [2, 20, 3, 19], [16, 2, 17, 1], [8, 6, 9, 5], [20, 14, 21, 13], [14, 7, 15, 8], [6, 15, 7, 16], [4, 21, 5, 22], [22, 9, 1, 10], [18, 11, 19, 12], [10, 17, 11, 18]]"
11a_162_36,"[[10, 17, 11, 18], [12, 3, 13, 4], [2, 20, 3, 19], [16, 2, 17, 1], [8, 6, 9, 5], [20, 14, 21, 13], [14, 7, 15, 8], [6, 15, 7, 16], [4, 21, 5, 22], [22, 9, 1, 10], [18, 11, 19, 12]]"
11a_162_37,"[[18, 11, 19, 12], [10, 17, 11, 18], [12, 3, 13, 4], [2, 20, 3, 19], [16, 2, 17, 1], [8, 6, 9, 5], [20, 14, 21, 13], [14, 7, 15, 8], [6, 15, 7, 16], [4, 21, 5, 22], [22, 9, 1, 10]]"
11a_162_38,"[[22, 9, 1, 10], [18, 11, 19, 12], [10, 17, 11, 18], [12, 3, 13, 4], [2, 20, 3, 19], [16, 2, 17, 1], [8, 6, 9, 5], [20, 14, 21, 13], [14, 7, 15, 8], [6, 15, 7, 16], [4, 21, 5, 22]]"
11a_162_39,"[[4, 21, 5, 22], [22, 9, 1, 10], [18, 11, 19, 12], [10, 17, 11, 18], [12, 3, 13, 4], [2, 20, 3, 19], [16, 2, 17, 1], [8, 6, 9, 5], [20, 14, 21, 13], [14, 7, 15, 8], [6, 15, 7, 16]]"
11a_162_40,"[[6, 15, 7, 16], [4, 21, 5, 22], [22, 9, 1, 10], [18, 11, 19, 12], [10, 17, 11, 18], [12, 3, 13, 4], [2, 20, 3, 19], [16, 2, 17, 1], [8, 6, 9, 5], [20, 14, 21, 13], [14, 7, 15, 8]]"
11a_162_41,"[[14, 7, 15, 8], [6, 15, 7, 16], [4, 21, 5, 22], [22, 9, 1, 10], [18, 11, 19, 12], [10, 17, 11, 18], [12, 3, 13, 4], [2, 20, 3, 19], [16, 2, 17, 1], [8, 6, 9, 5], [20, 14, 21, 13]]"
11a_162_42,"[[20, 14, 21, 13], [14, 7, 15, 8], [6, 15, 7, 16], [4, 21, 5, 22], [22, 9, 1, 10], [18, 11, 19, 12], [10, 17, 11, 18], [12, 3, 13, 4], [2, 20, 3, 19], [16, 2, 17, 1], [8, 6, 9, 5]]"
11a_162_43,"[[8, 6, 9, 5], [20, 14, 21, 13], [14, 7, 15, 8], [6, 15, 7, 16], [4, 21, 5, 22], [22, 9, 1, 10], [18, 11, 19, 12], [10, 17, 11, 18], [12, 3, 13, 4], [2, 20, 3, 19], [16, 2, 17, 1]]"
11a_162_44,"[[17, 3, 18, 2], [9, 7, 10, 6], [21, 15, 22, 14], [15, 8, 16, 9], [7, 16, 8, 17], [5, 22, 6, 1], [1, 10, 2, 11], [19, 12, 20, 13], [11, 18, 12, 19], [13, 4, 14, 5], [3, 21, 4, 20]]"
11a_162_45,"[[3, 21, 4, 20], [17, 3, 18, 2], [9, 7, 10, 6], [21, 15, 22, 14], [15, 8, 16, 9], [7, 16, 8, 17], [5, 22, 6, 1], [1, 10, 2, 11], [19, 12, 20, 13], [11, 18, 12, 19], [13, 4, 14, 5]]"
11a_162_46,"[[13, 4, 14, 5], [3, 21, 4, 20], [17, 3, 18, 2], [9, 7, 10, 6], [21, 15, 22, 14], [15, 8, 16, 9], [7, 16, 8, 17], [5, 22, 6, 1], [1, 10, 2, 11], [19, 12, 20, 13], [11, 18, 12, 19]]"
11a_162_47,"[[11, 18, 12, 19], [13, 4, 14, 5], [3, 21, 4, 20], [17, 3, 18, 2], [9, 7, 10, 6], [21, 15, 22, 14], [15, 8, 16, 9], [7, 16, 8, 17], [5, 22, 6, 1], [1, 10, 2, 11], [19, 12, 20, 13]]"
11a_162_48,"[[19, 12, 20, 13], [11, 18, 12, 19], [13, 4, 14, 5], [3, 21, 4, 20], [17, 3, 18, 2], [9, 7, 10, 6], [21, 15, 22, 14], [15, 8, 16, 9], [7, 16, 8, 17], [5, 22, 6, 1], [1, 10, 2, 11]]"
11a_162_49,"[[1, 10, 2, 11], [19, 12, 20, 13], [11, 18, 12, 19], [13, 4, 14, 5], [3, 21, 4, 20], [17, 3, 18, 2], [9, 7, 10, 6], [21, 15, 22, 14], [15, 8, 16, 9], [7, 16, 8, 17], [5, 22, 6, 1]]"
11a_162_50,"[[5, 22, 6, 1], [1, 10, 2, 11], [19, 12, 20, 13], [11, 18, 12, 19], [13, 4, 14, 5], [3, 21, 4, 20], [17, 3, 18, 2], [9, 7, 10, 6], [21, 15, 22, 14], [15, 8, 16, 9], [7, 16, 8, 17]]"
11a_162_51,"[[7, 16, 8, 17], [5, 22, 6, 1], [1, 10, 2, 11], [19, 12, 20, 13], [11, 18, 12, 19], [13, 4, 14, 5], [3, 21, 4, 20], [17, 3, 18, 2], [9, 7, 10, 6], [21, 15, 22, 14], [15, 8, 16, 9]]"
11a_162_52,"[[15, 8, 16, 9], [7, 16, 8, 17], [5, 22, 6, 1], [1, 10, 2, 11], [19, 12, 20, 13], [11, 18, 12, 19], [13, 4, 14, 5], [3, 21, 4, 20], [17, 3, 18, 2], [9, 7, 10, 6], [21, 15, 22, 14]]"
11a_162_53,"[[21, 15, 22, 14], [15, 8, 16, 9], [7, 16, 8, 17], [5, 22, 6, 1], [1, 10, 2, 11], [19, 12, 20, 13], [11, 18, 12, 19], [13, 4, 14, 5], [3, 21, 4, 20], [17, 3, 18, 2], [9, 7, 10, 6]]"
11a_162_54,"[[9, 7, 10, 6], [21, 15, 22, 14], [15, 8, 16, 9], [7, 16, 8, 17], [5, 22, 6, 1], [1, 10, 2, 11], [19, 12, 20, 13], [11, 18, 12, 19], [13, 4, 14, 5], [3, 21, 4, 20], [17, 3, 18, 2]]"
11a_162_55,"[[18, 4, 19, 3], [10, 8, 11, 7], [22, 16, 1, 15], [16, 9, 17, 10], [8, 17, 9, 18], [6, 1, 7, 2], [2, 11, 3, 12], [20, 13, 21, 14], [12, 19, 13, 20], [14, 5, 15, 6], [4, 22, 5, 21]]"
11a_162_56,"[[4, 22, 5, 21], [18, 4, 19, 3], [10, 8, 11, 7], [22, 16, 1, 15], [16, 9, 17, 10], [8, 17, 9, 18], [6, 1, 7, 2], [2, 11, 3, 12], [20, 13, 21, 14], [12, 19, 13, 20], [14, 5, 15, 6]]"
11a_162_57,"[[14, 5, 15, 6], [4, 22, 5, 21], [18, 4, 19, 3], [10, 8, 11, 7], [22, 16, 1, 15], [16, 9, 17, 10], [8, 17, 9, 18], [6, 1, 7, 2], [2, 11, 3, 12], [20, 13, 21, 14], [12, 19, 13, 20]]"
11a_162_58,"[[12, 19, 13, 20], [14, 5, 15, 6], [4, 22, 5, 21], [18, 4, 19, 3], [10, 8, 11, 7], [22, 16, 1, 15], [16, 9, 17, 10], [8, 17, 9, 18], [6, 1, 7, 2], [2, 11, 3, 12], [20, 13, 21, 14]]"
11a_162_59,"[[20, 13, 21, 14], [12, 19, 13, 20], [14, 5, 15, 6], [4, 22, 5, 21], [18, 4, 19, 3], [10, 8, 11, 7], [22, 16, 1, 15], [16, 9, 17, 10], [8, 17, 9, 18], [6, 1, 7, 2], [2, 11, 3, 12]]"
11a_162_60,"[[2, 11, 3, 12], [20, 13, 21, 14], [12, 19, 13, 20], [14, 5, 15, 6], [4, 22, 5, 21], [18, 4, 19, 3], [10, 8, 11, 7], [22, 16, 1, 15], [16, 9, 17, 10], [8, 17, 9, 18], [6, 1, 7, 2]]"
11a_162_61,"[[6, 1, 7, 2], [2, 11, 3, 12], [20, 13, 21, 14], [12, 19, 13, 20], [14, 5, 15, 6], [4, 22, 5, 21], [18, 4, 19, 3], [10, 8, 11, 7], [22, 16, 1, 15], [16, 9, 17, 10], [8, 17, 9, 18]]"
11a_162_62,"[[8, 17, 9, 18], [6, 1, 7, 2], [2, 11, 3, 12], [20, 13, 21, 14], [12, 19, 13, 20], [14, 5, 15, 6], [4, 22, 5, 21], [18, 4, 19, 3], [10, 8, 11, 7], [22, 16, 1, 15], [16, 9, 17, 10]]"
11a_162_63,"[[16, 9, 17, 10], [8, 17, 9, 18], [6, 1, 7, 2], [2, 11, 3, 12], [20, 13, 21, 14], [12, 19, 13, 20], [14, 5, 15, 6], [4, 22, 5, 21], [18, 4, 19, 3], [10, 8, 11, 7], [22, 16, 1, 15]]"
11a_162_64,"[[22, 16, 1, 15], [16, 9, 17, 10], [8, 17, 9, 18], [6, 1, 7, 2], [2, 11, 3, 12], [20, 13, 21, 14], [12, 19, 13, 20], [14, 5, 15, 6], [4, 22, 5, 21], [18, 4, 19, 3], [10, 8, 11, 7]]"
11a_162_65,"[[10, 8, 11, 7], [22, 16, 1, 15], [16, 9, 17, 10], [8, 17, 9, 18], [6, 1, 7, 2], [2, 11, 3, 12], [20, 13, 21, 14], [12, 19, 13, 20], [14, 5, 15, 6], [4, 22, 5, 21], [18, 4, 19, 3]]"
11a_162_66,"[[19, 5, 20, 4], [11, 9, 12, 8], [1, 17, 2, 16], [17, 10, 18, 11], [9, 18, 10, 19], [7, 2, 8, 3], [3, 12, 4, 13], [21, 14, 22, 15], [13, 20, 14, 21], [15, 6, 16, 7], [5, 1, 6, 22]]"
11a_162_67,"[[5, 1, 6, 22], [19, 5, 20, 4], [11, 9, 12, 8], [1, 17, 2, 16], [17, 10, 18, 11], [9, 18, 10, 19], [7, 2, 8, 3], [3, 12, 4, 13], [21, 14, 22, 15], [13, 20, 14, 21], [15, 6, 16, 7]]"
11a_162_68,"[[15, 6, 16, 7], [5, 1, 6, 22], [19, 5, 20, 4], [11, 9, 12, 8], [1, 17, 2, 16], [17, 10, 18, 11], [9, 18, 10, 19], [7, 2, 8, 3], [3, 12, 4, 13], [21, 14, 22, 15], [13, 20, 14, 21]]"
11a_162_69,"[[13, 20, 14, 21], [15, 6, 16, 7], [5, 1, 6, 22], [19, 5, 20, 4], [11, 9, 12, 8], [1, 17, 2, 16], [17, 10, 18, 11], [9, 18, 10, 19], [7, 2, 8, 3], [3, 12, 4, 13], [21, 14, 22, 15]]"
11a_162_70,"[[21, 14, 22, 15], [13, 20, 14, 21], [15, 6, 16, 7], [5, 1, 6, 22], [19, 5, 20, 4], [11, 9, 12, 8], [1, 17, 2, 16], [17, 10, 18, 11], [9, 18, 10, 19], [7, 2, 8, 3], [3, 12, 4, 13]]"
11a_162_71,"[[3, 12, 4, 13], [21, 14, 22, 15], [13, 20, 14, 21], [15, 6, 16, 7], [5, 1, 6, 22], [19, 5, 20, 4], [11, 9, 12, 8], [1, 17, 2, 16], [17, 10, 18, 11], [9, 18, 10, 19], [7, 2, 8, 3]]"
11a_162_72,"[[7, 2, 8, 3], [3, 12, 4, 13], [21, 14, 22, 15], [13, 20, 14, 21], [15, 6, 16, 7], [5, 1, 6, 22], [19, 5, 20, 4], [11, 9, 12, 8], [1, 17, 2, 16], [17, 10, 18, 11], [9, 18, 10, 19]]"
11a_162_73,"[[9, 18, 10, 19], [7, 2, 8, 3], [3, 12, 4, 13], [21, 14, 22, 15], [13, 20, 14, 21], [15, 6, 16, 7], [5, 1, 6, 22], [19, 5, 20, 4], [11, 9, 12, 8], [1, 17, 2, 16], [17, 10, 18, 11]]"
11a_162_74,"[[17, 10, 18, 11], [9, 18, 10, 19], [7, 2, 8, 3], [3, 12, 4, 13], [21, 14, 22, 15], [13, 20, 14, 21], [15, 6, 16, 7], [5, 1, 6, 22], [19, 5, 20, 4], [11, 9, 12, 8], [1, 17, 2, 16]]"
11a_162_75,"[[1, 17, 2, 16], [17, 10, 18, 11], [9, 18, 10, 19], [7, 2, 8, 3], [3, 12, 4, 13], [21, 14, 22, 15], [13, 20, 14, 21], [15, 6, 16, 7], [5, 1, 6, 22], [19, 5, 20, 4], [11, 9, 12, 8]]"
11a_162_76,"[[11, 9, 12, 8], [1, 17, 2, 16], [17, 10, 18, 11], [9, 18, 10, 19], [7, 2, 8, 3], [3, 12, 4, 13], [21, 14, 22, 15], [13, 20, 14, 21], [15, 6, 16, 7], [5, 1, 6, 22], [19, 5, 20, 4]]"
11a_162_77,"[[20, 6, 21, 5], [12, 10, 13, 9], [2, 18, 3, 17], [18, 11, 19, 12], [10, 19, 11, 20], [8, 3, 9, 4], [4, 13, 5, 14], [22, 15, 1, 16], [14, 21, 15, 22], [16, 7, 17, 8], [6, 2, 7, 1]]"
11a_162_78,"[[6, 2, 7, 1], [20, 6, 21, 5], [12, 10, 13, 9], [2, 18, 3, 17], [18, 11, 19, 12], [10, 19, 11, 20], [8, 3, 9, 4], [4, 13, 5, 14], [22, 15, 1, 16], [14, 21, 15, 22], [16, 7, 17, 8]]"
11a_162_79,"[[16, 7, 17, 8], [6, 2, 7, 1], [20, 6, 21, 5], [12, 10, 13, 9], [2, 18, 3, 17], [18, 11, 19, 12], [10, 19, 11, 20], [8, 3, 9, 4], [4, 13, 5, 14], [22, 15, 1, 16], [14, 21, 15, 22]]"
11a_162_80,"[[14, 21, 15, 22], [16, 7, 17, 8], [6, 2, 7, 1], [20, 6, 21, 5], [12, 10, 13, 9], [2, 18, 3, 17], [18, 11, 19, 12], [10, 19, 11, 20], [8, 3, 9, 4], [4, 13, 5, 14], [22, 15, 1, 16]]"
11a_162_81,"[[22, 15, 1, 16], [14, 21, 15, 22], [16, 7, 17, 8], [6, 2, 7, 1], [20, 6, 21, 5], [12, 10, 13, 9], [2, 18, 3, 17], [18, 11, 19, 12], [10, 19, 11, 20], [8, 3, 9, 4], [4, 13, 5, 14]]"
11a_162_82,"[[4, 13, 5, 14], [22, 15, 1, 16], [14, 21, 15, 22], [16, 7, 17, 8], [6, 2, 7, 1], [20, 6, 21, 5], [12, 10, 13, 9], [2, 18, 3, 17], [18, 11, 19, 12], [10, 19, 11, 20], [8, 3, 9, 4]]"
11a_162_83,"[[8, 3, 9, 4], [4, 13, 5, 14], [22, 15, 1, 16], [14, 21, 15, 22], [16, 7, 17, 8], [6, 2, 7, 1], [20, 6, 21, 5], [12, 10, 13, 9], [2, 18, 3, 17], [18, 11, 19, 12], [10, 19, 11, 20]]"
11a_162_84,"[[10, 19, 11, 20], [8, 3, 9, 4], [4, 13, 5, 14], [22, 15, 1, 16], [14, 21, 15, 22], [16, 7, 17, 8], [6, 2, 7, 1], [20, 6, 21, 5], [12, 10, 13, 9], [2, 18, 3, 17], [18, 11, 19, 12]]"
11a_162_85,"[[18, 11, 19, 12], [10, 19, 11, 20], [8, 3, 9, 4], [4, 13, 5, 14], [22, 15, 1, 16], [14, 21, 15, 22], [16, 7, 17, 8], [6, 2, 7, 1], [20, 6, 21, 5], [12, 10, 13, 9], [2, 18, 3, 17]]"
11a_162_86,"[[2, 18, 3, 17], [18, 11, 19, 12], [10, 19, 11, 20], [8, 3, 9, 4], [4, 13, 5, 14], [22, 15, 1, 16], [14, 21, 15, 22], [16, 7, 17, 8], [6, 2, 7, 1], [20, 6, 21, 5], [12, 10, 13, 9]]"
11a_162_87,"[[12, 10, 13, 9], [2, 18, 3, 17], [18, 11, 19, 12], [10, 19, 11, 20], [8, 3, 9, 4], [4, 13, 5, 14], [22, 15, 1, 16], [14, 21, 15, 22], [16, 7, 17, 8], [6, 2, 7, 1], [20, 6, 21, 5]]"
11a_162_88,"[[21, 7, 22, 6], [13, 11, 14, 10], [3, 19, 4, 18], [19, 12, 20, 13], [11, 20, 12, 21], [9, 4, 10, 5], [5, 14, 6, 15], [1, 16, 2, 17], [15, 22, 16, 1], [17, 8, 18, 9], [7, 3, 8, 2]]"
11a_162_89,"[[7, 3, 8, 2], [21, 7, 22, 6], [13, 11, 14, 10], [3, 19, 4, 18], [19, 12, 20, 13], [11, 20, 12, 21], [9, 4, 10, 5], [5, 14, 6, 15], [1, 16, 2, 17], [15, 22, 16, 1], [17, 8, 18, 9]]"
11a_162_90,"[[17, 8, 18, 9], [7, 3, 8, 2], [21, 7, 22, 6], [13, 11, 14, 10], [3, 19, 4, 18], [19, 12, 20, 13], [11, 20, 12, 21], [9, 4, 10, 5], [5, 14, 6, 15], [1, 16, 2, 17], [15, 22, 16, 1]]"
11a_162_91,"[[15, 22, 16, 1], [17, 8, 18, 9], [7, 3, 8, 2], [21, 7, 22, 6], [13, 11, 14, 10], [3, 19, 4, 18], [19, 12, 20, 13], [11, 20, 12, 21], [9, 4, 10, 5], [5, 14, 6, 15], [1, 16, 2, 17]]"
11a_162_92,"[[1, 16, 2, 17], [15, 22, 16, 1], [17, 8, 18, 9], [7, 3, 8, 2], [21, 7, 22, 6], [13, 11, 14, 10], [3, 19, 4, 18], [19, 12, 20, 13], [11, 20, 12, 21], [9, 4, 10, 5], [5, 14, 6, 15]]"
11a_162_93,"[[5, 14, 6, 15], [1, 16, 2, 17], [15, 22, 16, 1], [17, 8, 18, 9], [7, 3, 8, 2], [21, 7, 22, 6], [13, 11, 14, 10], [3, 19, 4, 18], [19, 12, 20, 13], [11, 20, 12, 21], [9, 4, 10, 5]]"
11a_162_94,"[[9, 4, 10, 5], [5, 14, 6, 15], [1, 16, 2, 17], [15, 22, 16, 1], [17, 8, 18, 9], [7, 3, 8, 2], [21, 7, 22, 6], [13, 11, 14, 10], [3, 19, 4, 18], [19, 12, 20, 13], [11, 20, 12, 21]]"
11a_162_95,"[[11, 20, 12, 21], [9, 4, 10, 5], [5, 14, 6, 15], [1, 16, 2, 17], [15, 22, 16, 1], [17, 8, 18, 9], [7, 3, 8, 2], [21, 7, 22, 6], [13, 11, 14, 10], [3, 19, 4, 18], [19, 12, 20, 13]]"
11a_162_96,"[[19, 12, 20, 13], [11, 20, 12, 21], [9, 4, 10, 5], [5, 14, 6, 15], [1, 16, 2, 17], [15, 22, 16, 1], [17, 8, 18, 9], [7, 3, 8, 2], [21, 7, 22, 6], [13, 11, 14, 10], [3, 19, 4, 18]]"
11a_162_97,"[[3, 19, 4, 18], [19, 12, 20, 13], [11, 20, 12, 21], [9, 4, 10, 5], [5, 14, 6, 15], [1, 16, 2, 17], [15, 22, 16, 1], [17, 8, 18, 9], [7, 3, 8, 2], [21, 7, 22, 6], [13, 11, 14, 10]]"
11a_162_98,"[[13, 11, 14, 10], [3, 19, 4, 18], [19, 12, 20, 13], [11, 20, 12, 21], [9, 4, 10, 5], [5, 14, 6, 15], [1, 16, 2, 17], [15, 22, 16, 1], [17, 8, 18, 9], [7, 3, 8, 2], [21, 7, 22, 6]]"
11a_162_99,"[[22, 8, 1, 7], [14, 12, 15, 11], [4, 20, 5, 19], [20, 13, 21, 14], [12, 21, 13, 22], [10, 5, 11, 6], [6, 15, 7, 16], [2, 17, 3, 18], [16, 1, 17, 2], [18, 9, 19, 10], [8, 4, 9, 3]]"
11a_162_100,"[[8, 4, 9, 3], [22, 8, 1, 7], [14, 12, 15, 11], [4, 20, 5, 19], [20, 13, 21, 14], [12, 21, 13, 22], [10, 5, 11, 6], [6, 15, 7, 16], [2, 17, 3, 18], [16, 1, 17, 2], [18, 9, 19, 10]]"
11a_162_101,"[[18, 9, 19, 10], [8, 4, 9, 3], [22, 8, 1, 7], [14, 12, 15, 11], [4, 20, 5, 19], [20, 13, 21, 14], [12, 21, 13, 22], [10, 5, 11, 6], [6, 15, 7, 16], [2, 17, 3, 18], [16, 1, 17, 2]]"
11a_162_102,"[[16, 1, 17, 2], [18, 9, 19, 10], [8, 4, 9, 3], [22, 8, 1, 7], [14, 12, 15, 11], [4, 20, 5, 19], [20, 13, 21, 14], [12, 21, 13, 22], [10, 5, 11, 6], [6, 15, 7, 16], [2, 17, 3, 18]]"
11a_162_103,"[[2, 17, 3, 18], [16, 1, 17, 2], [18, 9, 19, 10], [8, 4, 9, 3], [22, 8, 1, 7], [14, 12, 15, 11], [4, 20, 5, 19], [20, 13, 21, 14], [12, 21, 13, 22], [10, 5, 11, 6], [6, 15, 7, 16]]"
11a_162_104,"[[6, 15, 7, 16], [2, 17, 3, 18], [16, 1, 17, 2], [18, 9, 19, 10], [8, 4, 9, 3], [22, 8, 1, 7], [14, 12, 15, 11], [4, 20, 5, 19], [20, 13, 21, 14], [12, 21, 13, 22], [10, 5, 11, 6]]"
11a_162_105,"[[10, 5, 11, 6], [6, 15, 7, 16], [2, 17, 3, 18], [16, 1, 17, 2], [18, 9, 19, 10], [8, 4, 9, 3], [22, 8, 1, 7], [14, 12, 15, 11], [4, 20, 5, 19], [20, 13, 21, 14], [12, 21, 13, 22]]"
11a_162_106,"[[12, 21, 13, 22], [10, 5, 11, 6], [6, 15, 7, 16], [2, 17, 3, 18], [16, 1, 17, 2], [18, 9, 19, 10], [8, 4, 9, 3], [22, 8, 1, 7], [14, 12, 15, 11], [4, 20, 5, 19], [20, 13, 21, 14]]"
11a_162_107,"[[20, 13, 21, 14], [12, 21, 13, 22], [10, 5, 11, 6], [6, 15, 7, 16], [2, 17, 3, 18], [16, 1, 17, 2], [18, 9, 19, 10], [8, 4, 9, 3], [22, 8, 1, 7], [14, 12, 15, 11], [4, 20, 5, 19]]"
11a_162_108,"[[4, 20, 5, 19], [20, 13, 21, 14], [12, 21, 13, 22], [10, 5, 11, 6], [6, 15, 7, 16], [2, 17, 3, 18], [16, 1, 17, 2], [18, 9, 19, 10], [8, 4, 9, 3], [22, 8, 1, 7], [14, 12, 15, 11]]"
11a_162_109,"[[14, 12, 15, 11], [4, 20, 5, 19], [20, 13, 21, 14], [12, 21, 13, 22], [10, 5, 11, 6], [6, 15, 7, 16], [2, 17, 3, 18], [16, 1, 17, 2], [18, 9, 19, 10], [8, 4, 9, 3], [22, 8, 1, 7]]"
11a_162_110,"[[1, 9, 2, 8], [15, 13, 16, 12], [5, 21, 6, 20], [21, 14, 22, 15], [13, 22, 14, 1], [11, 6, 12, 7], [7, 16, 8, 17], [3, 18, 4, 19], [17, 2, 18, 3], [19, 10, 20, 11], [9, 5, 10, 4]]"
11a_162_111,"[[9, 5, 10, 4], [1, 9, 2, 8], [15, 13, 16, 12], [5, 21, 6, 20], [21, 14, 22, 15], [13, 22, 14, 1], [11, 6, 12, 7], [7, 16, 8, 17], [3, 18, 4, 19], [17, 2, 18, 3], [19, 10, 20, 11]]"
11a_162_112,"[[19, 10, 20, 11], [9, 5, 10, 4], [1, 9, 2, 8], [15, 13, 16, 12], [5, 21, 6, 20], [21, 14, 22, 15], [13, 22, 14, 1], [11, 6, 12, 7], [7, 16, 8, 17], [3, 18, 4, 19], [17, 2, 18, 3]]"
11a_162_113,"[[17, 2, 18, 3], [19, 10, 20, 11], [9, 5, 10, 4], [1, 9, 2, 8], [15, 13, 16, 12], [5, 21, 6, 20], [21, 14, 22, 15], [13, 22, 14, 1], [11, 6, 12, 7], [7, 16, 8, 17], [3, 18, 4, 19]]"
11a_162_114,"[[3, 18, 4, 19], [17, 2, 18, 3], [19, 10, 20, 11], [9, 5, 10, 4], [1, 9, 2, 8], [15, 13, 16, 12], [5, 21, 6, 20], [21, 14, 22, 15], [13, 22, 14, 1], [11, 6, 12, 7], [7, 16, 8, 17]]"
11a_162_115,"[[7, 16, 8, 17], [3, 18, 4, 19], [17, 2, 18, 3], [19, 10, 20, 11], [9, 5, 10, 4], [1, 9, 2, 8], [15, 13, 16, 12], [5, 21, 6, 20], [21, 14, 22, 15], [13, 22, 14, 1], [11, 6, 12, 7]]"
11a_162_116,"[[11, 6, 12, 7], [7, 16, 8, 17], [3, 18, 4, 19], [17, 2, 18, 3], [19, 10, 20, 11], [9, 5, 10, 4], [1, 9, 2, 8], [15, 13, 16, 12], [5, 21, 6, 20], [21, 14, 22, 15], [13, 22, 14, 1]]"
11a_162_117,"[[13, 22, 14, 1], [11, 6, 12, 7], [7, 16, 8, 17], [3, 18, 4, 19], [17, 2, 18, 3], [19, 10, 20, 11], [9, 5, 10, 4], [1, 9, 2, 8], [15, 13, 16, 12], [5, 21, 6, 20], [21, 14, 22, 15]]"
11a_162_118,"[[21, 14, 22, 15], [13, 22, 14, 1], [11, 6, 12, 7], [7, 16, 8, 17], [3, 18, 4, 19], [17, 2, 18, 3], [19, 10, 20, 11], [9, 5, 10, 4], [1, 9, 2, 8], [15, 13, 16, 12], [5, 21, 6, 20]]"
11a_162_119,"[[5, 21, 6, 20], [21, 14, 22, 15], [13, 22, 14, 1], [11, 6, 12, 7], [7, 16, 8, 17], [3, 18, 4, 19], [17, 2, 18, 3], [19, 10, 20, 11], [9, 5, 10, 4], [1, 9, 2, 8], [15, 13, 16, 12]]"
11a_162_120,"[[15, 13, 16, 12], [5, 21, 6, 20], [21, 14, 22, 15], [13, 22, 14, 1], [11, 6, 12, 7], [7, 16, 8, 17], [3, 18, 4, 19], [17, 2, 18, 3], [19, 10, 20, 11], [9, 5, 10, 4], [1, 9, 2, 8]]"
11a_162_121,"[[2, 10, 3, 9], [16, 14, 17, 13], [6, 22, 7, 21], [22, 15, 1, 16], [14, 1, 15, 2], [12, 7, 13, 8], [8, 17, 9, 18], [4, 19, 5, 20], [18, 3, 19, 4], [20, 11, 21, 12], [10, 6, 11, 5]]"
11a_162_122,"[[10, 6, 11, 5], [2, 10, 3, 9], [16, 14, 17, 13], [6, 22, 7, 21], [22, 15, 1, 16], [14, 1, 15, 2], [12, 7, 13, 8], [8, 17, 9, 18], [4, 19, 5, 20], [18, 3, 19, 4], [20, 11, 21, 12]]"
11a_162_123,"[[20, 11, 21, 12], [10, 6, 11, 5], [2, 10, 3, 9], [16, 14, 17, 13], [6, 22, 7, 21], [22, 15, 1, 16], [14, 1, 15, 2], [12, 7, 13, 8], [8, 17, 9, 18], [4, 19, 5, 20], [18, 3, 19, 4]]"
11a_162_124,"[[18, 3, 19, 4], [20, 11, 21, 12], [10, 6, 11, 5], [2, 10, 3, 9], [16, 14, 17, 13], [6, 22, 7, 21], [22, 15, 1, 16], [14, 1, 15, 2], [12, 7, 13, 8], [8, 17, 9, 18], [4, 19, 5, 20]]"
11a_162_125,"[[4, 19, 5, 20], [18, 3, 19, 4], [20, 11, 21, 12], [10, 6, 11, 5], [2, 10, 3, 9], [16, 14, 17, 13], [6, 22, 7, 21], [22, 15, 1, 16], [14, 1, 15, 2], [12, 7, 13, 8], [8, 17, 9, 18]]"
11a_162_126,"[[8, 17, 9, 18], [4, 19, 5, 20], [18, 3, 19, 4], [20, 11, 21, 12], [10, 6, 11, 5], [2, 10, 3, 9], [16, 14, 17, 13], [6, 22, 7, 21], [22, 15, 1, 16], [14, 1, 15, 2], [12, 7, 13, 8]]"
11a_162_127,"[[12, 7, 13, 8], [8, 17, 9, 18], [4, 19, 5, 20], [18, 3, 19, 4], [20, 11, 21, 12], [10, 6, 11, 5], [2, 10, 3, 9], [16, 14, 17, 13], [6, 22, 7, 21], [22, 15, 1, 16], [14, 1, 15, 2]]"
11a_162_128,"[[14, 1, 15, 2], [12, 7, 13, 8], [8, 17, 9, 18], [4, 19, 5, 20], [18, 3, 19, 4], [20, 11, 21, 12], [10, 6, 11, 5], [2, 10, 3, 9], [16, 14, 17, 13], [6, 22, 7, 21], [22, 15, 1, 16]]"
11a_162_129,"[[22, 15, 1, 16], [14, 1, 15, 2], [12, 7, 13, 8], [8, 17, 9, 18], [4, 19, 5, 20], [18, 3, 19, 4], [20, 11, 21, 12], [10, 6, 11, 5], [2, 10, 3, 9], [16, 14, 17, 13], [6, 22, 7, 21]]"
11a_162_130,"[[6, 22, 7, 21], [22, 15, 1, 16], [14, 1, 15, 2], [12, 7, 13, 8], [8, 17, 9, 18], [4, 19, 5, 20], [18, 3, 19, 4], [20, 11, 21, 12], [10, 6, 11, 5], [2, 10, 3, 9], [16, 14, 17, 13]]"
11a_162_131,"[[16, 14, 17, 13], [6, 22, 7, 21], [22, 15, 1, 16], [14, 1, 15, 2], [12, 7, 13, 8], [8, 17, 9, 18], [4, 19, 5, 20], [18, 3, 19, 4], [20, 11, 21, 12], [10, 6, 11, 5], [2, 10, 3, 9]]"
11a_162_132,"[[3, 11, 4, 10], [17, 15, 18, 14], [7, 1, 8, 22], [1, 16, 2, 17], [15, 2, 16, 3], [13, 8, 14, 9], [9, 18, 10, 19], [5, 20, 6, 21], [19, 4, 20, 5], [21, 12, 22, 13], [11, 7, 12, 6]]"
11a_162_133,"[[11, 7, 12, 6], [3, 11, 4, 10], [17, 15, 18, 14], [7, 1, 8, 22], [1, 16, 2, 17], [15, 2, 16, 3], [13, 8, 14, 9], [9, 18, 10, 19], [5, 20, 6, 21], [19, 4, 20, 5], [21, 12, 22, 13]]"
11a_162_134,"[[21, 12, 22, 13], [11, 7, 12, 6], [3, 11, 4, 10], [17, 15, 18, 14], [7, 1, 8, 22], [1, 16, 2, 17], [15, 2, 16, 3], [13, 8, 14, 9], [9, 18, 10, 19], [5, 20, 6, 21], [19, 4, 20, 5]]"
11a_162_135,"[[19, 4, 20, 5], [21, 12, 22, 13], [11, 7, 12, 6], [3, 11, 4, 10], [17, 15, 18, 14], [7, 1, 8, 22], [1, 16, 2, 17], [15, 2, 16, 3], [13, 8, 14, 9], [9, 18, 10, 19], [5, 20, 6, 21]]"
11a_162_136,"[[5, 20, 6, 21], [19, 4, 20, 5], [21, 12, 22, 13], [11, 7, 12, 6], [3, 11, 4, 10], [17, 15, 18, 14], [7, 1, 8, 22], [1, 16, 2, 17], [15, 2, 16, 3], [13, 8, 14, 9], [9, 18, 10, 19]]"
11a_162_137,"[[9, 18, 10, 19], [5, 20, 6, 21], [19, 4, 20, 5], [21, 12, 22, 13], [11, 7, 12, 6], [3, 11, 4, 10], [17, 15, 18, 14], [7, 1, 8, 22], [1, 16, 2, 17], [15, 2, 16, 3], [13, 8, 14, 9]]"
11a_162_138,"[[13, 8, 14, 9], [9, 18, 10, 19], [5, 20, 6, 21], [19, 4, 20, 5], [21, 12, 22, 13], [11, 7, 12, 6], [3, 11, 4, 10], [17, 15, 18, 14], [7, 1, 8, 22], [1, 16, 2, 17], [15, 2, 16, 3]]"
11a_162_139,"[[15, 2, 16, 3], [13, 8, 14, 9], [9, 18, 10, 19], [5, 20, 6, 21], [19, 4, 20, 5], [21, 12, 22, 13], [11, 7, 12, 6], [3, 11, 4, 10], [17, 15, 18, 14], [7, 1, 8, 22], [1, 16, 2, 17]]"
11a_162_140,"[[1, 16, 2, 17], [15, 2, 16, 3], [13, 8, 14, 9], [9, 18, 10, 19], [5, 20, 6, 21], [19, 4, 20, 5], [21, 12, 22, 13], [11, 7, 12, 6], [3, 11, 4, 10], [17, 15, 18, 14], [7, 1, 8, 22]]"
11a_162_141,"[[7, 1, 8, 22], [1, 16, 2, 17], [15, 2, 16, 3], [13, 8, 14, 9], [9, 18, 10, 19], [5, 20, 6, 21], [19, 4, 20, 5], [21, 12, 22, 13], [11, 7, 12, 6], [3, 11, 4, 10], [17, 15, 18, 14]]"
11a_162_142,"[[17, 15, 18, 14], [7, 1, 8, 22], [1, 16, 2, 17], [15, 2, 16, 3], [13, 8, 14, 9], [9, 18, 10, 19], [5, 20, 6, 21], [19, 4, 20, 5], [21, 12, 22, 13], [11, 7, 12, 6], [3, 11, 4, 10]]"
11a_162_143,"[[4, 12, 5, 11], [18, 16, 19, 15], [8, 2, 9, 1], [2, 17, 3, 18], [16, 3, 17, 4], [14, 9, 15, 10], [10, 19, 11, 20], [6, 21, 7, 22], [20, 5, 21, 6], [22, 13, 1, 14], [12, 8, 13, 7]]"
11a_162_144,"[[12, 8, 13, 7], [4, 12, 5, 11], [18, 16, 19, 15], [8, 2, 9, 1], [2, 17, 3, 18], [16, 3, 17, 4], [14, 9, 15, 10], [10, 19, 11, 20], [6, 21, 7, 22], [20, 5, 21, 6], [22, 13, 1, 14]]"
11a_162_145,"[[22, 13, 1, 14], [12, 8, 13, 7], [4, 12, 5, 11], [18, 16, 19, 15], [8, 2, 9, 1], [2, 17, 3, 18], [16, 3, 17, 4], [14, 9, 15, 10], [10, 19, 11, 20], [6, 21, 7, 22], [20, 5, 21, 6]]"
11a_162_146,"[[20, 5, 21, 6], [22, 13, 1, 14], [12, 8, 13, 7], [4, 12, 5, 11], [18, 16, 19, 15], [8, 2, 9, 1], [2, 17, 3, 18], [16, 3, 17, 4], [14, 9, 15, 10], [10, 19, 11, 20], [6, 21, 7, 22]]"
11a_162_147,"[[6, 21, 7, 22], [20, 5, 21, 6], [22, 13, 1, 14], [12, 8, 13, 7], [4, 12, 5, 11], [18, 16, 19, 15], [8, 2, 9, 1], [2, 17, 3, 18], [16, 3, 17, 4], [14, 9, 15, 10], [10, 19, 11, 20]]"
11a_162_148,"[[10, 19, 11, 20], [6, 21, 7, 22], [20, 5, 21, 6], [22, 13, 1, 14], [12, 8, 13, 7], [4, 12, 5, 11], [18, 16, 19, 15], [8, 2, 9, 1], [2, 17, 3, 18], [16, 3, 17, 4], [14, 9, 15, 10]]"
11a_162_149,"[[14, 9, 15, 10], [10, 19, 11, 20], [6, 21, 7, 22], [20, 5, 21, 6], [22, 13, 1, 14], [12, 8, 13, 7], [4, 12, 5, 11], [18, 16, 19, 15], [8, 2, 9, 1], [2, 17, 3, 18], [16, 3, 17, 4]]"
11a_162_150,"[[16, 3, 17, 4], [14, 9, 15, 10], [10, 19, 11, 20], [6, 21, 7, 22], [20, 5, 21, 6], [22, 13, 1, 14], [12, 8, 13, 7], [4, 12, 5, 11], [18, 16, 19, 15], [8, 2, 9, 1], [2, 17, 3, 18]]"
11a_162_151,"[[2, 17, 3, 18], [16, 3, 17, 4], [14, 9, 15, 10], [10, 19, 11, 20], [6, 21, 7, 22], [20, 5, 21, 6], [22, 13, 1, 14], [12, 8, 13, 7], [4, 12, 5, 11], [18, 16, 19, 15], [8, 2, 9, 1]]"
11a_162_152,"[[8, 2, 9, 1], [2, 17, 3, 18], [16, 3, 17, 4], [14, 9, 15, 10], [10, 19, 11, 20], [6, 21, 7, 22], [20, 5, 21, 6], [22, 13, 1, 14], [12, 8, 13, 7], [4, 12, 5, 11], [18, 16, 19, 15]]"
11a_162_153,"[[18, 16, 19, 15], [8, 2, 9, 1], [2, 17, 3, 18], [16, 3, 17, 4], [14, 9, 15, 10], [10, 19, 11, 20], [6, 21, 7, 22], [20, 5, 21, 6], [22, 13, 1, 14], [12, 8, 13, 7], [4, 12, 5, 11]]"
11a_162_154,"[[5, 13, 6, 12], [19, 17, 20, 16], [9, 3, 10, 2], [3, 18, 4, 19], [17, 4, 18, 5], [15, 10, 16, 11], [11, 20, 12, 21], [7, 22, 8, 1], [21, 6, 22, 7], [1, 14, 2, 15], [13, 9, 14, 8]]"
11a_162_155,"[[13, 9, 14, 8], [5, 13, 6, 12], [19, 17, 20, 16], [9, 3, 10, 2], [3, 18, 4, 19], [17, 4, 18, 5], [15, 10, 16, 11], [11, 20, 12, 21], [7, 22, 8, 1], [21, 6, 22, 7], [1, 14, 2, 15]]"
11a_162_156,"[[1, 14, 2, 15], [13, 9, 14, 8], [5, 13, 6, 12], [19, 17, 20, 16], [9, 3, 10, 2], [3, 18, 4, 19], [17, 4, 18, 5], [15, 10, 16, 11], [11, 20, 12, 21], [7, 22, 8, 1], [21, 6, 22, 7]]"
11a_162_157,"[[21, 6, 22, 7], [1, 14, 2, 15], [13, 9, 14, 8], [5, 13, 6, 12], [19, 17, 20, 16], [9, 3, 10, 2], [3, 18, 4, 19], [17, 4, 18, 5], [15, 10, 16, 11], [11, 20, 12, 21], [7, 22, 8, 1]]"
11a_162_158,"[[7, 22, 8, 1], [21, 6, 22, 7], [1, 14, 2, 15], [13, 9, 14, 8], [5, 13, 6, 12], [19, 17, 20, 16], [9, 3, 10, 2], [3, 18, 4, 19], [17, 4, 18, 5], [15, 10, 16, 11], [11, 20, 12, 21]]"
11a_162_159,"[[11, 20, 12, 21], [7, 22, 8, 1], [21, 6, 22, 7], [1, 14, 2, 15], [13, 9, 14, 8], [5, 13, 6, 12], [19, 17, 20, 16], [9, 3, 10, 2], [3, 18, 4, 19], [17, 4, 18, 5], [15, 10, 16, 11]]"
11a_162_160,"[[15, 10, 16, 11], [11, 20, 12, 21], [7, 22, 8, 1], [21, 6, 22, 7], [1, 14, 2, 15], [13, 9, 14, 8], [5, 13, 6, 12], [19, 17, 20, 16], [9, 3, 10, 2], [3, 18, 4, 19], [17, 4, 18, 5]]"
11a_162_161,"[[17, 4, 18, 5], [15, 10, 16, 11], [11, 20, 12, 21], [7, 22, 8, 1], [21, 6, 22, 7], [1, 14, 2, 15], [13, 9, 14, 8], [5, 13, 6, 12], [19, 17, 20, 16], [9, 3, 10, 2], [3, 18, 4, 19]]"
11a_162_162,"[[3, 18, 4, 19], [17, 4, 18, 5], [15, 10, 16, 11], [11, 20, 12, 21], [7, 22, 8, 1], [21, 6, 22, 7], [1, 14, 2, 15], [13, 9, 14, 8], [5, 13, 6, 12], [19, 17, 20, 16], [9, 3, 10, 2]]"
11a_162_163,"[[9, 3, 10, 2], [3, 18, 4, 19], [17, 4, 18, 5], [15, 10, 16, 11], [11, 20, 12, 21], [7, 22, 8, 1], [21, 6, 22, 7], [1, 14, 2, 15], [13, 9, 14, 8], [5, 13, 6, 12], [19, 17, 20, 16]]"
11a_162_164,"[[19, 17, 20, 16], [9, 3, 10, 2], [3, 18, 4, 19], [17, 4, 18, 5], [15, 10, 16, 11], [11, 20, 12, 21], [7, 22, 8, 1], [21, 6, 22, 7], [1, 14, 2, 15], [13, 9, 14, 8], [5, 13, 6, 12]]"
11a_162_165,"[[6, 14, 7, 13], [20, 18, 21, 17], [10, 4, 11, 3], [4, 19, 5, 20], [18, 5, 19, 6], [16, 11, 17, 12], [12, 21, 13, 22], [8, 1, 9, 2], [22, 7, 1, 8], [2, 15, 3, 16], [14, 10, 15, 9]]"
11a_162_166,"[[14, 10, 15, 9], [6, 14, 7, 13], [20, 18, 21, 17], [10, 4, 11, 3], [4, 19, 5, 20], [18, 5, 19, 6], [16, 11, 17, 12], [12, 21, 13, 22], [8, 1, 9, 2], [22, 7, 1, 8], [2, 15, 3, 16]]"
11a_162_167,"[[2, 15, 3, 16], [14, 10, 15, 9], [6, 14, 7, 13], [20, 18, 21, 17], [10, 4, 11, 3], [4, 19, 5, 20], [18, 5, 19, 6], [16, 11, 17, 12], [12, 21, 13, 22], [8, 1, 9, 2], [22, 7, 1, 8]]"
11a_162_168,"[[22, 7, 1, 8], [2, 15, 3, 16], [14, 10, 15, 9], [6, 14, 7, 13], [20, 18, 21, 17], [10, 4, 11, 3], [4, 19, 5, 20], [18, 5, 19, 6], [16, 11, 17, 12], [12, 21, 13, 22], [8, 1, 9, 2]]"
11a_162_169,"[[8, 1, 9, 2], [22, 7, 1, 8], [2, 15, 3, 16], [14, 10, 15, 9], [6, 14, 7, 13], [20, 18, 21, 17], [10, 4, 11, 3], [4, 19, 5, 20], [18, 5, 19, 6], [16, 11, 17, 12], [12, 21, 13, 22]]"
11a_162_170,"[[12, 21, 13, 22], [8, 1, 9, 2], [22, 7, 1, 8], [2, 15, 3, 16], [14, 10, 15, 9], [6, 14, 7, 13], [20, 18, 21, 17], [10, 4, 11, 3], [4, 19, 5, 20], [18, 5, 19, 6], [16, 11, 17, 12]]"
11a_162_171,"[[16, 11, 17, 12], [12, 21, 13, 22], [8, 1, 9, 2], [22, 7, 1, 8], [2, 15, 3, 16], [14, 10, 15, 9], [6, 14, 7, 13], [20, 18, 21, 17], [10, 4, 11, 3], [4, 19, 5, 20], [18, 5, 19, 6]]"
11a_162_172,"[[18, 5, 19, 6], [16, 11, 17, 12], [12, 21, 13, 22], [8, 1, 9, 2], [22, 7, 1, 8], [2, 15, 3, 16], [14, 10, 15, 9], [6, 14, 7, 13], [20, 18, 21, 17], [10, 4, 11, 3], [4, 19, 5, 20]]"
11a_162_173,"[[4, 19, 5, 20], [18, 5, 19, 6], [16, 11, 17, 12], [12, 21, 13, 22], [8, 1, 9, 2], [22, 7, 1, 8], [2, 15, 3, 16], [14, 10, 15, 9], [6, 14, 7, 13], [20, 18, 21, 17], [10, 4, 11, 3]]"
11a_162_174,"[[10, 4, 11, 3], [4, 19, 5, 20], [18, 5, 19, 6], [16, 11, 17, 12], [12, 21, 13, 22], [8, 1, 9, 2], [22, 7, 1, 8], [2, 15, 3, 16], [14, 10, 15, 9], [6, 14, 7, 13], [20, 18, 21, 17]]"
11a_162_175,"[[20, 18, 21, 17], [10, 4, 11, 3], [4, 19, 5, 20], [18, 5, 19, 6], [16, 11, 17, 12], [12, 21, 13, 22], [8, 1, 9, 2], [22, 7, 1, 8], [2, 15, 3, 16], [14, 10, 15, 9], [6, 14, 7, 13]]"
11a_162_176,"[[7, 15, 8, 14], [21, 19, 22, 18], [11, 5, 12, 4], [5, 20, 6, 21], [19, 6, 20, 7], [17, 12, 18, 13], [13, 22, 14, 1], [9, 2, 10, 3], [1, 8, 2, 9], [3, 16, 4, 17], [15, 11, 16, 10]]"
11a_162_177,"[[15, 11, 16, 10], [7, 15, 8, 14], [21, 19, 22, 18], [11, 5, 12, 4], [5, 20, 6, 21], [19, 6, 20, 7], [17, 12, 18, 13], [13, 22, 14, 1], [9, 2, 10, 3], [1, 8, 2, 9], [3, 16, 4, 17]]"
11a_162_178,"[[3, 16, 4, 17], [15, 11, 16, 10], [7, 15, 8, 14], [21, 19, 22, 18], [11, 5, 12, 4], [5, 20, 6, 21], [19, 6, 20, 7], [17, 12, 18, 13], [13, 22, 14, 1], [9, 2, 10, 3], [1, 8, 2, 9]]"
11a_162_179,"[[1, 8, 2, 9], [3, 16, 4, 17], [15, 11, 16, 10], [7, 15, 8, 14], [21, 19, 22, 18], [11, 5, 12, 4], [5, 20, 6, 21], [19, 6, 20, 7], [17, 12, 18, 13], [13, 22, 14, 1], [9, 2, 10, 3]]"
11a_162_180,"[[9, 2, 10, 3], [1, 8, 2, 9], [3, 16, 4, 17], [15, 11, 16, 10], [7, 15, 8, 14], [21, 19, 22, 18], [11, 5, 12, 4], [5, 20, 6, 21], [19, 6, 20, 7], [17, 12, 18, 13], [13, 22, 14, 1]]"
11a_162_181,"[[13, 22, 14, 1], [9, 2, 10, 3], [1, 8, 2, 9], [3, 16, 4, 17], [15, 11, 16, 10], [7, 15, 8, 14], [21, 19, 22, 18], [11, 5, 12, 4], [5, 20, 6, 21], [19, 6, 20, 7], [17, 12, 18, 13]]"
11a_162_182,"[[17, 12, 18, 13], [13, 22, 14, 1], [9, 2, 10, 3], [1, 8, 2, 9], [3, 16, 4, 17], [15, 11, 16, 10], [7, 15, 8, 14], [21, 19, 22, 18], [11, 5, 12, 4], [5, 20, 6, 21], [19, 6, 20, 7]]"
11a_162_183,"[[19, 6, 20, 7], [17, 12, 18, 13], [13, 22, 14, 1], [9, 2, 10, 3], [1, 8, 2, 9], [3, 16, 4, 17], [15, 11, 16, 10], [7, 15, 8, 14], [21, 19, 22, 18], [11, 5, 12, 4], [5, 20, 6, 21]]"
11a_162_184,"[[5, 20, 6, 21], [19, 6, 20, 7], [17, 12, 18, 13], [13, 22, 14, 1], [9, 2, 10, 3], [1, 8, 2, 9], [3, 16, 4, 17], [15, 11, 16, 10], [7, 15, 8, 14], [21, 19, 22, 18], [11, 5, 12, 4]]"
11a_162_185,"[[11, 5, 12, 4], [5, 20, 6, 21], [19, 6, 20, 7], [17, 12, 18, 13], [13, 22, 14, 1], [9, 2, 10, 3], [1, 8, 2, 9], [3, 16, 4, 17], [15, 11, 16, 10], [7, 15, 8, 14], [21, 19, 22, 18]]"
11a_162_186,"[[21, 19, 22, 18], [11, 5, 12, 4], [5, 20, 6, 21], [19, 6, 20, 7], [17, 12, 18, 13], [13, 22, 14, 1], [9, 2, 10, 3], [1, 8, 2, 9], [3, 16, 4, 17], [15, 11, 16, 10], [7, 15, 8, 14]]"
11a_162_187,"[[8, 16, 9, 15], [22, 20, 1, 19], [12, 6, 13, 5], [6, 21, 7, 22], [20, 7, 21, 8], [18, 13, 19, 14], [14, 1, 15, 2], [10, 3, 11, 4], [2, 9, 3, 10], [4, 17, 5, 18], [16, 12, 17, 11]]"
11a_162_188,"[[16, 12, 17, 11], [8, 16, 9, 15], [22, 20, 1, 19], [12, 6, 13, 5], [6, 21, 7, 22], [20, 7, 21, 8], [18, 13, 19, 14], [14, 1, 15, 2], [10, 3, 11, 4], [2, 9, 3, 10], [4, 17, 5, 18]]"
11a_162_189,"[[4, 17, 5, 18], [16, 12, 17, 11], [8, 16, 9, 15], [22, 20, 1, 19], [12, 6, 13, 5], [6, 21, 7, 22], [20, 7, 21, 8], [18, 13, 19, 14], [14, 1, 15, 2], [10, 3, 11, 4], [2, 9, 3, 10]]"
11a_162_190,"[[2, 9, 3, 10], [4, 17, 5, 18], [16, 12, 17, 11], [8, 16, 9, 15], [22, 20, 1, 19], [12, 6, 13, 5], [6, 21, 7, 22], [20, 7, 21, 8], [18, 13, 19, 14], [14, 1, 15, 2], [10, 3, 11, 4]]"
11a_162_191,"[[10, 3, 11, 4], [2, 9, 3, 10], [4, 17, 5, 18], [16, 12, 17, 11], [8, 16, 9, 15], [22, 20, 1, 19], [12, 6, 13, 5], [6, 21, 7, 22], [20, 7, 21, 8], [18, 13, 19, 14], [14, 1, 15, 2]]"
11a_162_192,"[[14, 1, 15, 2], [10, 3, 11, 4], [2, 9, 3, 10], [4, 17, 5, 18], [16, 12, 17, 11], [8, 16, 9, 15], [22, 20, 1, 19], [12, 6, 13, 5], [6, 21, 7, 22], [20, 7, 21, 8], [18, 13, 19, 14]]"
11a_162_193,"[[18, 13, 19, 14], [14, 1, 15, 2], [10, 3, 11, 4], [2, 9, 3, 10], [4, 17, 5, 18], [16, 12, 17, 11], [8, 16, 9, 15], [22, 20, 1, 19], [12, 6, 13, 5], [6, 21, 7, 22], [20, 7, 21, 8]]"
11a_162_194,"[[20, 7, 21, 8], [18, 13, 19, 14], [14, 1, 15, 2], [10, 3, 11, 4], [2, 9, 3, 10], [4, 17, 5, 18], [16, 12, 17, 11], [8, 16, 9, 15], [22, 20, 1, 19], [12, 6, 13, 5], [6, 21, 7, 22]]"
11a_162_195,"[[6, 21, 7, 22], [20, 7, 21, 8], [18, 13, 19, 14], [14, 1, 15, 2], [10, 3, 11, 4], [2, 9, 3, 10], [4, 17, 5, 18], [16, 12, 17, 11], [8, 16, 9, 15], [22, 20, 1, 19], [12, 6, 13, 5]]"
11a_162_196,"[[12, 6, 13, 5], [6, 21, 7, 22], [20, 7, 21, 8], [18, 13, 19, 14], [14, 1, 15, 2], [10, 3, 11, 4], [2, 9, 3, 10], [4, 17, 5, 18], [16, 12, 17, 11], [8, 16, 9, 15], [22, 20, 1, 19]]"
11a_162_197,"[[22, 20, 1, 19], [12, 6, 13, 5], [6, 21, 7, 22], [20, 7, 21, 8], [18, 13, 19, 14], [14, 1, 15, 2], [10, 3, 11, 4], [2, 9, 3, 10], [4, 17, 5, 18], [16, 12, 17, 11], [8, 16, 9, 15]]"
11a_162_198,"[[9, 17, 10, 16], [1, 21, 2, 20], [13, 7, 14, 6], [7, 22, 8, 1], [21, 8, 22, 9], [19, 14, 20, 15], [15, 2, 16, 3], [11, 4, 12, 5], [3, 10, 4, 11], [5, 18, 6, 19], [17, 13, 18, 12]]"
11a_162_199,"[[17, 13, 18, 12], [9, 17, 10, 16], [1, 21, 2, 20], [13, 7, 14, 6], [7, 22, 8, 1], [21, 8, 22, 9], [19, 14, 20, 15], [15, 2, 16, 3], [11, 4, 12, 5], [3, 10, 4, 11], [5, 18, 6, 19]]"
11a_162_200,"[[5, 18, 6, 19], [17, 13, 18, 12], [9, 17, 10, 16], [1, 21, 2, 20], [13, 7, 14, 6], [7, 22, 8, 1], [21, 8, 22, 9], [19, 14, 20, 15], [15, 2, 16, 3], [11, 4, 12, 5], [3, 10, 4, 11]]"
11a_162_201,"[[3, 10, 4, 11], [5, 18, 6, 19], [17, 13, 18, 12], [9, 17, 10, 16], [1, 21, 2, 20], [13, 7, 14, 6], [7, 22, 8, 1], [21, 8, 22, 9], [19, 14, 20, 15], [15, 2, 16, 3], [11, 4, 12, 5]]"
11a_162_202,"[[11, 4, 12, 5], [3, 10, 4, 11], [5, 18, 6, 19], [17, 13, 18, 12], [9, 17, 10, 16], [1, 21, 2, 20], [13, 7, 14, 6], [7, 22, 8, 1], [21, 8, 22, 9], [19, 14, 20, 15], [15, 2, 16, 3]]"
11a_162_203,"[[15, 2, 16, 3], [11, 4, 12, 5], [3, 10, 4, 11], [5, 18, 6, 19], [17, 13, 18, 12], [9, 17, 10, 16], [1, 21, 2, 20], [13, 7, 14, 6], [7, 22, 8, 1], [21, 8, 22, 9], [19, 14, 20, 15]]"
