name,pd_notation
11n_107_0,"[[3, 11, 4, 10], [5, 3, 6, 2], [11, 5, 12, 4], [12, 22, 13, 21], [6, 16, 7, 15], [20, 8, 21, 7], [8, 17, 9, 18], [16, 19, 17, 20], [18, 9, 19, 10], [14, 2, 15, 1], [22, 14, 1, 13]]"
11n_107_1,"[[22, 14, 1, 13], [3, 11, 4, 10], [5, 3, 6, 2], [11, 5, 12, 4], [12, 22, 13, 21], [6, 16, 7, 15], [20, 8, 21, 7], [8, 17, 9, 18], [16, 19, 17, 20], [18, 9, 19, 10], [14, 2, 15, 1]]"
11n_107_2,"[[14, 2, 15, 1], [22, 14, 1, 13], [3, 11, 4, 10], [5, 3, 6, 2], [11, 5, 12, 4], [12, 22, 13, 21], [6, 16, 7, 15], [20, 8, 21, 7], [8, 17, 9, 18], [16, 19, 17, 20], [18, 9, 19, 10]]"
11n_107_3,"[[18, 9, 19, 10], [14, 2, 15, 1], [22, 14, 1, 13], [3, 11, 4, 10], [5, 3, 6, 2], [11, 5, 12, 4], [12, 22, 13, 21], [6, 16, 7, 15], [20, 8, 21, 7], [8, 17, 9, 18], [16, 19, 17, 20]]"
11n_107_4,"[[16, 19, 17, 20], [18, 9, 19, 10], [14, 2, 15, 1], [22, 14, 1, 13], [3, 11, 4, 10], [5, 3, 6, 2], [11, 5, 12, 4], [12, 22, 13, 21], [6, 16, 7, 15], [20, 8, 21, 7], [8, 17, 9, 18]]"
11n_107_5,"[[8, 17, 9, 18], [16, 19, 17, 20], [18, 9, 19, 10], [14, 2, 15, 1], [22, 14, 1, 13], [3, 11, 4, 10], [5, 3, 6, 2], [11, 5, 12, 4], [12, 22, 13, 21], [6, 16, 7, 15], [20, 8, 21, 7]]"
11n_107_6,"[[20, 8, 21, 7], [8, 17, 9, 18], [16, 19, 17, 20], [18, 9, 19, 10], [14, 2, 15, 1], [22, 14, 1, 13], [3, 11, 4, 10], [5, 3, 6, 2], [11, 5, 12, 4], [12, 22, 13, 21], [6, 16, 7, 15]]"
11n_107_7,"[[6, 16, 7, 15], [20, 8, 21, 7], [8, 17, 9, 18], [16, 19, 17, 20], [18, 9, 19, 10], [14, 2, 15, 1], [22, 14, 1, 13], [3, 11, 4, 10], [5, 3, 6, 2], [11, 5, 12, 4], [12, 22, 13, 21]]"
11n_107_8,"[[12, 22, 13, 21], [6, 16, 7, 15], [20, 8, 21, 7], [8, 17, 9, 18], [16, 19, 17, 20], [18, 9, 19, 10], [14, 2, 15, 1], [22, 14, 1, 13], [3, 11, 4, 10], [5, 3, 6, 2], [11, 5, 12, 4]]"
11n_107_9,"[[11, 5, 12, 4], [12, 22, 13, 21], [6, 16, 7, 15], [20, 8, 21, 7], [8, 17, 9, 18], [16, 19, 17, 20], [18, 9, 19, 10], [14, 2, 15, 1], [22, 14, 1, 13], [3, 11, 4, 10], [5, 3, 6, 2]]"
11n_107_10,"[[5, 3, 6, 2], [11, 5, 12, 4], [12, 22, 13, 21], [6, 16, 7, 15], [20, 8, 21, 7], [8, 17, 9, 18], [16, 19, 17, 20], [18, 9, 19, 10], [14, 2, 15, 1], [22, 14, 1, 13], [3, 11, 4, 10]]"
11n_107_11,"[[4, 12, 5, 11], [6, 4, 7, 3], [12, 6, 13, 5], [13, 1, 14, 22], [7, 17, 8, 16], [21, 9, 22, 8], [9, 18, 10, 19], [17, 20, 18, 21], [19, 10, 20, 11], [15, 3, 16, 2], [1, 15, 2, 14]]"
11n_107_12,"[[1, 15, 2, 14], [4, 12, 5, 11], [6, 4, 7, 3], [12, 6, 13, 5], [13, 1, 14, 22], [7, 17, 8, 16], [21, 9, 22, 8], [9, 18, 10, 19], [17, 20, 18, 21], [19, 10, 20, 11], [15, 3, 16, 2]]"
11n_107_13,"[[15, 3, 16, 2], [1, 15, 2, 14], [4, 12, 5, 11], [6, 4, 7, 3], [12, 6, 13, 5], [13, 1, 14, 22], [7, 17, 8, 16], [21, 9, 22, 8], [9, 18, 10, 19], [17, 20, 18, 21], [19, 10, 20, 11]]"
11n_107_14,"[[19, 10, 20, 11], [15, 3, 16, 2], [1, 15, 2, 14], [4, 12, 5, 11], [6, 4, 7, 3], [12, 6, 13, 5], [13, 1, 14, 22], [7, 17, 8, 16], [21, 9, 22, 8], [9, 18, 10, 19], [17, 20, 18, 21]]"
11n_107_15,"[[17, 20, 18, 21], [19, 10, 20, 11], [15, 3, 16, 2], [1, 15, 2, 14], [4, 12, 5, 11], [6, 4, 7, 3], [12, 6, 13, 5], [13, 1, 14, 22], [7, 17, 8, 16], [21, 9, 22, 8], [9, 18, 10, 19]]"
11n_107_16,"[[9, 18, 10, 19], [17, 20, 18, 21], [19, 10, 20, 11], [15, 3, 16, 2], [1, 15, 2, 14], [4, 12, 5, 11], [6, 4, 7, 3], [12, 6, 13, 5], [13, 1, 14, 22], [7, 17, 8, 16], [21, 9, 22, 8]]"
11n_107_17,"[[21, 9, 22, 8], [9, 18, 10, 19], [17, 20, 18, 21], [19, 10, 20, 11], [15, 3, 16, 2], [1, 15, 2, 14], [4, 12, 5, 11], [6, 4, 7, 3], [12, 6, 13, 5], [13, 1, 14, 22], [7, 17, 8, 16]]"
11n_107_18,"[[7, 17, 8, 16], [21, 9, 22, 8], [9, 18, 10, 19], [17, 20, 18, 21], [19, 10, 20, 11], [15, 3, 16, 2], [1, 15, 2, 14], [4, 12, 5, 11], [6, 4, 7, 3], [12, 6, 13, 5], [13, 1, 14, 22]]"
11n_107_19,"[[13, 1, 14, 22], [7, 17, 8, 16], [21, 9, 22, 8], [9, 18, 10, 19], [17, 20, 18, 21], [19, 10, 20, 11], [15, 3, 16, 2], [1, 15, 2, 14], [4, 12, 5, 11], [6, 4, 7, 3], [12, 6, 13, 5]]"
11n_107_20,"[[12, 6, 13, 5], [13, 1, 14, 22], [7, 17, 8, 16], [21, 9, 22, 8], [9, 18, 10, 19], [17, 20, 18, 21], [19, 10, 20, 11], [15, 3, 16, 2], [1, 15, 2, 14], [4, 12, 5, 11], [6, 4, 7, 3]]"
11n_107_21,"[[6, 4, 7, 3], [12, 6, 13, 5], [13, 1, 14, 22], [7, 17, 8, 16], [21, 9, 22, 8], [9, 18, 10, 19], [17, 20, 18, 21], [19, 10, 20, 11], [15, 3, 16, 2], [1, 15, 2, 14], [4, 12, 5, 11]]"
11n_107_22,"[[5, 13, 6, 12], [7, 5, 8, 4], [13, 7, 14, 6], [14, 2, 15, 1], [8, 18, 9, 17], [22, 10, 1, 9], [10, 19, 11, 20], [18, 21, 19, 22], [20, 11, 21, 12], [16, 4, 17, 3], [2, 16, 3, 15]]"
11n_107_23,"[[2, 16, 3, 15], [5, 13, 6, 12], [7, 5, 8, 4], [13, 7, 14, 6], [14, 2, 15, 1], [8, 18, 9, 17], [22, 10, 1, 9], [10, 19, 11, 20], [18, 21, 19, 22], [20, 11, 21, 12], [16, 4, 17, 3]]"
11n_107_24,"[[16, 4, 17, 3], [2, 16, 3, 15], [5, 13, 6, 12], [7, 5, 8, 4], [13, 7, 14, 6], [14, 2, 15, 1], [8, 18, 9, 17], [22, 10, 1, 9], [10, 19, 11, 20], [18, 21, 19, 22], [20, 11, 21, 12]]"
11n_107_25,"[[20, 11, 21, 12], [16, 4, 17, 3], [2, 16, 3, 15], [5, 13, 6, 12], [7, 5, 8, 4], [13, 7, 14, 6], [14, 2, 15, 1], [8, 18, 9, 17], [22, 10, 1, 9], [10, 19, 11, 20], [18, 21, 19, 22]]"
11n_107_26,"[[18, 21, 19, 22], [20, 11, 21, 12], [16, 4, 17, 3], [2, 16, 3, 15], [5, 13, 6, 12], [7, 5, 8, 4], [13, 7, 14, 6], [14, 2, 15, 1], [8, 18, 9, 17], [22, 10, 1, 9], [10, 19, 11, 20]]"
11n_107_27,"[[10, 19, 11, 20], [18, 21, 19, 22], [20, 11, 21, 12], [16, 4, 17, 3], [2, 16, 3, 15], [5, 13, 6, 12], [7, 5, 8, 4], [13, 7, 14, 6], [14, 2, 15, 1], [8, 18, 9, 17], [22, 10, 1, 9]]"
11n_107_28,"[[22, 10, 1, 9], [10, 19, 11, 20], [18, 21, 19, 22], [20, 11, 21, 12], [16, 4, 17, 3], [2, 16, 3, 15], [5, 13, 6, 12], [7, 5, 8, 4], [13, 7, 14, 6], [14, 2, 15, 1], [8, 18, 9, 17]]"
11n_107_29,"[[8, 18, 9, 17], [22, 10, 1, 9], [10, 19, 11, 20], [18, 21, 19, 22], [20, 11, 21, 12], [16, 4, 17, 3], [2, 16, 3, 15], [5, 13, 6, 12], [7, 5, 8, 4], [13, 7, 14, 6], [14, 2, 15, 1]]"
11n_107_30,"[[14, 2, 15, 1], [8, 18, 9, 17], [22, 10, 1, 9], [10, 19, 11, 20], [18, 21, 19, 22], [20, 11, 21, 12], [16, 4, 17, 3], [2, 16, 3, 15], [5, 13, 6, 12], [7, 5, 8, 4], [13, 7, 14, 6]]"
11n_107_31,"[[13, 7, 14, 6], [14, 2, 15, 1], [8, 18, 9, 17], [22, 10, 1, 9], [10, 19, 11, 20], [18, 21, 19, 22], [20, 11, 21, 12], [16, 4, 17, 3], [2, 16, 3, 15], [5, 13, 6, 12], [7, 5, 8, 4]]"
11n_107_32,"[[7, 5, 8, 4], [13, 7, 14, 6], [14, 2, 15, 1], [8, 18, 9, 17], [22, 10, 1, 9], [10, 19, 11, 20], [18, 21, 19, 22], [20, 11, 21, 12], [16, 4, 17, 3], [2, 16, 3, 15], [5, 13, 6, 12]]"
11n_107_33,"[[6, 14, 7, 13], [8, 6, 9, 5], [14, 8, 15, 7], [15, 3, 16, 2], [9, 19, 10, 18], [1, 11, 2, 10], [11, 20, 12, 21], [19, 22, 20, 1], [21, 12, 22, 13], [17, 5, 18, 4], [3, 17, 4, 16]]"
11n_107_34,"[[3, 17, 4, 16], [6, 14, 7, 13], [8, 6, 9, 5], [14, 8, 15, 7], [15, 3, 16, 2], [9, 19, 10, 18], [1, 11, 2, 10], [11, 20, 12, 21], [19, 22, 20, 1], [21, 12, 22, 13], [17, 5, 18, 4]]"
11n_107_35,"[[17, 5, 18, 4], [3, 17, 4, 16], [6, 14, 7, 13], [8, 6, 9, 5], [14, 8, 15, 7], [15, 3, 16, 2], [9, 19, 10, 18], [1, 11, 2, 10], [11, 20, 12, 21], [19, 22, 20, 1], [21, 12, 22, 13]]"
11n_107_36,"[[21, 12, 22, 13], [17, 5, 18, 4], [3, 17, 4, 16], [6, 14, 7, 13], [8, 6, 9, 5], [14, 8, 15, 7], [15, 3, 16, 2], [9, 19, 10, 18], [1, 11, 2, 10], [11, 20, 12, 21], [19, 22, 20, 1]]"
11n_107_37,"[[19, 22, 20, 1], [21, 12, 22, 13], [17, 5, 18, 4], [3, 17, 4, 16], [6, 14, 7, 13], [8, 6, 9, 5], [14, 8, 15, 7], [15, 3, 16, 2], [9, 19, 10, 18], [1, 11, 2, 10], [11, 20, 12, 21]]"
11n_107_38,"[[11, 20, 12, 21], [19, 22, 20, 1], [21, 12, 22, 13], [17, 5, 18, 4], [3, 17, 4, 16], [6, 14, 7, 13], [8, 6, 9, 5], [14, 8, 15, 7], [15, 3, 16, 2], [9, 19, 10, 18], [1, 11, 2, 10]]"
11n_107_39,"[[1, 11, 2, 10], [11, 20, 12, 21], [19, 22, 20, 1], [21, 12, 22, 13], [17, 5, 18, 4], [3, 17, 4, 16], [6, 14, 7, 13], [8, 6, 9, 5], [14, 8, 15, 7], [15, 3, 16, 2], [9, 19, 10, 18]]"
11n_107_40,"[[9, 19, 10, 18], [1, 11, 2, 10], [11, 20, 12, 21], [19, 22, 20, 1], [21, 12, 22, 13], [17, 5, 18, 4], [3, 17, 4, 16], [6, 14, 7, 13], [8, 6, 9, 5], [14, 8, 15, 7], [15, 3, 16, 2]]"
11n_107_41,"[[15, 3, 16, 2], [9, 19, 10, 18], [1, 11, 2, 10], [11, 20, 12, 21], [19, 22, 20, 1], [21, 12, 22, 13], [17, 5, 18, 4], [3, 17, 4, 16], [6, 14, 7, 13], [8, 6, 9, 5], [14, 8, 15, 7]]"
11n_107_42,"[[14, 8, 15, 7], [15, 3, 16, 2], [9, 19, 10, 18], [1, 11, 2, 10], [11, 20, 12, 21], [19, 22, 20, 1], [21, 12, 22, 13], [17, 5, 18, 4], [3, 17, 4, 16], [6, 14, 7, 13], [8, 6, 9, 5]]"
11n_107_43,"[[8, 6, 9, 5], [14, 8, 15, 7], [15, 3, 16, 2], [9, 19, 10, 18], [1, 11, 2, 10], [11, 20, 12, 21], [19, 22, 20, 1], [21, 12, 22, 13], [17, 5, 18, 4], [3, 17, 4, 16], [6, 14, 7, 13]]"
11n_107_44,"[[7, 15, 8, 14], [9, 7, 10, 6], [15, 9, 16, 8], [16, 4, 17, 3], [10, 20, 11, 19], [2, 12, 3, 11], [12, 21, 13, 22], [20, 1, 21, 2], [22, 13, 1, 14], [18, 6, 19, 5], [4, 18, 5, 17]]"
11n_107_45,"[[4, 18, 5, 17], [7, 15, 8, 14], [9, 7, 10, 6], [15, 9, 16, 8], [16, 4, 17, 3], [10, 20, 11, 19], [2, 12, 3, 11], [12, 21, 13, 22], [20, 1, 21, 2], [22, 13, 1, 14], [18, 6, 19, 5]]"
11n_107_46,"[[18, 6, 19, 5], [4, 18, 5, 17], [7, 15, 8, 14], [9, 7, 10, 6], [15, 9, 16, 8], [16, 4, 17, 3], [10, 20, 11, 19], [2, 12, 3, 11], [12, 21, 13, 22], [20, 1, 21, 2], [22, 13, 1, 14]]"
11n_107_47,"[[22, 13, 1, 14], [18, 6, 19, 5], [4, 18, 5, 17], [7, 15, 8, 14], [9, 7, 10, 6], [15, 9, 16, 8], [16, 4, 17, 3], [10, 20, 11, 19], [2, 12, 3, 11], [12, 21, 13, 22], [20, 1, 21, 2]]"
11n_107_48,"[[20, 1, 21, 2], [22, 13, 1, 14], [18, 6, 19, 5], [4, 18, 5, 17], [7, 15, 8, 14], [9, 7, 10, 6], [15, 9, 16, 8], [16, 4, 17, 3], [10, 20, 11, 19], [2, 12, 3, 11], [12, 21, 13, 22]]"
11n_107_49,"[[12, 21, 13, 22], [20, 1, 21, 2], [22, 13, 1, 14], [18, 6, 19, 5], [4, 18, 5, 17], [7, 15, 8, 14], [9, 7, 10, 6], [15, 9, 16, 8], [16, 4, 17, 3], [10, 20, 11, 19], [2, 12, 3, 11]]"
11n_107_50,"[[2, 12, 3, 11], [12, 21, 13, 22], [20, 1, 21, 2], [22, 13, 1, 14], [18, 6, 19, 5], [4, 18, 5, 17], [7, 15, 8, 14], [9, 7, 10, 6], [15, 9, 16, 8], [16, 4, 17, 3], [10, 20, 11, 19]]"
11n_107_51,"[[10, 20, 11, 19], [2, 12, 3, 11], [12, 21, 13, 22], [20, 1, 21, 2], [22, 13, 1, 14], [18, 6, 19, 5], [4, 18, 5, 17], [7, 15, 8, 14], [9, 7, 10, 6], [15, 9, 16, 8], [16, 4, 17, 3]]"
11n_107_52,"[[16, 4, 17, 3], [10, 20, 11, 19], [2, 12, 3, 11], [12, 21, 13, 22], [20, 1, 21, 2], [22, 13, 1, 14], [18, 6, 19, 5], [4, 18, 5, 17], [7, 15, 8, 14], [9, 7, 10, 6], [15, 9, 16, 8]]"
11n_107_53,"[[15, 9, 16, 8], [16, 4, 17, 3], [10, 20, 11, 19], [2, 12, 3, 11], [12, 21, 13, 22], [20, 1, 21, 2], [22, 13, 1, 14], [18, 6, 19, 5], [4, 18, 5, 17], [7, 15, 8, 14], [9, 7, 10, 6]]"
11n_107_54,"[[9, 7, 10, 6], [15, 9, 16, 8], [16, 4, 17, 3], [10, 20, 11, 19], [2, 12, 3, 11], [12, 21, 13, 22], [20, 1, 21, 2], [22, 13, 1, 14], [18, 6, 19, 5], [4, 18, 5, 17], [7, 15, 8, 14]]"
11n_107_55,"[[8, 16, 9, 15], [10, 8, 11, 7], [16, 10, 17, 9], [17, 5, 18, 4], [11, 21, 12, 20], [3, 13, 4, 12], [13, 22, 14, 1], [21, 2, 22, 3], [1, 14, 2, 15], [19, 7, 20, 6], [5, 19, 6, 18]]"
11n_107_56,"[[5, 19, 6, 18], [8, 16, 9, 15], [10, 8, 11, 7], [16, 10, 17, 9], [17, 5, 18, 4], [11, 21, 12, 20], [3, 13, 4, 12], [13, 22, 14, 1], [21, 2, 22, 3], [1, 14, 2, 15], [19, 7, 20, 6]]"
11n_107_57,"[[19, 7, 20, 6], [5, 19, 6, 18], [8, 16, 9, 15], [10, 8, 11, 7], [16, 10, 17, 9], [17, 5, 18, 4], [11, 21, 12, 20], [3, 13, 4, 12], [13, 22, 14, 1], [21, 2, 22, 3], [1, 14, 2, 15]]"
11n_107_58,"[[1, 14, 2, 15], [19, 7, 20, 6], [5, 19, 6, 18], [8, 16, 9, 15], [10, 8, 11, 7], [16, 10, 17, 9], [17, 5, 18, 4], [11, 21, 12, 20], [3, 13, 4, 12], [13, 22, 14, 1], [21, 2, 22, 3]]"
11n_107_59,"[[21, 2, 22, 3], [1, 14, 2, 15], [19, 7, 20, 6], [5, 19, 6, 18], [8, 16, 9, 15], [10, 8, 11, 7], [16, 10, 17, 9], [17, 5, 18, 4], [11, 21, 12, 20], [3, 13, 4, 12], [13, 22, 14, 1]]"
11n_107_60,"[[13, 22, 14, 1], [21, 2, 22, 3], [1, 14, 2, 15], [19, 7, 20, 6], [5, 19, 6, 18], [8, 16, 9, 15], [10, 8, 11, 7], [16, 10, 17, 9], [17, 5, 18, 4], [11, 21, 12, 20], [3, 13, 4, 12]]"
11n_107_61,"[[3, 13, 4, 12], [13, 22, 14, 1], [21, 2, 22, 3], [1, 14, 2, 15], [19, 7, 20, 6], [5, 19, 6, 18], [8, 16, 9, 15], [10, 8, 11, 7], [16, 10, 17, 9], [17, 5, 18, 4], [11, 21, 12, 20]]"
11n_107_62,"[[11, 21, 12, 20], [3, 13, 4, 12], [13, 22, 14, 1], [21, 2, 22, 3], [1, 14, 2, 15], [19, 7, 20, 6], [5, 19, 6, 18], [8, 16, 9, 15], [10, 8, 11, 7], [16, 10, 17, 9], [17, 5, 18, 4]]"
11n_107_63,"[[17, 5, 18, 4], [11, 21, 12, 20], [3, 13, 4, 12], [13, 22, 14, 1], [21, 2, 22, 3], [1, 14, 2, 15], [19, 7, 20, 6], [5, 19, 6, 18], [8, 16, 9, 15], [10, 8, 11, 7], [16, 10, 17, 9]]"
11n_107_64,"[[16, 10, 17, 9], [17, 5, 18, 4], [11, 21, 12, 20], [3, 13, 4, 12], [13, 22, 14, 1], [21, 2, 22, 3], [1, 14, 2, 15], [19, 7, 20, 6], [5, 19, 6, 18], [8, 16, 9, 15], [10, 8, 11, 7]]"
11n_107_65,"[[10, 8, 11, 7], [16, 10, 17, 9], [17, 5, 18, 4], [11, 21, 12, 20], [3, 13, 4, 12], [13, 22, 14, 1], [21, 2, 22, 3], [1, 14, 2, 15], [19, 7, 20, 6], [5, 19, 6, 18], [8, 16, 9, 15]]"
11n_107_66,"[[9, 17, 10, 16], [11, 9, 12, 8], [17, 11, 18, 10], [18, 6, 19, 5], [12, 22, 13, 21], [4, 14, 5, 13], [14, 1, 15, 2], [22, 3, 1, 4], [2, 15, 3, 16], [20, 8, 21, 7], [6, 20, 7, 19]]"
11n_107_67,"[[6, 20, 7, 19], [9, 17, 10, 16], [11, 9, 12, 8], [17, 11, 18, 10], [18, 6, 19, 5], [12, 22, 13, 21], [4, 14, 5, 13], [14, 1, 15, 2], [22, 3, 1, 4], [2, 15, 3, 16], [20, 8, 21, 7]]"
11n_107_68,"[[20, 8, 21, 7], [6, 20, 7, 19], [9, 17, 10, 16], [11, 9, 12, 8], [17, 11, 18, 10], [18, 6, 19, 5], [12, 22, 13, 21], [4, 14, 5, 13], [14, 1, 15, 2], [22, 3, 1, 4], [2, 15, 3, 16]]"
11n_107_69,"[[2, 15, 3, 16], [20, 8, 21, 7], [6, 20, 7, 19], [9, 17, 10, 16], [11, 9, 12, 8], [17, 11, 18, 10], [18, 6, 19, 5], [12, 22, 13, 21], [4, 14, 5, 13], [14, 1, 15, 2], [22, 3, 1, 4]]"
11n_107_70,"[[22, 3, 1, 4], [2, 15, 3, 16], [20, 8, 21, 7], [6, 20, 7, 19], [9, 17, 10, 16], [11, 9, 12, 8], [17, 11, 18, 10], [18, 6, 19, 5], [12, 22, 13, 21], [4, 14, 5, 13], [14, 1, 15, 2]]"
11n_107_71,"[[14, 1, 15, 2], [22, 3, 1, 4], [2, 15, 3, 16], [20, 8, 21, 7], [6, 20, 7, 19], [9, 17, 10, 16], [11, 9, 12, 8], [17, 11, 18, 10], [18, 6, 19, 5], [12, 22, 13, 21], [4, 14, 5, 13]]"
11n_107_72,"[[4, 14, 5, 13], [14, 1, 15, 2], [22, 3, 1, 4], [2, 15, 3, 16], [20, 8, 21, 7], [6, 20, 7, 19], [9, 17, 10, 16], [11, 9, 12, 8], [17, 11, 18, 10], [18, 6, 19, 5], [12, 22, 13, 21]]"
11n_107_73,"[[12, 22, 13, 21], [4, 14, 5, 13], [14, 1, 15, 2], [22, 3, 1, 4], [2, 15, 3, 16], [20, 8, 21, 7], [6, 20, 7, 19], [9, 17, 10, 16], [11, 9, 12, 8], [17, 11, 18, 10], [18, 6, 19, 5]]"
11n_107_74,"[[18, 6, 19, 5], [12, 22, 13, 21], [4, 14, 5, 13], [14, 1, 15, 2], [22, 3, 1, 4], [2, 15, 3, 16], [20, 8, 21, 7], [6, 20, 7, 19], [9, 17, 10, 16], [11, 9, 12, 8], [17, 11, 18, 10]]"
11n_107_75,"[[17, 11, 18, 10], [18, 6, 19, 5], [12, 22, 13, 21], [4, 14, 5, 13], [14, 1, 15, 2], [22, 3, 1, 4], [2, 15, 3, 16], [20, 8, 21, 7], [6, 20, 7, 19], [9, 17, 10, 16], [11, 9, 12, 8]]"
11n_107_76,"[[11, 9, 12, 8], [17, 11, 18, 10], [18, 6, 19, 5], [12, 22, 13, 21], [4, 14, 5, 13], [14, 1, 15, 2], [22, 3, 1, 4], [2, 15, 3, 16], [20, 8, 21, 7], [6, 20, 7, 19], [9, 17, 10, 16]]"
11n_107_77,"[[10, 18, 11, 17], [12, 10, 13, 9], [18, 12, 19, 11], [19, 7, 20, 6], [13, 1, 14, 22], [5, 15, 6, 14], [15, 2, 16, 3], [1, 4, 2, 5], [3, 16, 4, 17], [21, 9, 22, 8], [7, 21, 8, 20]]"
11n_107_78,"[[7, 21, 8, 20], [10, 18, 11, 17], [12, 10, 13, 9], [18, 12, 19, 11], [19, 7, 20, 6], [13, 1, 14, 22], [5, 15, 6, 14], [15, 2, 16, 3], [1, 4, 2, 5], [3, 16, 4, 17], [21, 9, 22, 8]]"
11n_107_79,"[[21, 9, 22, 8], [7, 21, 8, 20], [10, 18, 11, 17], [12, 10, 13, 9], [18, 12, 19, 11], [19, 7, 20, 6], [13, 1, 14, 22], [5, 15, 6, 14], [15, 2, 16, 3], [1, 4, 2, 5], [3, 16, 4, 17]]"
11n_107_80,"[[3, 16, 4, 17], [21, 9, 22, 8], [7, 21, 8, 20], [10, 18, 11, 17], [12, 10, 13, 9], [18, 12, 19, 11], [19, 7, 20, 6], [13, 1, 14, 22], [5, 15, 6, 14], [15, 2, 16, 3], [1, 4, 2, 5]]"
11n_107_81,"[[1, 4, 2, 5], [3, 16, 4, 17], [21, 9, 22, 8], [7, 21, 8, 20], [10, 18, 11, 17], [12, 10, 13, 9], [18, 12, 19, 11], [19, 7, 20, 6], [13, 1, 14, 22], [5, 15, 6, 14], [15, 2, 16, 3]]"
11n_107_82,"[[15, 2, 16, 3], [1, 4, 2, 5], [3, 16, 4, 17], [21, 9, 22, 8], [7, 21, 8, 20], [10, 18, 11, 17], [12, 10, 13, 9], [18, 12, 19, 11], [19, 7, 20, 6], [13, 1, 14, 22], [5, 15, 6, 14]]"
11n_107_83,"[[5, 15, 6, 14], [15, 2, 16, 3], [1, 4, 2, 5], [3, 16, 4, 17], [21, 9, 22, 8], [7, 21, 8, 20], [10, 18, 11, 17], [12, 10, 13, 9], [18, 12, 19, 11], [19, 7, 20, 6], [13, 1, 14, 22]]"
11n_107_84,"[[13, 1, 14, 22], [5, 15, 6, 14], [15, 2, 16, 3], [1, 4, 2, 5], [3, 16, 4, 17], [21, 9, 22, 8], [7, 21, 8, 20], [10, 18, 11, 17], [12, 10, 13, 9], [18, 12, 19, 11], [19, 7, 20, 6]]"
11n_107_85,"[[19, 7, 20, 6], [13, 1, 14, 22], [5, 15, 6, 14], [15, 2, 16, 3], [1, 4, 2, 5], [3, 16, 4, 17], [21, 9, 22, 8], [7, 21, 8, 20], [10, 18, 11, 17], [12, 10, 13, 9], [18, 12, 19, 11]]"
11n_107_86,"[[18, 12, 19, 11], [19, 7, 20, 6], [13, 1, 14, 22], [5, 15, 6, 14], [15, 2, 16, 3], [1, 4, 2, 5], [3, 16, 4, 17], [21, 9, 22, 8], [7, 21, 8, 20], [10, 18, 11, 17], [12, 10, 13, 9]]"
11n_107_87,"[[12, 10, 13, 9], [18, 12, 19, 11], [19, 7, 20, 6], [13, 1, 14, 22], [5, 15, 6, 14], [15, 2, 16, 3], [1, 4, 2, 5], [3, 16, 4, 17], [21, 9, 22, 8], [7, 21, 8, 20], [10, 18, 11, 17]]"
11n_107_88,"[[11, 19, 12, 18], [13, 11, 14, 10], [19, 13, 20, 12], [20, 8, 21, 7], [14, 2, 15, 1], [6, 16, 7, 15], [16, 3, 17, 4], [2, 5, 3, 6], [4, 17, 5, 18], [22, 10, 1, 9], [8, 22, 9, 21]]"
11n_107_89,"[[8, 22, 9, 21], [11, 19, 12, 18], [13, 11, 14, 10], [19, 13, 20, 12], [20, 8, 21, 7], [14, 2, 15, 1], [6, 16, 7, 15], [16, 3, 17, 4], [2, 5, 3, 6], [4, 17, 5, 18], [22, 10, 1, 9]]"
11n_107_90,"[[22, 10, 1, 9], [8, 22, 9, 21], [11, 19, 12, 18], [13, 11, 14, 10], [19, 13, 20, 12], [20, 8, 21, 7], [14, 2, 15, 1], [6, 16, 7, 15], [16, 3, 17, 4], [2, 5, 3, 6], [4, 17, 5, 18]]"
11n_107_91,"[[4, 17, 5, 18], [22, 10, 1, 9], [8, 22, 9, 21], [11, 19, 12, 18], [13, 11, 14, 10], [19, 13, 20, 12], [20, 8, 21, 7], [14, 2, 15, 1], [6, 16, 7, 15], [16, 3, 17, 4], [2, 5, 3, 6]]"
11n_107_92,"[[2, 5, 3, 6], [4, 17, 5, 18], [22, 10, 1, 9], [8, 22, 9, 21], [11, 19, 12, 18], [13, 11, 14, 10], [19, 13, 20, 12], [20, 8, 21, 7], [14, 2, 15, 1], [6, 16, 7, 15], [16, 3, 17, 4]]"
11n_107_93,"[[16, 3, 17, 4], [2, 5, 3, 6], [4, 17, 5, 18], [22, 10, 1, 9], [8, 22, 9, 21], [11, 19, 12, 18], [13, 11, 14, 10], [19, 13, 20, 12], [20, 8, 21, 7], [14, 2, 15, 1], [6, 16, 7, 15]]"
11n_107_94,"[[6, 16, 7, 15], [16, 3, 17, 4], [2, 5, 3, 6], [4, 17, 5, 18], [22, 10, 1, 9], [8, 22, 9, 21], [11, 19, 12, 18], [13, 11, 14, 10], [19, 13, 20, 12], [20, 8, 21, 7], [14, 2, 15, 1]]"
11n_107_95,"[[14, 2, 15, 1], [6, 16, 7, 15], [16, 3, 17, 4], [2, 5, 3, 6], [4, 17, 5, 18], [22, 10, 1, 9], [8, 22, 9, 21], [11, 19, 12, 18], [13, 11, 14, 10], [19, 13, 20, 12], [20, 8, 21, 7]]"
11n_107_96,"[[20, 8, 21, 7], [14, 2, 15, 1], [6, 16, 7, 15], [16, 3, 17, 4], [2, 5, 3, 6], [4, 17, 5, 18], [22, 10, 1, 9], [8, 22, 9, 21], [11, 19, 12, 18], [13, 11, 14, 10], [19, 13, 20, 12]]"
11n_107_97,"[[19, 13, 20, 12], [20, 8, 21, 7], [14, 2, 15, 1], [6, 16, 7, 15], [16, 3, 17, 4], [2, 5, 3, 6], [4, 17, 5, 18], [22, 10, 1, 9], [8, 22, 9, 21], [11, 19, 12, 18], [13, 11, 14, 10]]"
11n_107_98,"[[13, 11, 14, 10], [19, 13, 20, 12], [20, 8, 21, 7], [14, 2, 15, 1], [6, 16, 7, 15], [16, 3, 17, 4], [2, 5, 3, 6], [4, 17, 5, 18], [22, 10, 1, 9], [8, 22, 9, 21], [11, 19, 12, 18]]"
11n_107_99,"[[12, 20, 13, 19], [14, 12, 15, 11], [20, 14, 21, 13], [21, 9, 22, 8], [15, 3, 16, 2], [7, 17, 8, 16], [17, 4, 18, 5], [3, 6, 4, 7], [5, 18, 6, 19], [1, 11, 2, 10], [9, 1, 10, 22]]"
11n_107_100,"[[9, 1, 10, 22], [12, 20, 13, 19], [14, 12, 15, 11], [20, 14, 21, 13], [21, 9, 22, 8], [15, 3, 16, 2], [7, 17, 8, 16], [17, 4, 18, 5], [3, 6, 4, 7], [5, 18, 6, 19], [1, 11, 2, 10]]"
11n_107_101,"[[1, 11, 2, 10], [9, 1, 10, 22], [12, 20, 13, 19], [14, 12, 15, 11], [20, 14, 21, 13], [21, 9, 22, 8], [15, 3, 16, 2], [7, 17, 8, 16], [17, 4, 18, 5], [3, 6, 4, 7], [5, 18, 6, 19]]"
11n_107_102,"[[5, 18, 6, 19], [1, 11, 2, 10], [9, 1, 10, 22], [12, 20, 13, 19], [14, 12, 15, 11], [20, 14, 21, 13], [21, 9, 22, 8], [15, 3, 16, 2], [7, 17, 8, 16], [17, 4, 18, 5], [3, 6, 4, 7]]"
11n_107_103,"[[3, 6, 4, 7], [5, 18, 6, 19], [1, 11, 2, 10], [9, 1, 10, 22], [12, 20, 13, 19], [14, 12, 15, 11], [20, 14, 21, 13], [21, 9, 22, 8], [15, 3, 16, 2], [7, 17, 8, 16], [17, 4, 18, 5]]"
11n_107_104,"[[17, 4, 18, 5], [3, 6, 4, 7], [5, 18, 6, 19], [1, 11, 2, 10], [9, 1, 10, 22], [12, 20, 13, 19], [14, 12, 15, 11], [20, 14, 21, 13], [21, 9, 22, 8], [15, 3, 16, 2], [7, 17, 8, 16]]"
11n_107_105,"[[7, 17, 8, 16], [17, 4, 18, 5], [3, 6, 4, 7], [5, 18, 6, 19], [1, 11, 2, 10], [9, 1, 10, 22], [12, 20, 13, 19], [14, 12, 15, 11], [20, 14, 21, 13], [21, 9, 22, 8], [15, 3, 16, 2]]"
11n_107_106,"[[15, 3, 16, 2], [7, 17, 8, 16], [17, 4, 18, 5], [3, 6, 4, 7], [5, 18, 6, 19], [1, 11, 2, 10], [9, 1, 10, 22], [12, 20, 13, 19], [14, 12, 15, 11], [20, 14, 21, 13], [21, 9, 22, 8]]"
11n_107_107,"[[21, 9, 22, 8], [15, 3, 16, 2], [7, 17, 8, 16], [17, 4, 18, 5], [3, 6, 4, 7], [5, 18, 6, 19], [1, 11, 2, 10], [9, 1, 10, 22], [12, 20, 13, 19], [14, 12, 15, 11], [20, 14, 21, 13]]"
11n_107_108,"[[20, 14, 21, 13], [21, 9, 22, 8], [15, 3, 16, 2], [7, 17, 8, 16], [17, 4, 18, 5], [3, 6, 4, 7], [5, 18, 6, 19], [1, 11, 2, 10], [9, 1, 10, 22], [12, 20, 13, 19], [14, 12, 15, 11]]"
11n_107_109,"[[14, 12, 15, 11], [20, 14, 21, 13], [21, 9, 22, 8], [15, 3, 16, 2], [7, 17, 8, 16], [17, 4, 18, 5], [3, 6, 4, 7], [5, 18, 6, 19], [1, 11, 2, 10], [9, 1, 10, 22], [12, 20, 13, 19]]"
11n_107_110,"[[13, 21, 14, 20], [15, 13, 16, 12], [21, 15, 22, 14], [22, 10, 1, 9], [16, 4, 17, 3], [8, 18, 9, 17], [18, 5, 19, 6], [4, 7, 5, 8], [6, 19, 7, 20], [2, 12, 3, 11], [10, 2, 11, 1]]"
11n_107_111,"[[10, 2, 11, 1], [13, 21, 14, 20], [15, 13, 16, 12], [21, 15, 22, 14], [22, 10, 1, 9], [16, 4, 17, 3], [8, 18, 9, 17], [18, 5, 19, 6], [4, 7, 5, 8], [6, 19, 7, 20], [2, 12, 3, 11]]"
11n_107_112,"[[2, 12, 3, 11], [10, 2, 11, 1], [13, 21, 14, 20], [15, 13, 16, 12], [21, 15, 22, 14], [22, 10, 1, 9], [16, 4, 17, 3], [8, 18, 9, 17], [18, 5, 19, 6], [4, 7, 5, 8], [6, 19, 7, 20]]"
11n_107_113,"[[6, 19, 7, 20], [2, 12, 3, 11], [10, 2, 11, 1], [13, 21, 14, 20], [15, 13, 16, 12], [21, 15, 22, 14], [22, 10, 1, 9], [16, 4, 17, 3], [8, 18, 9, 17], [18, 5, 19, 6], [4, 7, 5, 8]]"
11n_107_114,"[[4, 7, 5, 8], [6, 19, 7, 20], [2, 12, 3, 11], [10, 2, 11, 1], [13, 21, 14, 20], [15, 13, 16, 12], [21, 15, 22, 14], [22, 10, 1, 9], [16, 4, 17, 3], [8, 18, 9, 17], [18, 5, 19, 6]]"
11n_107_115,"[[18, 5, 19, 6], [4, 7, 5, 8], [6, 19, 7, 20], [2, 12, 3, 11], [10, 2, 11, 1], [13, 21, 14, 20], [15, 13, 16, 12], [21, 15, 22, 14], [22, 10, 1, 9], [16, 4, 17, 3], [8, 18, 9, 17]]"
11n_107_116,"[[8, 18, 9, 17], [18, 5, 19, 6], [4, 7, 5, 8], [6, 19, 7, 20], [2, 12, 3, 11], [10, 2, 11, 1], [13, 21, 14, 20], [15, 13, 16, 12], [21, 15, 22, 14], [22, 10, 1, 9], [16, 4, 17, 3]]"
11n_107_117,"[[16, 4, 17, 3], [8, 18, 9, 17], [18, 5, 19, 6], [4, 7, 5, 8], [6, 19, 7, 20], [2, 12, 3, 11], [10, 2, 11, 1], [13, 21, 14, 20], [15, 13, 16, 12], [21, 15, 22, 14], [22, 10, 1, 9]]"
11n_107_118,"[[22, 10, 1, 9], [16, 4, 17, 3], [8, 18, 9, 17], [18, 5, 19, 6], [4, 7, 5, 8], [6, 19, 7, 20], [2, 12, 3, 11], [10, 2, 11, 1], [13, 21, 14, 20], [15, 13, 16, 12], [21, 15, 22, 14]]"
11n_107_119,"[[21, 15, 22, 14], [22, 10, 1, 9], [16, 4, 17, 3], [8, 18, 9, 17], [18, 5, 19, 6], [4, 7, 5, 8], [6, 19, 7, 20], [2, 12, 3, 11], [10, 2, 11, 1], [13, 21, 14, 20], [15, 13, 16, 12]]"
11n_107_120,"[[15, 13, 16, 12], [21, 15, 22, 14], [22, 10, 1, 9], [16, 4, 17, 3], [8, 18, 9, 17], [18, 5, 19, 6], [4, 7, 5, 8], [6, 19, 7, 20], [2, 12, 3, 11], [10, 2, 11, 1], [13, 21, 14, 20]]"
11n_107_121,"[[14, 22, 15, 21], [16, 14, 17, 13], [22, 16, 1, 15], [1, 11, 2, 10], [17, 5, 18, 4], [9, 19, 10, 18], [19, 6, 20, 7], [5, 8, 6, 9], [7, 20, 8, 21], [3, 13, 4, 12], [11, 3, 12, 2]]"
11n_107_122,"[[11, 3, 12, 2], [14, 22, 15, 21], [16, 14, 17, 13], [22, 16, 1, 15], [1, 11, 2, 10], [17, 5, 18, 4], [9, 19, 10, 18], [19, 6, 20, 7], [5, 8, 6, 9], [7, 20, 8, 21], [3, 13, 4, 12]]"
11n_107_123,"[[3, 13, 4, 12], [11, 3, 12, 2], [14, 22, 15, 21], [16, 14, 17, 13], [22, 16, 1, 15], [1, 11, 2, 10], [17, 5, 18, 4], [9, 19, 10, 18], [19, 6, 20, 7], [5, 8, 6, 9], [7, 20, 8, 21]]"
11n_107_124,"[[7, 20, 8, 21], [3, 13, 4, 12], [11, 3, 12, 2], [14, 22, 15, 21], [16, 14, 17, 13], [22, 16, 1, 15], [1, 11, 2, 10], [17, 5, 18, 4], [9, 19, 10, 18], [19, 6, 20, 7], [5, 8, 6, 9]]"
11n_107_125,"[[5, 8, 6, 9], [7, 20, 8, 21], [3, 13, 4, 12], [11, 3, 12, 2], [14, 22, 15, 21], [16, 14, 17, 13], [22, 16, 1, 15], [1, 11, 2, 10], [17, 5, 18, 4], [9, 19, 10, 18], [19, 6, 20, 7]]"
11n_107_126,"[[19, 6, 20, 7], [5, 8, 6, 9], [7, 20, 8, 21], [3, 13, 4, 12], [11, 3, 12, 2], [14, 22, 15, 21], [16, 14, 17, 13], [22, 16, 1, 15], [1, 11, 2, 10], [17, 5, 18, 4], [9, 19, 10, 18]]"
11n_107_127,"[[9, 19, 10, 18], [19, 6, 20, 7], [5, 8, 6, 9], [7, 20, 8, 21], [3, 13, 4, 12], [11, 3, 12, 2], [14, 22, 15, 21], [16, 14, 17, 13], [22, 16, 1, 15], [1, 11, 2, 10], [17, 5, 18, 4]]"
11n_107_128,"[[17, 5, 18, 4], [9, 19, 10, 18], [19, 6, 20, 7], [5, 8, 6, 9], [7, 20, 8, 21], [3, 13, 4, 12], [11, 3, 12, 2], [14, 22, 15, 21], [16, 14, 17, 13], [22, 16, 1, 15], [1, 11, 2, 10]]"
11n_107_129,"[[1, 11, 2, 10], [17, 5, 18, 4], [9, 19, 10, 18], [19, 6, 20, 7], [5, 8, 6, 9], [7, 20, 8, 21], [3, 13, 4, 12], [11, 3, 12, 2], [14, 22, 15, 21], [16, 14, 17, 13], [22, 16, 1, 15]]"
11n_107_130,"[[22, 16, 1, 15], [1, 11, 2, 10], [17, 5, 18, 4], [9, 19, 10, 18], [19, 6, 20, 7], [5, 8, 6, 9], [7, 20, 8, 21], [3, 13, 4, 12], [11, 3, 12, 2], [14, 22, 15, 21], [16, 14, 17, 13]]"
11n_107_131,"[[16, 14, 17, 13], [22, 16, 1, 15], [1, 11, 2, 10], [17, 5, 18, 4], [9, 19, 10, 18], [19, 6, 20, 7], [5, 8, 6, 9], [7, 20, 8, 21], [3, 13, 4, 12], [11, 3, 12, 2], [14, 22, 15, 21]]"
11n_107_132,"[[15, 1, 16, 22], [17, 15, 18, 14], [1, 17, 2, 16], [2, 12, 3, 11], [18, 6, 19, 5], [10, 20, 11, 19], [20, 7, 21, 8], [6, 9, 7, 10], [8, 21, 9, 22], [4, 14, 5, 13], [12, 4, 13, 3]]"
11n_107_133,"[[12, 4, 13, 3], [15, 1, 16, 22], [17, 15, 18, 14], [1, 17, 2, 16], [2, 12, 3, 11], [18, 6, 19, 5], [10, 20, 11, 19], [20, 7, 21, 8], [6, 9, 7, 10], [8, 21, 9, 22], [4, 14, 5, 13]]"
11n_107_134,"[[4, 14, 5, 13], [12, 4, 13, 3], [15, 1, 16, 22], [17, 15, 18, 14], [1, 17, 2, 16], [2, 12, 3, 11], [18, 6, 19, 5], [10, 20, 11, 19], [20, 7, 21, 8], [6, 9, 7, 10], [8, 21, 9, 22]]"
11n_107_135,"[[8, 21, 9, 22], [4, 14, 5, 13], [12, 4, 13, 3], [15, 1, 16, 22], [17, 15, 18, 14], [1, 17, 2, 16], [2, 12, 3, 11], [18, 6, 19, 5], [10, 20, 11, 19], [20, 7, 21, 8], [6, 9, 7, 10]]"
11n_107_136,"[[6, 9, 7, 10], [8, 21, 9, 22], [4, 14, 5, 13], [12, 4, 13, 3], [15, 1, 16, 22], [17, 15, 18, 14], [1, 17, 2, 16], [2, 12, 3, 11], [18, 6, 19, 5], [10, 20, 11, 19], [20, 7, 21, 8]]"
11n_107_137,"[[20, 7, 21, 8], [6, 9, 7, 10], [8, 21, 9, 22], [4, 14, 5, 13], [12, 4, 13, 3], [15, 1, 16, 22], [17, 15, 18, 14], [1, 17, 2, 16], [2, 12, 3, 11], [18, 6, 19, 5], [10, 20, 11, 19]]"
11n_107_138,"[[10, 20, 11, 19], [20, 7, 21, 8], [6, 9, 7, 10], [8, 21, 9, 22], [4, 14, 5, 13], [12, 4, 13, 3], [15, 1, 16, 22], [17, 15, 18, 14], [1, 17, 2, 16], [2, 12, 3, 11], [18, 6, 19, 5]]"
11n_107_139,"[[18, 6, 19, 5], [10, 20, 11, 19], [20, 7, 21, 8], [6, 9, 7, 10], [8, 21, 9, 22], [4, 14, 5, 13], [12, 4, 13, 3], [15, 1, 16, 22], [17, 15, 18, 14], [1, 17, 2, 16], [2, 12, 3, 11]]"
11n_107_140,"[[2, 12, 3, 11], [18, 6, 19, 5], [10, 20, 11, 19], [20, 7, 21, 8], [6, 9, 7, 10], [8, 21, 9, 22], [4, 14, 5, 13], [12, 4, 13, 3], [15, 1, 16, 22], [17, 15, 18, 14], [1, 17, 2, 16]]"
11n_107_141,"[[1, 17, 2, 16], [2, 12, 3, 11], [18, 6, 19, 5], [10, 20, 11, 19], [20, 7, 21, 8], [6, 9, 7, 10], [8, 21, 9, 22], [4, 14, 5, 13], [12, 4, 13, 3], [15, 1, 16, 22], [17, 15, 18, 14]]"
11n_107_142,"[[17, 15, 18, 14], [1, 17, 2, 16], [2, 12, 3, 11], [18, 6, 19, 5], [10, 20, 11, 19], [20, 7, 21, 8], [6, 9, 7, 10], [8, 21, 9, 22], [4, 14, 5, 13], [12, 4, 13, 3], [15, 1, 16, 22]]"
11n_107_143,"[[16, 2, 17, 1], [18, 16, 19, 15], [2, 18, 3, 17], [3, 13, 4, 12], [19, 7, 20, 6], [11, 21, 12, 20], [21, 8, 22, 9], [7, 10, 8, 11], [9, 22, 10, 1], [5, 15, 6, 14], [13, 5, 14, 4]]"
11n_107_144,"[[13, 5, 14, 4], [16, 2, 17, 1], [18, 16, 19, 15], [2, 18, 3, 17], [3, 13, 4, 12], [19, 7, 20, 6], [11, 21, 12, 20], [21, 8, 22, 9], [7, 10, 8, 11], [9, 22, 10, 1], [5, 15, 6, 14]]"
11n_107_145,"[[5, 15, 6, 14], [13, 5, 14, 4], [16, 2, 17, 1], [18, 16, 19, 15], [2, 18, 3, 17], [3, 13, 4, 12], [19, 7, 20, 6], [11, 21, 12, 20], [21, 8, 22, 9], [7, 10, 8, 11], [9, 22, 10, 1]]"
11n_107_146,"[[9, 22, 10, 1], [5, 15, 6, 14], [13, 5, 14, 4], [16, 2, 17, 1], [18, 16, 19, 15], [2, 18, 3, 17], [3, 13, 4, 12], [19, 7, 20, 6], [11, 21, 12, 20], [21, 8, 22, 9], [7, 10, 8, 11]]"
11n_107_147,"[[7, 10, 8, 11], [9, 22, 10, 1], [5, 15, 6, 14], [13, 5, 14, 4], [16, 2, 17, 1], [18, 16, 19, 15], [2, 18, 3, 17], [3, 13, 4, 12], [19, 7, 20, 6], [11, 21, 12, 20], [21, 8, 22, 9]]"
11n_107_148,"[[21, 8, 22, 9], [7, 10, 8, 11], [9, 22, 10, 1], [5, 15, 6, 14], [13, 5, 14, 4], [16, 2, 17, 1], [18, 16, 19, 15], [2, 18, 3, 17], [3, 13, 4, 12], [19, 7, 20, 6], [11, 21, 12, 20]]"
11n_107_149,"[[11, 21, 12, 20], [21, 8, 22, 9], [7, 10, 8, 11], [9, 22, 10, 1], [5, 15, 6, 14], [13, 5, 14, 4], [16, 2, 17, 1], [18, 16, 19, 15], [2, 18, 3, 17], [3, 13, 4, 12], [19, 7, 20, 6]]"
11n_107_150,"[[19, 7, 20, 6], [11, 21, 12, 20], [21, 8, 22, 9], [7, 10, 8, 11], [9, 22, 10, 1], [5, 15, 6, 14], [13, 5, 14, 4], [16, 2, 17, 1], [18, 16, 19, 15], [2, 18, 3, 17], [3, 13, 4, 12]]"
11n_107_151,"[[3, 13, 4, 12], [19, 7, 20, 6], [11, 21, 12, 20], [21, 8, 22, 9], [7, 10, 8, 11], [9, 22, 10, 1], [5, 15, 6, 14], [13, 5, 14, 4], [16, 2, 17, 1], [18, 16, 19, 15], [2, 18, 3, 17]]"
11n_107_152,"[[2, 18, 3, 17], [3, 13, 4, 12], [19, 7, 20, 6], [11, 21, 12, 20], [21, 8, 22, 9], [7, 10, 8, 11], [9, 22, 10, 1], [5, 15, 6, 14], [13, 5, 14, 4], [16, 2, 17, 1], [18, 16, 19, 15]]"
11n_107_153,"[[18, 16, 19, 15], [2, 18, 3, 17], [3, 13, 4, 12], [19, 7, 20, 6], [11, 21, 12, 20], [21, 8, 22, 9], [7, 10, 8, 11], [9, 22, 10, 1], [5, 15, 6, 14], [13, 5, 14, 4], [16, 2, 17, 1]]"
11n_107_154,"[[17, 3, 18, 2], [19, 17, 20, 16], [3, 19, 4, 18], [4, 14, 5, 13], [20, 8, 21, 7], [12, 22, 13, 21], [22, 9, 1, 10], [8, 11, 9, 12], [10, 1, 11, 2], [6, 16, 7, 15], [14, 6, 15, 5]]"
11n_107_155,"[[14, 6, 15, 5], [17, 3, 18, 2], [19, 17, 20, 16], [3, 19, 4, 18], [4, 14, 5, 13], [20, 8, 21, 7], [12, 22, 13, 21], [22, 9, 1, 10], [8, 11, 9, 12], [10, 1, 11, 2], [6, 16, 7, 15]]"
11n_107_156,"[[6, 16, 7, 15], [14, 6, 15, 5], [17, 3, 18, 2], [19, 17, 20, 16], [3, 19, 4, 18], [4, 14, 5, 13], [20, 8, 21, 7], [12, 22, 13, 21], [22, 9, 1, 10], [8, 11, 9, 12], [10, 1, 11, 2]]"
11n_107_157,"[[10, 1, 11, 2], [6, 16, 7, 15], [14, 6, 15, 5], [17, 3, 18, 2], [19, 17, 20, 16], [3, 19, 4, 18], [4, 14, 5, 13], [20, 8, 21, 7], [12, 22, 13, 21], [22, 9, 1, 10], [8, 11, 9, 12]]"
11n_107_158,"[[8, 11, 9, 12], [10, 1, 11, 2], [6, 16, 7, 15], [14, 6, 15, 5], [17, 3, 18, 2], [19, 17, 20, 16], [3, 19, 4, 18], [4, 14, 5, 13], [20, 8, 21, 7], [12, 22, 13, 21], [22, 9, 1, 10]]"
11n_107_159,"[[22, 9, 1, 10], [8, 11, 9, 12], [10, 1, 11, 2], [6, 16, 7, 15], [14, 6, 15, 5], [17, 3, 18, 2], [19, 17, 20, 16], [3, 19, 4, 18], [4, 14, 5, 13], [20, 8, 21, 7], [12, 22, 13, 21]]"
11n_107_160,"[[12, 22, 13, 21], [22, 9, 1, 10], [8, 11, 9, 12], [10, 1, 11, 2], [6, 16, 7, 15], [14, 6, 15, 5], [17, 3, 18, 2], [19, 17, 20, 16], [3, 19, 4, 18], [4, 14, 5, 13], [20, 8, 21, 7]]"
11n_107_161,"[[20, 8, 21, 7], [12, 22, 13, 21], [22, 9, 1, 10], [8, 11, 9, 12], [10, 1, 11, 2], [6, 16, 7, 15], [14, 6, 15, 5], [17, 3, 18, 2], [19, 17, 20, 16], [3, 19, 4, 18], [4, 14, 5, 13]]"
11n_107_162,"[[4, 14, 5, 13], [20, 8, 21, 7], [12, 22, 13, 21], [22, 9, 1, 10], [8, 11, 9, 12], [10, 1, 11, 2], [6, 16, 7, 15], [14, 6, 15, 5], [17, 3, 18, 2], [19, 17, 20, 16], [3, 19, 4, 18]]"
11n_107_163,"[[3, 19, 4, 18], [4, 14, 5, 13], [20, 8, 21, 7], [12, 22, 13, 21], [22, 9, 1, 10], [8, 11, 9, 12], [10, 1, 11, 2], [6, 16, 7, 15], [14, 6, 15, 5], [17, 3, 18, 2], [19, 17, 20, 16]]"
11n_107_164,"[[19, 17, 20, 16], [3, 19, 4, 18], [4, 14, 5, 13], [20, 8, 21, 7], [12, 22, 13, 21], [22, 9, 1, 10], [8, 11, 9, 12], [10, 1, 11, 2], [6, 16, 7, 15], [14, 6, 15, 5], [17, 3, 18, 2]]"
11n_107_165,"[[18, 4, 19, 3], [20, 18, 21, 17], [4, 20, 5, 19], [5, 15, 6, 14], [21, 9, 22, 8], [13, 1, 14, 22], [1, 10, 2, 11], [9, 12, 10, 13], [11, 2, 12, 3], [7, 17, 8, 16], [15, 7, 16, 6]]"
11n_107_166,"[[15, 7, 16, 6], [18, 4, 19, 3], [20, 18, 21, 17], [4, 20, 5, 19], [5, 15, 6, 14], [21, 9, 22, 8], [13, 1, 14, 22], [1, 10, 2, 11], [9, 12, 10, 13], [11, 2, 12, 3], [7, 17, 8, 16]]"
11n_107_167,"[[7, 17, 8, 16], [15, 7, 16, 6], [18, 4, 19, 3], [20, 18, 21, 17], [4, 20, 5, 19], [5, 15, 6, 14], [21, 9, 22, 8], [13, 1, 14, 22], [1, 10, 2, 11], [9, 12, 10, 13], [11, 2, 12, 3]]"
11n_107_168,"[[11, 2, 12, 3], [7, 17, 8, 16], [15, 7, 16, 6], [18, 4, 19, 3], [20, 18, 21, 17], [4, 20, 5, 19], [5, 15, 6, 14], [21, 9, 22, 8], [13, 1, 14, 22], [1, 10, 2, 11], [9, 12, 10, 13]]"
11n_107_169,"[[9, 12, 10, 13], [11, 2, 12, 3], [7, 17, 8, 16], [15, 7, 16, 6], [18, 4, 19, 3], [20, 18, 21, 17], [4, 20, 5, 19], [5, 15, 6, 14], [21, 9, 22, 8], [13, 1, 14, 22], [1, 10, 2, 11]]"
11n_107_170,"[[1, 10, 2, 11], [9, 12, 10, 13], [11, 2, 12, 3], [7, 17, 8, 16], [15, 7, 16, 6], [18, 4, 19, 3], [20, 18, 21, 17], [4, 20, 5, 19], [5, 15, 6, 14], [21, 9, 22, 8], [13, 1, 14, 22]]"
11n_107_171,"[[13, 1, 14, 22], [1, 10, 2, 11], [9, 12, 10, 13], [11, 2, 12, 3], [7, 17, 8, 16], [15, 7, 16, 6], [18, 4, 19, 3], [20, 18, 21, 17], [4, 20, 5, 19], [5, 15, 6, 14], [21, 9, 22, 8]]"
11n_107_172,"[[21, 9, 22, 8], [13, 1, 14, 22], [1, 10, 2, 11], [9, 12, 10, 13], [11, 2, 12, 3], [7, 17, 8, 16], [15, 7, 16, 6], [18, 4, 19, 3], [20, 18, 21, 17], [4, 20, 5, 19], [5, 15, 6, 14]]"
11n_107_173,"[[5, 15, 6, 14], [21, 9, 22, 8], [13, 1, 14, 22], [1, 10, 2, 11], [9, 12, 10, 13], [11, 2, 12, 3], [7, 17, 8, 16], [15, 7, 16, 6], [18, 4, 19, 3], [20, 18, 21, 17], [4, 20, 5, 19]]"
11n_107_174,"[[4, 20, 5, 19], [5, 15, 6, 14], [21, 9, 22, 8], [13, 1, 14, 22], [1, 10, 2, 11], [9, 12, 10, 13], [11, 2, 12, 3], [7, 17, 8, 16], [15, 7, 16, 6], [18, 4, 19, 3], [20, 18, 21, 17]]"
11n_107_175,"[[20, 18, 21, 17], [4, 20, 5, 19], [5, 15, 6, 14], [21, 9, 22, 8], [13, 1, 14, 22], [1, 10, 2, 11], [9, 12, 10, 13], [11, 2, 12, 3], [7, 17, 8, 16], [15, 7, 16, 6], [18, 4, 19, 3]]"
11n_107_176,"[[19, 5, 20, 4], [21, 19, 22, 18], [5, 21, 6, 20], [6, 16, 7, 15], [22, 10, 1, 9], [14, 2, 15, 1], [2, 11, 3, 12], [10, 13, 11, 14], [12, 3, 13, 4], [8, 18, 9, 17], [16, 8, 17, 7]]"
11n_107_177,"[[16, 8, 17, 7], [19, 5, 20, 4], [21, 19, 22, 18], [5, 21, 6, 20], [6, 16, 7, 15], [22, 10, 1, 9], [14, 2, 15, 1], [2, 11, 3, 12], [10, 13, 11, 14], [12, 3, 13, 4], [8, 18, 9, 17]]"
11n_107_178,"[[8, 18, 9, 17], [16, 8, 17, 7], [19, 5, 20, 4], [21, 19, 22, 18], [5, 21, 6, 20], [6, 16, 7, 15], [22, 10, 1, 9], [14, 2, 15, 1], [2, 11, 3, 12], [10, 13, 11, 14], [12, 3, 13, 4]]"
11n_107_179,"[[12, 3, 13, 4], [8, 18, 9, 17], [16, 8, 17, 7], [19, 5, 20, 4], [21, 19, 22, 18], [5, 21, 6, 20], [6, 16, 7, 15], [22, 10, 1, 9], [14, 2, 15, 1], [2, 11, 3, 12], [10, 13, 11, 14]]"
11n_107_180,"[[10, 13, 11, 14], [12, 3, 13, 4], [8, 18, 9, 17], [16, 8, 17, 7], [19, 5, 20, 4], [21, 19, 22, 18], [5, 21, 6, 20], [6, 16, 7, 15], [22, 10, 1, 9], [14, 2, 15, 1], [2, 11, 3, 12]]"
11n_107_181,"[[2, 11, 3, 12], [10, 13, 11, 14], [12, 3, 13, 4], [8, 18, 9, 17], [16, 8, 17, 7], [19, 5, 20, 4], [21, 19, 22, 18], [5, 21, 6, 20], [6, 16, 7, 15], [22, 10, 1, 9], [14, 2, 15, 1]]"
11n_107_182,"[[14, 2, 15, 1], [2, 11, 3, 12], [10, 13, 11, 14], [12, 3, 13, 4], [8, 18, 9, 17], [16, 8, 17, 7], [19, 5, 20, 4], [21, 19, 22, 18], [5, 21, 6, 20], [6, 16, 7, 15], [22, 10, 1, 9]]"
11n_107_183,"[[22, 10, 1, 9], [14, 2, 15, 1], [2, 11, 3, 12], [10, 13, 11, 14], [12, 3, 13, 4], [8, 18, 9, 17], [16, 8, 17, 7], [19, 5, 20, 4], [21, 19, 22, 18], [5, 21, 6, 20], [6, 16, 7, 15]]"
11n_107_184,"[[6, 16, 7, 15], [22, 10, 1, 9], [14, 2, 15, 1], [2, 11, 3, 12], [10, 13, 11, 14], [12, 3, 13, 4], [8, 18, 9, 17], [16, 8, 17, 7], [19, 5, 20, 4], [21, 19, 22, 18], [5, 21, 6, 20]]"
11n_107_185,"[[5, 21, 6, 20], [6, 16, 7, 15], [22, 10, 1, 9], [14, 2, 15, 1], [2, 11, 3, 12], [10, 13, 11, 14], [12, 3, 13, 4], [8, 18, 9, 17], [16, 8, 17, 7], [19, 5, 20, 4], [21, 19, 22, 18]]"
11n_107_186,"[[21, 19, 22, 18], [5, 21, 6, 20], [6, 16, 7, 15], [22, 10, 1, 9], [14, 2, 15, 1], [2, 11, 3, 12], [10, 13, 11, 14], [12, 3, 13, 4], [8, 18, 9, 17], [16, 8, 17, 7], [19, 5, 20, 4]]"
11n_107_187,"[[20, 6, 21, 5], [22, 20, 1, 19], [6, 22, 7, 21], [7, 17, 8, 16], [1, 11, 2, 10], [15, 3, 16, 2], [3, 12, 4, 13], [11, 14, 12, 15], [13, 4, 14, 5], [9, 19, 10, 18], [17, 9, 18, 8]]"
11n_107_188,"[[17, 9, 18, 8], [20, 6, 21, 5], [22, 20, 1, 19], [6, 22, 7, 21], [7, 17, 8, 16], [1, 11, 2, 10], [15, 3, 16, 2], [3, 12, 4, 13], [11, 14, 12, 15], [13, 4, 14, 5], [9, 19, 10, 18]]"
11n_107_189,"[[9, 19, 10, 18], [17, 9, 18, 8], [20, 6, 21, 5], [22, 20, 1, 19], [6, 22, 7, 21], [7, 17, 8, 16], [1, 11, 2, 10], [15, 3, 16, 2], [3, 12, 4, 13], [11, 14, 12, 15], [13, 4, 14, 5]]"
11n_107_190,"[[13, 4, 14, 5], [9, 19, 10, 18], [17, 9, 18, 8], [20, 6, 21, 5], [22, 20, 1, 19], [6, 22, 7, 21], [7, 17, 8, 16], [1, 11, 2, 10], [15, 3, 16, 2], [3, 12, 4, 13], [11, 14, 12, 15]]"
11n_107_191,"[[11, 14, 12, 15], [13, 4, 14, 5], [9, 19, 10, 18], [17, 9, 18, 8], [20, 6, 21, 5], [22, 20, 1, 19], [6, 22, 7, 21], [7, 17, 8, 16], [1, 11, 2, 10], [15, 3, 16, 2], [3, 12, 4, 13]]"
11n_107_192,"[[3, 12, 4, 13], [11, 14, 12, 15], [13, 4, 14, 5], [9, 19, 10, 18], [17, 9, 18, 8], [20, 6, 21, 5], [22, 20, 1, 19], [6, 22, 7, 21], [7, 17, 8, 16], [1, 11, 2, 10], [15, 3, 16, 2]]"
11n_107_193,"[[15, 3, 16, 2], [3, 12, 4, 13], [11, 14, 12, 15], [13, 4, 14, 5], [9, 19, 10, 18], [17, 9, 18, 8], [20, 6, 21, 5], [22, 20, 1, 19], [6, 22, 7, 21], [7, 17, 8, 16], [1, 11, 2, 10]]"
11n_107_194,"[[1, 11, 2, 10], [15, 3, 16, 2], [3, 12, 4, 13], [11, 14, 12, 15], [13, 4, 14, 5], [9, 19, 10, 18], [17, 9, 18, 8], [20, 6, 21, 5], [22, 20, 1, 19], [6, 22, 7, 21], [7, 17, 8, 16]]"
11n_107_195,"[[7, 17, 8, 16], [1, 11, 2, 10], [15, 3, 16, 2], [3, 12, 4, 13], [11, 14, 12, 15], [13, 4, 14, 5], [9, 19, 10, 18], [17, 9, 18, 8], [20, 6, 21, 5], [22, 20, 1, 19], [6, 22, 7, 21]]"
11n_107_196,"[[6, 22, 7, 21], [7, 17, 8, 16], [1, 11, 2, 10], [15, 3, 16, 2], [3, 12, 4, 13], [11, 14, 12, 15], [13, 4, 14, 5], [9, 19, 10, 18], [17, 9, 18, 8], [20, 6, 21, 5], [22, 20, 1, 19]]"
11n_107_197,"[[22, 20, 1, 19], [6, 22, 7, 21], [7, 17, 8, 16], [1, 11, 2, 10], [15, 3, 16, 2], [3, 12, 4, 13], [11, 14, 12, 15], [13, 4, 14, 5], [9, 19, 10, 18], [17, 9, 18, 8], [20, 6, 21, 5]]"
11n_107_198,"[[21, 7, 22, 6], [1, 21, 2, 20], [7, 1, 8, 22], [8, 18, 9, 17], [2, 12, 3, 11], [16, 4, 17, 3], [4, 13, 5, 14], [12, 15, 13, 16], [14, 5, 15, 6], [10, 20, 11, 19], [18, 10, 19, 9]]"
11n_107_199,"[[18, 10, 19, 9], [21, 7, 22, 6], [1, 21, 2, 20], [7, 1, 8, 22], [8, 18, 9, 17], [2, 12, 3, 11], [16, 4, 17, 3], [4, 13, 5, 14], [12, 15, 13, 16], [14, 5, 15, 6], [10, 20, 11, 19]]"
11n_107_200,"[[10, 20, 11, 19], [18, 10, 19, 9], [21, 7, 22, 6], [1, 21, 2, 20], [7, 1, 8, 22], [8, 18, 9, 17], [2, 12, 3, 11], [16, 4, 17, 3], [4, 13, 5, 14], [12, 15, 13, 16], [14, 5, 15, 6]]"
11n_107_201,"[[14, 5, 15, 6], [10, 20, 11, 19], [18, 10, 19, 9], [21, 7, 22, 6], [1, 21, 2, 20], [7, 1, 8, 22], [8, 18, 9, 17], [2, 12, 3, 11], [16, 4, 17, 3], [4, 13, 5, 14], [12, 15, 13, 16]]"
11n_107_202,"[[12, 15, 13, 16], [14, 5, 15, 6], [10, 20, 11, 19], [18, 10, 19, 9], [21, 7, 22, 6], [1, 21, 2, 20], [7, 1, 8, 22], [8, 18, 9, 17], [2, 12, 3, 11], [16, 4, 17, 3], [4, 13, 5, 14]]"
11n_107_203,"[[4, 13, 5, 14], [12, 15, 13, 16], [14, 5, 15, 6], [10, 20, 11, 19], [18, 10, 19, 9], [21, 7, 22, 6], [1, 21, 2, 20], [7, 1, 8, 22], [8, 18, 9, 17], [2, 12, 3, 11], [16, 4, 17, 3]]"
