name,pd_notation
11n_129_0,"[[20, 13, 21, 14], [5, 3, 6, 2], [8, 15, 9, 16], [11, 4, 12, 5], [3, 12, 4, 13], [18, 2, 19, 1], [6, 20, 7, 19], [22, 8, 1, 7], [10, 17, 11, 18], [14, 21, 15, 22], [16, 9, 17, 10]]"
11n_129_1,"[[16, 9, 17, 10], [20, 13, 21, 14], [5, 3, 6, 2], [8, 15, 9, 16], [11, 4, 12, 5], [3, 12, 4, 13], [18, 2, 19, 1], [6, 20, 7, 19], [22, 8, 1, 7], [10, 17, 11, 18], [14, 21, 15, 22]]"
11n_129_2,"[[14, 21, 15, 22], [16, 9, 17, 10], [20, 13, 21, 14], [5, 3, 6, 2], [8, 15, 9, 16], [11, 4, 12, 5], [3, 12, 4, 13], [18, 2, 19, 1], [6, 20, 7, 19], [22, 8, 1, 7], [10, 17, 11, 18]]"
11n_129_3,"[[10, 17, 11, 18], [14, 21, 15, 22], [16, 9, 17, 10], [20, 13, 21, 14], [5, 3, 6, 2], [8, 15, 9, 16], [11, 4, 12, 5], [3, 12, 4, 13], [18, 2, 19, 1], [6, 20, 7, 19], [22, 8, 1, 7]]"
11n_129_4,"[[22, 8, 1, 7], [10, 17, 11, 18], [14, 21, 15, 22], [16, 9, 17, 10], [20, 13, 21, 14], [5, 3, 6, 2], [8, 15, 9, 16], [11, 4, 12, 5], [3, 12, 4, 13], [18, 2, 19, 1], [6, 20, 7, 19]]"
11n_129_5,"[[6, 20, 7, 19], [22, 8, 1, 7], [10, 17, 11, 18], [14, 21, 15, 22], [16, 9, 17, 10], [20, 13, 21, 14], [5, 3, 6, 2], [8, 15, 9, 16], [11, 4, 12, 5], [3, 12, 4, 13], [18, 2, 19, 1]]"
11n_129_6,"[[18, 2, 19, 1], [6, 20, 7, 19], [22, 8, 1, 7], [10, 17, 11, 18], [14, 21, 15, 22], [16, 9, 17, 10], [20, 13, 21, 14], [5, 3, 6, 2], [8, 15, 9, 16], [11, 4, 12, 5], [3, 12, 4, 13]]"
11n_129_7,"[[3, 12, 4, 13], [18, 2, 19, 1], [6, 20, 7, 19], [22, 8, 1, 7], [10, 17, 11, 18], [14, 21, 15, 22], [16, 9, 17, 10], [20, 13, 21, 14], [5, 3, 6, 2], [8, 15, 9, 16], [11, 4, 12, 5]]"
11n_129_8,"[[11, 4, 12, 5], [3, 12, 4, 13], [18, 2, 19, 1], [6, 20, 7, 19], [22, 8, 1, 7], [10, 17, 11, 18], [14, 21, 15, 22], [16, 9, 17, 10], [20, 13, 21, 14], [5, 3, 6, 2], [8, 15, 9, 16]]"
11n_129_9,"[[8, 15, 9, 16], [11, 4, 12, 5], [3, 12, 4, 13], [18, 2, 19, 1], [6, 20, 7, 19], [22, 8, 1, 7], [10, 17, 11, 18], [14, 21, 15, 22], [16, 9, 17, 10], [20, 13, 21, 14], [5, 3, 6, 2]]"
11n_129_10,"[[5, 3, 6, 2], [8, 15, 9, 16], [11, 4, 12, 5], [3, 12, 4, 13], [18, 2, 19, 1], [6, 20, 7, 19], [22, 8, 1, 7], [10, 17, 11, 18], [14, 21, 15, 22], [16, 9, 17, 10], [20, 13, 21, 14]]"
11n_129_11,"[[21, 14, 22, 15], [6, 4, 7, 3], [9, 16, 10, 17], [12, 5, 13, 6], [4, 13, 5, 14], [19, 3, 20, 2], [7, 21, 8, 20], [1, 9, 2, 8], [11, 18, 12, 19], [15, 22, 16, 1], [17, 10, 18, 11]]"
11n_129_12,"[[17, 10, 18, 11], [21, 14, 22, 15], [6, 4, 7, 3], [9, 16, 10, 17], [12, 5, 13, 6], [4, 13, 5, 14], [19, 3, 20, 2], [7, 21, 8, 20], [1, 9, 2, 8], [11, 18, 12, 19], [15, 22, 16, 1]]"
11n_129_13,"[[15, 22, 16, 1], [17, 10, 18, 11], [21, 14, 22, 15], [6, 4, 7, 3], [9, 16, 10, 17], [12, 5, 13, 6], [4, 13, 5, 14], [19, 3, 20, 2], [7, 21, 8, 20], [1, 9, 2, 8], [11, 18, 12, 19]]"
11n_129_14,"[[11, 18, 12, 19], [15, 22, 16, 1], [17, 10, 18, 11], [21, 14, 22, 15], [6, 4, 7, 3], [9, 16, 10, 17], [12, 5, 13, 6], [4, 13, 5, 14], [19, 3, 20, 2], [7, 21, 8, 20], [1, 9, 2, 8]]"
11n_129_15,"[[1, 9, 2, 8], [11, 18, 12, 19], [15, 22, 16, 1], [17, 10, 18, 11], [21, 14, 22, 15], [6, 4, 7, 3], [9, 16, 10, 17], [12, 5, 13, 6], [4, 13, 5, 14], [19, 3, 20, 2], [7, 21, 8, 20]]"
11n_129_16,"[[7, 21, 8, 20], [1, 9, 2, 8], [11, 18, 12, 19], [15, 22, 16, 1], [17, 10, 18, 11], [21, 14, 22, 15], [6, 4, 7, 3], [9, 16, 10, 17], [12, 5, 13, 6], [4, 13, 5, 14], [19, 3, 20, 2]]"
11n_129_17,"[[19, 3, 20, 2], [7, 21, 8, 20], [1, 9, 2, 8], [11, 18, 12, 19], [15, 22, 16, 1], [17, 10, 18, 11], [21, 14, 22, 15], [6, 4, 7, 3], [9, 16, 10, 17], [12, 5, 13, 6], [4, 13, 5, 14]]"
11n_129_18,"[[4, 13, 5, 14], [19, 3, 20, 2], [7, 21, 8, 20], [1, 9, 2, 8], [11, 18, 12, 19], [15, 22, 16, 1], [17, 10, 18, 11], [21, 14, 22, 15], [6, 4, 7, 3], [9, 16, 10, 17], [12, 5, 13, 6]]"
11n_129_19,"[[12, 5, 13, 6], [4, 13, 5, 14], [19, 3, 20, 2], [7, 21, 8, 20], [1, 9, 2, 8], [11, 18, 12, 19], [15, 22, 16, 1], [17, 10, 18, 11], [21, 14, 22, 15], [6, 4, 7, 3], [9, 16, 10, 17]]"
11n_129_20,"[[9, 16, 10, 17], [12, 5, 13, 6], [4, 13, 5, 14], [19, 3, 20, 2], [7, 21, 8, 20], [1, 9, 2, 8], [11, 18, 12, 19], [15, 22, 16, 1], [17, 10, 18, 11], [21, 14, 22, 15], [6, 4, 7, 3]]"
11n_129_21,"[[6, 4, 7, 3], [9, 16, 10, 17], [12, 5, 13, 6], [4, 13, 5, 14], [19, 3, 20, 2], [7, 21, 8, 20], [1, 9, 2, 8], [11, 18, 12, 19], [15, 22, 16, 1], [17, 10, 18, 11], [21, 14, 22, 15]]"
11n_129_22,"[[22, 15, 1, 16], [7, 5, 8, 4], [10, 17, 11, 18], [13, 6, 14, 7], [5, 14, 6, 15], [20, 4, 21, 3], [8, 22, 9, 21], [2, 10, 3, 9], [12, 19, 13, 20], [16, 1, 17, 2], [18, 11, 19, 12]]"
11n_129_23,"[[18, 11, 19, 12], [22, 15, 1, 16], [7, 5, 8, 4], [10, 17, 11, 18], [13, 6, 14, 7], [5, 14, 6, 15], [20, 4, 21, 3], [8, 22, 9, 21], [2, 10, 3, 9], [12, 19, 13, 20], [16, 1, 17, 2]]"
11n_129_24,"[[16, 1, 17, 2], [18, 11, 19, 12], [22, 15, 1, 16], [7, 5, 8, 4], [10, 17, 11, 18], [13, 6, 14, 7], [5, 14, 6, 15], [20, 4, 21, 3], [8, 22, 9, 21], [2, 10, 3, 9], [12, 19, 13, 20]]"
11n_129_25,"[[12, 19, 13, 20], [16, 1, 17, 2], [18, 11, 19, 12], [22, 15, 1, 16], [7, 5, 8, 4], [10, 17, 11, 18], [13, 6, 14, 7], [5, 14, 6, 15], [20, 4, 21, 3], [8, 22, 9, 21], [2, 10, 3, 9]]"
11n_129_26,"[[2, 10, 3, 9], [12, 19, 13, 20], [16, 1, 17, 2], [18, 11, 19, 12], [22, 15, 1, 16], [7, 5, 8, 4], [10, 17, 11, 18], [13, 6, 14, 7], [5, 14, 6, 15], [20, 4, 21, 3], [8, 22, 9, 21]]"
11n_129_27,"[[8, 22, 9, 21], [2, 10, 3, 9], [12, 19, 13, 20], [16, 1, 17, 2], [18, 11, 19, 12], [22, 15, 1, 16], [7, 5, 8, 4], [10, 17, 11, 18], [13, 6, 14, 7], [5, 14, 6, 15], [20, 4, 21, 3]]"
11n_129_28,"[[20, 4, 21, 3], [8, 22, 9, 21], [2, 10, 3, 9], [12, 19, 13, 20], [16, 1, 17, 2], [18, 11, 19, 12], [22, 15, 1, 16], [7, 5, 8, 4], [10, 17, 11, 18], [13, 6, 14, 7], [5, 14, 6, 15]]"
11n_129_29,"[[5, 14, 6, 15], [20, 4, 21, 3], [8, 22, 9, 21], [2, 10, 3, 9], [12, 19, 13, 20], [16, 1, 17, 2], [18, 11, 19, 12], [22, 15, 1, 16], [7, 5, 8, 4], [10, 17, 11, 18], [13, 6, 14, 7]]"
11n_129_30,"[[13, 6, 14, 7], [5, 14, 6, 15], [20, 4, 21, 3], [8, 22, 9, 21], [2, 10, 3, 9], [12, 19, 13, 20], [16, 1, 17, 2], [18, 11, 19, 12], [22, 15, 1, 16], [7, 5, 8, 4], [10, 17, 11, 18]]"
11n_129_31,"[[10, 17, 11, 18], [13, 6, 14, 7], [5, 14, 6, 15], [20, 4, 21, 3], [8, 22, 9, 21], [2, 10, 3, 9], [12, 19, 13, 20], [16, 1, 17, 2], [18, 11, 19, 12], [22, 15, 1, 16], [7, 5, 8, 4]]"
11n_129_32,"[[7, 5, 8, 4], [10, 17, 11, 18], [13, 6, 14, 7], [5, 14, 6, 15], [20, 4, 21, 3], [8, 22, 9, 21], [2, 10, 3, 9], [12, 19, 13, 20], [16, 1, 17, 2], [18, 11, 19, 12], [22, 15, 1, 16]]"
11n_129_33,"[[1, 16, 2, 17], [8, 6, 9, 5], [11, 18, 12, 19], [14, 7, 15, 8], [6, 15, 7, 16], [21, 5, 22, 4], [9, 1, 10, 22], [3, 11, 4, 10], [13, 20, 14, 21], [17, 2, 18, 3], [19, 12, 20, 13]]"
11n_129_34,"[[19, 12, 20, 13], [1, 16, 2, 17], [8, 6, 9, 5], [11, 18, 12, 19], [14, 7, 15, 8], [6, 15, 7, 16], [21, 5, 22, 4], [9, 1, 10, 22], [3, 11, 4, 10], [13, 20, 14, 21], [17, 2, 18, 3]]"
11n_129_35,"[[17, 2, 18, 3], [19, 12, 20, 13], [1, 16, 2, 17], [8, 6, 9, 5], [11, 18, 12, 19], [14, 7, 15, 8], [6, 15, 7, 16], [21, 5, 22, 4], [9, 1, 10, 22], [3, 11, 4, 10], [13, 20, 14, 21]]"
11n_129_36,"[[13, 20, 14, 21], [17, 2, 18, 3], [19, 12, 20, 13], [1, 16, 2, 17], [8, 6, 9, 5], [11, 18, 12, 19], [14, 7, 15, 8], [6, 15, 7, 16], [21, 5, 22, 4], [9, 1, 10, 22], [3, 11, 4, 10]]"
11n_129_37,"[[3, 11, 4, 10], [13, 20, 14, 21], [17, 2, 18, 3], [19, 12, 20, 13], [1, 16, 2, 17], [8, 6, 9, 5], [11, 18, 12, 19], [14, 7, 15, 8], [6, 15, 7, 16], [21, 5, 22, 4], [9, 1, 10, 22]]"
11n_129_38,"[[9, 1, 10, 22], [3, 11, 4, 10], [13, 20, 14, 21], [17, 2, 18, 3], [19, 12, 20, 13], [1, 16, 2, 17], [8, 6, 9, 5], [11, 18, 12, 19], [14, 7, 15, 8], [6, 15, 7, 16], [21, 5, 22, 4]]"
11n_129_39,"[[21, 5, 22, 4], [9, 1, 10, 22], [3, 11, 4, 10], [13, 20, 14, 21], [17, 2, 18, 3], [19, 12, 20, 13], [1, 16, 2, 17], [8, 6, 9, 5], [11, 18, 12, 19], [14, 7, 15, 8], [6, 15, 7, 16]]"
11n_129_40,"[[6, 15, 7, 16], [21, 5, 22, 4], [9, 1, 10, 22], [3, 11, 4, 10], [13, 20, 14, 21], [17, 2, 18, 3], [19, 12, 20, 13], [1, 16, 2, 17], [8, 6, 9, 5], [11, 18, 12, 19], [14, 7, 15, 8]]"
11n_129_41,"[[14, 7, 15, 8], [6, 15, 7, 16], [21, 5, 22, 4], [9, 1, 10, 22], [3, 11, 4, 10], [13, 20, 14, 21], [17, 2, 18, 3], [19, 12, 20, 13], [1, 16, 2, 17], [8, 6, 9, 5], [11, 18, 12, 19]]"
11n_129_42,"[[11, 18, 12, 19], [14, 7, 15, 8], [6, 15, 7, 16], [21, 5, 22, 4], [9, 1, 10, 22], [3, 11, 4, 10], [13, 20, 14, 21], [17, 2, 18, 3], [19, 12, 20, 13], [1, 16, 2, 17], [8, 6, 9, 5]]"
11n_129_43,"[[8, 6, 9, 5], [11, 18, 12, 19], [14, 7, 15, 8], [6, 15, 7, 16], [21, 5, 22, 4], [9, 1, 10, 22], [3, 11, 4, 10], [13, 20, 14, 21], [17, 2, 18, 3], [19, 12, 20, 13], [1, 16, 2, 17]]"
11n_129_44,"[[2, 17, 3, 18], [9, 7, 10, 6], [12, 19, 13, 20], [15, 8, 16, 9], [7, 16, 8, 17], [22, 6, 1, 5], [10, 2, 11, 1], [4, 12, 5, 11], [14, 21, 15, 22], [18, 3, 19, 4], [20, 13, 21, 14]]"
11n_129_45,"[[20, 13, 21, 14], [2, 17, 3, 18], [9, 7, 10, 6], [12, 19, 13, 20], [15, 8, 16, 9], [7, 16, 8, 17], [22, 6, 1, 5], [10, 2, 11, 1], [4, 12, 5, 11], [14, 21, 15, 22], [18, 3, 19, 4]]"
11n_129_46,"[[18, 3, 19, 4], [20, 13, 21, 14], [2, 17, 3, 18], [9, 7, 10, 6], [12, 19, 13, 20], [15, 8, 16, 9], [7, 16, 8, 17], [22, 6, 1, 5], [10, 2, 11, 1], [4, 12, 5, 11], [14, 21, 15, 22]]"
11n_129_47,"[[14, 21, 15, 22], [18, 3, 19, 4], [20, 13, 21, 14], [2, 17, 3, 18], [9, 7, 10, 6], [12, 19, 13, 20], [15, 8, 16, 9], [7, 16, 8, 17], [22, 6, 1, 5], [10, 2, 11, 1], [4, 12, 5, 11]]"
11n_129_48,"[[4, 12, 5, 11], [14, 21, 15, 22], [18, 3, 19, 4], [20, 13, 21, 14], [2, 17, 3, 18], [9, 7, 10, 6], [12, 19, 13, 20], [15, 8, 16, 9], [7, 16, 8, 17], [22, 6, 1, 5], [10, 2, 11, 1]]"
11n_129_49,"[[10, 2, 11, 1], [4, 12, 5, 11], [14, 21, 15, 22], [18, 3, 19, 4], [20, 13, 21, 14], [2, 17, 3, 18], [9, 7, 10, 6], [12, 19, 13, 20], [15, 8, 16, 9], [7, 16, 8, 17], [22, 6, 1, 5]]"
11n_129_50,"[[22, 6, 1, 5], [10, 2, 11, 1], [4, 12, 5, 11], [14, 21, 15, 22], [18, 3, 19, 4], [20, 13, 21, 14], [2, 17, 3, 18], [9, 7, 10, 6], [12, 19, 13, 20], [15, 8, 16, 9], [7, 16, 8, 17]]"
11n_129_51,"[[7, 16, 8, 17], [22, 6, 1, 5], [10, 2, 11, 1], [4, 12, 5, 11], [14, 21, 15, 22], [18, 3, 19, 4], [20, 13, 21, 14], [2, 17, 3, 18], [9, 7, 10, 6], [12, 19, 13, 20], [15, 8, 16, 9]]"
11n_129_52,"[[15, 8, 16, 9], [7, 16, 8, 17], [22, 6, 1, 5], [10, 2, 11, 1], [4, 12, 5, 11], [14, 21, 15, 22], [18, 3, 19, 4], [20, 13, 21, 14], [2, 17, 3, 18], [9, 7, 10, 6], [12, 19, 13, 20]]"
11n_129_53,"[[12, 19, 13, 20], [15, 8, 16, 9], [7, 16, 8, 17], [22, 6, 1, 5], [10, 2, 11, 1], [4, 12, 5, 11], [14, 21, 15, 22], [18, 3, 19, 4], [20, 13, 21, 14], [2, 17, 3, 18], [9, 7, 10, 6]]"
11n_129_54,"[[9, 7, 10, 6], [12, 19, 13, 20], [15, 8, 16, 9], [7, 16, 8, 17], [22, 6, 1, 5], [10, 2, 11, 1], [4, 12, 5, 11], [14, 21, 15, 22], [18, 3, 19, 4], [20, 13, 21, 14], [2, 17, 3, 18]]"
11n_129_55,"[[3, 18, 4, 19], [10, 8, 11, 7], [13, 20, 14, 21], [16, 9, 17, 10], [8, 17, 9, 18], [1, 7, 2, 6], [11, 3, 12, 2], [5, 13, 6, 12], [15, 22, 16, 1], [19, 4, 20, 5], [21, 14, 22, 15]]"
11n_129_56,"[[21, 14, 22, 15], [3, 18, 4, 19], [10, 8, 11, 7], [13, 20, 14, 21], [16, 9, 17, 10], [8, 17, 9, 18], [1, 7, 2, 6], [11, 3, 12, 2], [5, 13, 6, 12], [15, 22, 16, 1], [19, 4, 20, 5]]"
11n_129_57,"[[19, 4, 20, 5], [21, 14, 22, 15], [3, 18, 4, 19], [10, 8, 11, 7], [13, 20, 14, 21], [16, 9, 17, 10], [8, 17, 9, 18], [1, 7, 2, 6], [11, 3, 12, 2], [5, 13, 6, 12], [15, 22, 16, 1]]"
11n_129_58,"[[15, 22, 16, 1], [19, 4, 20, 5], [21, 14, 22, 15], [3, 18, 4, 19], [10, 8, 11, 7], [13, 20, 14, 21], [16, 9, 17, 10], [8, 17, 9, 18], [1, 7, 2, 6], [11, 3, 12, 2], [5, 13, 6, 12]]"
11n_129_59,"[[5, 13, 6, 12], [15, 22, 16, 1], [19, 4, 20, 5], [21, 14, 22, 15], [3, 18, 4, 19], [10, 8, 11, 7], [13, 20, 14, 21], [16, 9, 17, 10], [8, 17, 9, 18], [1, 7, 2, 6], [11, 3, 12, 2]]"
11n_129_60,"[[11, 3, 12, 2], [5, 13, 6, 12], [15, 22, 16, 1], [19, 4, 20, 5], [21, 14, 22, 15], [3, 18, 4, 19], [10, 8, 11, 7], [13, 20, 14, 21], [16, 9, 17, 10], [8, 17, 9, 18], [1, 7, 2, 6]]"
11n_129_61,"[[1, 7, 2, 6], [11, 3, 12, 2], [5, 13, 6, 12], [15, 22, 16, 1], [19, 4, 20, 5], [21, 14, 22, 15], [3, 18, 4, 19], [10, 8, 11, 7], [13, 20, 14, 21], [16, 9, 17, 10], [8, 17, 9, 18]]"
11n_129_62,"[[8, 17, 9, 18], [1, 7, 2, 6], [11, 3, 12, 2], [5, 13, 6, 12], [15, 22, 16, 1], [19, 4, 20, 5], [21, 14, 22, 15], [3, 18, 4, 19], [10, 8, 11, 7], [13, 20, 14, 21], [16, 9, 17, 10]]"
11n_129_63,"[[16, 9, 17, 10], [8, 17, 9, 18], [1, 7, 2, 6], [11, 3, 12, 2], [5, 13, 6, 12], [15, 22, 16, 1], [19, 4, 20, 5], [21, 14, 22, 15], [3, 18, 4, 19], [10, 8, 11, 7], [13, 20, 14, 21]]"
11n_129_64,"[[13, 20, 14, 21], [16, 9, 17, 10], [8, 17, 9, 18], [1, 7, 2, 6], [11, 3, 12, 2], [5, 13, 6, 12], [15, 22, 16, 1], [19, 4, 20, 5], [21, 14, 22, 15], [3, 18, 4, 19], [10, 8, 11, 7]]"
11n_129_65,"[[10, 8, 11, 7], [13, 20, 14, 21], [16, 9, 17, 10], [8, 17, 9, 18], [1, 7, 2, 6], [11, 3, 12, 2], [5, 13, 6, 12], [15, 22, 16, 1], [19, 4, 20, 5], [21, 14, 22, 15], [3, 18, 4, 19]]"
11n_129_66,"[[4, 19, 5, 20], [11, 9, 12, 8], [14, 21, 15, 22], [17, 10, 18, 11], [9, 18, 10, 19], [2, 8, 3, 7], [12, 4, 13, 3], [6, 14, 7, 13], [16, 1, 17, 2], [20, 5, 21, 6], [22, 15, 1, 16]]"
11n_129_67,"[[22, 15, 1, 16], [4, 19, 5, 20], [11, 9, 12, 8], [14, 21, 15, 22], [17, 10, 18, 11], [9, 18, 10, 19], [2, 8, 3, 7], [12, 4, 13, 3], [6, 14, 7, 13], [16, 1, 17, 2], [20, 5, 21, 6]]"
11n_129_68,"[[20, 5, 21, 6], [22, 15, 1, 16], [4, 19, 5, 20], [11, 9, 12, 8], [14, 21, 15, 22], [17, 10, 18, 11], [9, 18, 10, 19], [2, 8, 3, 7], [12, 4, 13, 3], [6, 14, 7, 13], [16, 1, 17, 2]]"
11n_129_69,"[[16, 1, 17, 2], [20, 5, 21, 6], [22, 15, 1, 16], [4, 19, 5, 20], [11, 9, 12, 8], [14, 21, 15, 22], [17, 10, 18, 11], [9, 18, 10, 19], [2, 8, 3, 7], [12, 4, 13, 3], [6, 14, 7, 13]]"
11n_129_70,"[[6, 14, 7, 13], [16, 1, 17, 2], [20, 5, 21, 6], [22, 15, 1, 16], [4, 19, 5, 20], [11, 9, 12, 8], [14, 21, 15, 22], [17, 10, 18, 11], [9, 18, 10, 19], [2, 8, 3, 7], [12, 4, 13, 3]]"
11n_129_71,"[[12, 4, 13, 3], [6, 14, 7, 13], [16, 1, 17, 2], [20, 5, 21, 6], [22, 15, 1, 16], [4, 19, 5, 20], [11, 9, 12, 8], [14, 21, 15, 22], [17, 10, 18, 11], [9, 18, 10, 19], [2, 8, 3, 7]]"
11n_129_72,"[[2, 8, 3, 7], [12, 4, 13, 3], [6, 14, 7, 13], [16, 1, 17, 2], [20, 5, 21, 6], [22, 15, 1, 16], [4, 19, 5, 20], [11, 9, 12, 8], [14, 21, 15, 22], [17, 10, 18, 11], [9, 18, 10, 19]]"
11n_129_73,"[[9, 18, 10, 19], [2, 8, 3, 7], [12, 4, 13, 3], [6, 14, 7, 13], [16, 1, 17, 2], [20, 5, 21, 6], [22, 15, 1, 16], [4, 19, 5, 20], [11, 9, 12, 8], [14, 21, 15, 22], [17, 10, 18, 11]]"
11n_129_74,"[[17, 10, 18, 11], [9, 18, 10, 19], [2, 8, 3, 7], [12, 4, 13, 3], [6, 14, 7, 13], [16, 1, 17, 2], [20, 5, 21, 6], [22, 15, 1, 16], [4, 19, 5, 20], [11, 9, 12, 8], [14, 21, 15, 22]]"
11n_129_75,"[[14, 21, 15, 22], [17, 10, 18, 11], [9, 18, 10, 19], [2, 8, 3, 7], [12, 4, 13, 3], [6, 14, 7, 13], [16, 1, 17, 2], [20, 5, 21, 6], [22, 15, 1, 16], [4, 19, 5, 20], [11, 9, 12, 8]]"
11n_129_76,"[[11, 9, 12, 8], [14, 21, 15, 22], [17, 10, 18, 11], [9, 18, 10, 19], [2, 8, 3, 7], [12, 4, 13, 3], [6, 14, 7, 13], [16, 1, 17, 2], [20, 5, 21, 6], [22, 15, 1, 16], [4, 19, 5, 20]]"
11n_129_77,"[[5, 20, 6, 21], [12, 10, 13, 9], [15, 22, 16, 1], [18, 11, 19, 12], [10, 19, 11, 20], [3, 9, 4, 8], [13, 5, 14, 4], [7, 15, 8, 14], [17, 2, 18, 3], [21, 6, 22, 7], [1, 16, 2, 17]]"
11n_129_78,"[[1, 16, 2, 17], [5, 20, 6, 21], [12, 10, 13, 9], [15, 22, 16, 1], [18, 11, 19, 12], [10, 19, 11, 20], [3, 9, 4, 8], [13, 5, 14, 4], [7, 15, 8, 14], [17, 2, 18, 3], [21, 6, 22, 7]]"
11n_129_79,"[[21, 6, 22, 7], [1, 16, 2, 17], [5, 20, 6, 21], [12, 10, 13, 9], [15, 22, 16, 1], [18, 11, 19, 12], [10, 19, 11, 20], [3, 9, 4, 8], [13, 5, 14, 4], [7, 15, 8, 14], [17, 2, 18, 3]]"
11n_129_80,"[[17, 2, 18, 3], [21, 6, 22, 7], [1, 16, 2, 17], [5, 20, 6, 21], [12, 10, 13, 9], [15, 22, 16, 1], [18, 11, 19, 12], [10, 19, 11, 20], [3, 9, 4, 8], [13, 5, 14, 4], [7, 15, 8, 14]]"
11n_129_81,"[[7, 15, 8, 14], [17, 2, 18, 3], [21, 6, 22, 7], [1, 16, 2, 17], [5, 20, 6, 21], [12, 10, 13, 9], [15, 22, 16, 1], [18, 11, 19, 12], [10, 19, 11, 20], [3, 9, 4, 8], [13, 5, 14, 4]]"
11n_129_82,"[[13, 5, 14, 4], [7, 15, 8, 14], [17, 2, 18, 3], [21, 6, 22, 7], [1, 16, 2, 17], [5, 20, 6, 21], [12, 10, 13, 9], [15, 22, 16, 1], [18, 11, 19, 12], [10, 19, 11, 20], [3, 9, 4, 8]]"
11n_129_83,"[[3, 9, 4, 8], [13, 5, 14, 4], [7, 15, 8, 14], [17, 2, 18, 3], [21, 6, 22, 7], [1, 16, 2, 17], [5, 20, 6, 21], [12, 10, 13, 9], [15, 22, 16, 1], [18, 11, 19, 12], [10, 19, 11, 20]]"
11n_129_84,"[[10, 19, 11, 20], [3, 9, 4, 8], [13, 5, 14, 4], [7, 15, 8, 14], [17, 2, 18, 3], [21, 6, 22, 7], [1, 16, 2, 17], [5, 20, 6, 21], [12, 10, 13, 9], [15, 22, 16, 1], [18, 11, 19, 12]]"
11n_129_85,"[[18, 11, 19, 12], [10, 19, 11, 20], [3, 9, 4, 8], [13, 5, 14, 4], [7, 15, 8, 14], [17, 2, 18, 3], [21, 6, 22, 7], [1, 16, 2, 17], [5, 20, 6, 21], [12, 10, 13, 9], [15, 22, 16, 1]]"
11n_129_86,"[[15, 22, 16, 1], [18, 11, 19, 12], [10, 19, 11, 20], [3, 9, 4, 8], [13, 5, 14, 4], [7, 15, 8, 14], [17, 2, 18, 3], [21, 6, 22, 7], [1, 16, 2, 17], [5, 20, 6, 21], [12, 10, 13, 9]]"
11n_129_87,"[[12, 10, 13, 9], [15, 22, 16, 1], [18, 11, 19, 12], [10, 19, 11, 20], [3, 9, 4, 8], [13, 5, 14, 4], [7, 15, 8, 14], [17, 2, 18, 3], [21, 6, 22, 7], [1, 16, 2, 17], [5, 20, 6, 21]]"
11n_129_88,"[[6, 21, 7, 22], [13, 11, 14, 10], [16, 1, 17, 2], [19, 12, 20, 13], [11, 20, 12, 21], [4, 10, 5, 9], [14, 6, 15, 5], [8, 16, 9, 15], [18, 3, 19, 4], [22, 7, 1, 8], [2, 17, 3, 18]]"
11n_129_89,"[[2, 17, 3, 18], [6, 21, 7, 22], [13, 11, 14, 10], [16, 1, 17, 2], [19, 12, 20, 13], [11, 20, 12, 21], [4, 10, 5, 9], [14, 6, 15, 5], [8, 16, 9, 15], [18, 3, 19, 4], [22, 7, 1, 8]]"
11n_129_90,"[[22, 7, 1, 8], [2, 17, 3, 18], [6, 21, 7, 22], [13, 11, 14, 10], [16, 1, 17, 2], [19, 12, 20, 13], [11, 20, 12, 21], [4, 10, 5, 9], [14, 6, 15, 5], [8, 16, 9, 15], [18, 3, 19, 4]]"
11n_129_91,"[[18, 3, 19, 4], [22, 7, 1, 8], [2, 17, 3, 18], [6, 21, 7, 22], [13, 11, 14, 10], [16, 1, 17, 2], [19, 12, 20, 13], [11, 20, 12, 21], [4, 10, 5, 9], [14, 6, 15, 5], [8, 16, 9, 15]]"
11n_129_92,"[[8, 16, 9, 15], [18, 3, 19, 4], [22, 7, 1, 8], [2, 17, 3, 18], [6, 21, 7, 22], [13, 11, 14, 10], [16, 1, 17, 2], [19, 12, 20, 13], [11, 20, 12, 21], [4, 10, 5, 9], [14, 6, 15, 5]]"
11n_129_93,"[[14, 6, 15, 5], [8, 16, 9, 15], [18, 3, 19, 4], [22, 7, 1, 8], [2, 17, 3, 18], [6, 21, 7, 22], [13, 11, 14, 10], [16, 1, 17, 2], [19, 12, 20, 13], [11, 20, 12, 21], [4, 10, 5, 9]]"
11n_129_94,"[[4, 10, 5, 9], [14, 6, 15, 5], [8, 16, 9, 15], [18, 3, 19, 4], [22, 7, 1, 8], [2, 17, 3, 18], [6, 21, 7, 22], [13, 11, 14, 10], [16, 1, 17, 2], [19, 12, 20, 13], [11, 20, 12, 21]]"
11n_129_95,"[[11, 20, 12, 21], [4, 10, 5, 9], [14, 6, 15, 5], [8, 16, 9, 15], [18, 3, 19, 4], [22, 7, 1, 8], [2, 17, 3, 18], [6, 21, 7, 22], [13, 11, 14, 10], [16, 1, 17, 2], [19, 12, 20, 13]]"
11n_129_96,"[[19, 12, 20, 13], [11, 20, 12, 21], [4, 10, 5, 9], [14, 6, 15, 5], [8, 16, 9, 15], [18, 3, 19, 4], [22, 7, 1, 8], [2, 17, 3, 18], [6, 21, 7, 22], [13, 11, 14, 10], [16, 1, 17, 2]]"
11n_129_97,"[[16, 1, 17, 2], [19, 12, 20, 13], [11, 20, 12, 21], [4, 10, 5, 9], [14, 6, 15, 5], [8, 16, 9, 15], [18, 3, 19, 4], [22, 7, 1, 8], [2, 17, 3, 18], [6, 21, 7, 22], [13, 11, 14, 10]]"
11n_129_98,"[[13, 11, 14, 10], [16, 1, 17, 2], [19, 12, 20, 13], [11, 20, 12, 21], [4, 10, 5, 9], [14, 6, 15, 5], [8, 16, 9, 15], [18, 3, 19, 4], [22, 7, 1, 8], [2, 17, 3, 18], [6, 21, 7, 22]]"
11n_129_99,"[[7, 22, 8, 1], [14, 12, 15, 11], [17, 2, 18, 3], [20, 13, 21, 14], [12, 21, 13, 22], [5, 11, 6, 10], [15, 7, 16, 6], [9, 17, 10, 16], [19, 4, 20, 5], [1, 8, 2, 9], [3, 18, 4, 19]]"
11n_129_100,"[[3, 18, 4, 19], [7, 22, 8, 1], [14, 12, 15, 11], [17, 2, 18, 3], [20, 13, 21, 14], [12, 21, 13, 22], [5, 11, 6, 10], [15, 7, 16, 6], [9, 17, 10, 16], [19, 4, 20, 5], [1, 8, 2, 9]]"
11n_129_101,"[[1, 8, 2, 9], [3, 18, 4, 19], [7, 22, 8, 1], [14, 12, 15, 11], [17, 2, 18, 3], [20, 13, 21, 14], [12, 21, 13, 22], [5, 11, 6, 10], [15, 7, 16, 6], [9, 17, 10, 16], [19, 4, 20, 5]]"
11n_129_102,"[[19, 4, 20, 5], [1, 8, 2, 9], [3, 18, 4, 19], [7, 22, 8, 1], [14, 12, 15, 11], [17, 2, 18, 3], [20, 13, 21, 14], [12, 21, 13, 22], [5, 11, 6, 10], [15, 7, 16, 6], [9, 17, 10, 16]]"
11n_129_103,"[[9, 17, 10, 16], [19, 4, 20, 5], [1, 8, 2, 9], [3, 18, 4, 19], [7, 22, 8, 1], [14, 12, 15, 11], [17, 2, 18, 3], [20, 13, 21, 14], [12, 21, 13, 22], [5, 11, 6, 10], [15, 7, 16, 6]]"
11n_129_104,"[[15, 7, 16, 6], [9, 17, 10, 16], [19, 4, 20, 5], [1, 8, 2, 9], [3, 18, 4, 19], [7, 22, 8, 1], [14, 12, 15, 11], [17, 2, 18, 3], [20, 13, 21, 14], [12, 21, 13, 22], [5, 11, 6, 10]]"
11n_129_105,"[[5, 11, 6, 10], [15, 7, 16, 6], [9, 17, 10, 16], [19, 4, 20, 5], [1, 8, 2, 9], [3, 18, 4, 19], [7, 22, 8, 1], [14, 12, 15, 11], [17, 2, 18, 3], [20, 13, 21, 14], [12, 21, 13, 22]]"
11n_129_106,"[[12, 21, 13, 22], [5, 11, 6, 10], [15, 7, 16, 6], [9, 17, 10, 16], [19, 4, 20, 5], [1, 8, 2, 9], [3, 18, 4, 19], [7, 22, 8, 1], [14, 12, 15, 11], [17, 2, 18, 3], [20, 13, 21, 14]]"
11n_129_107,"[[20, 13, 21, 14], [12, 21, 13, 22], [5, 11, 6, 10], [15, 7, 16, 6], [9, 17, 10, 16], [19, 4, 20, 5], [1, 8, 2, 9], [3, 18, 4, 19], [7, 22, 8, 1], [14, 12, 15, 11], [17, 2, 18, 3]]"
11n_129_108,"[[17, 2, 18, 3], [20, 13, 21, 14], [12, 21, 13, 22], [5, 11, 6, 10], [15, 7, 16, 6], [9, 17, 10, 16], [19, 4, 20, 5], [1, 8, 2, 9], [3, 18, 4, 19], [7, 22, 8, 1], [14, 12, 15, 11]]"
11n_129_109,"[[14, 12, 15, 11], [17, 2, 18, 3], [20, 13, 21, 14], [12, 21, 13, 22], [5, 11, 6, 10], [15, 7, 16, 6], [9, 17, 10, 16], [19, 4, 20, 5], [1, 8, 2, 9], [3, 18, 4, 19], [7, 22, 8, 1]]"
11n_129_110,"[[8, 1, 9, 2], [15, 13, 16, 12], [18, 3, 19, 4], [21, 14, 22, 15], [13, 22, 14, 1], [6, 12, 7, 11], [16, 8, 17, 7], [10, 18, 11, 17], [20, 5, 21, 6], [2, 9, 3, 10], [4, 19, 5, 20]]"
11n_129_111,"[[4, 19, 5, 20], [8, 1, 9, 2], [15, 13, 16, 12], [18, 3, 19, 4], [21, 14, 22, 15], [13, 22, 14, 1], [6, 12, 7, 11], [16, 8, 17, 7], [10, 18, 11, 17], [20, 5, 21, 6], [2, 9, 3, 10]]"
11n_129_112,"[[2, 9, 3, 10], [4, 19, 5, 20], [8, 1, 9, 2], [15, 13, 16, 12], [18, 3, 19, 4], [21, 14, 22, 15], [13, 22, 14, 1], [6, 12, 7, 11], [16, 8, 17, 7], [10, 18, 11, 17], [20, 5, 21, 6]]"
11n_129_113,"[[20, 5, 21, 6], [2, 9, 3, 10], [4, 19, 5, 20], [8, 1, 9, 2], [15, 13, 16, 12], [18, 3, 19, 4], [21, 14, 22, 15], [13, 22, 14, 1], [6, 12, 7, 11], [16, 8, 17, 7], [10, 18, 11, 17]]"
11n_129_114,"[[10, 18, 11, 17], [20, 5, 21, 6], [2, 9, 3, 10], [4, 19, 5, 20], [8, 1, 9, 2], [15, 13, 16, 12], [18, 3, 19, 4], [21, 14, 22, 15], [13, 22, 14, 1], [6, 12, 7, 11], [16, 8, 17, 7]]"
11n_129_115,"[[16, 8, 17, 7], [10, 18, 11, 17], [20, 5, 21, 6], [2, 9, 3, 10], [4, 19, 5, 20], [8, 1, 9, 2], [15, 13, 16, 12], [18, 3, 19, 4], [21, 14, 22, 15], [13, 22, 14, 1], [6, 12, 7, 11]]"
11n_129_116,"[[6, 12, 7, 11], [16, 8, 17, 7], [10, 18, 11, 17], [20, 5, 21, 6], [2, 9, 3, 10], [4, 19, 5, 20], [8, 1, 9, 2], [15, 13, 16, 12], [18, 3, 19, 4], [21, 14, 22, 15], [13, 22, 14, 1]]"
11n_129_117,"[[13, 22, 14, 1], [6, 12, 7, 11], [16, 8, 17, 7], [10, 18, 11, 17], [20, 5, 21, 6], [2, 9, 3, 10], [4, 19, 5, 20], [8, 1, 9, 2], [15, 13, 16, 12], [18, 3, 19, 4], [21, 14, 22, 15]]"
11n_129_118,"[[21, 14, 22, 15], [13, 22, 14, 1], [6, 12, 7, 11], [16, 8, 17, 7], [10, 18, 11, 17], [20, 5, 21, 6], [2, 9, 3, 10], [4, 19, 5, 20], [8, 1, 9, 2], [15, 13, 16, 12], [18, 3, 19, 4]]"
11n_129_119,"[[18, 3, 19, 4], [21, 14, 22, 15], [13, 22, 14, 1], [6, 12, 7, 11], [16, 8, 17, 7], [10, 18, 11, 17], [20, 5, 21, 6], [2, 9, 3, 10], [4, 19, 5, 20], [8, 1, 9, 2], [15, 13, 16, 12]]"
11n_129_120,"[[15, 13, 16, 12], [18, 3, 19, 4], [21, 14, 22, 15], [13, 22, 14, 1], [6, 12, 7, 11], [16, 8, 17, 7], [10, 18, 11, 17], [20, 5, 21, 6], [2, 9, 3, 10], [4, 19, 5, 20], [8, 1, 9, 2]]"
11n_129_121,"[[9, 2, 10, 3], [16, 14, 17, 13], [19, 4, 20, 5], [22, 15, 1, 16], [14, 1, 15, 2], [7, 13, 8, 12], [17, 9, 18, 8], [11, 19, 12, 18], [21, 6, 22, 7], [3, 10, 4, 11], [5, 20, 6, 21]]"
11n_129_122,"[[5, 20, 6, 21], [9, 2, 10, 3], [16, 14, 17, 13], [19, 4, 20, 5], [22, 15, 1, 16], [14, 1, 15, 2], [7, 13, 8, 12], [17, 9, 18, 8], [11, 19, 12, 18], [21, 6, 22, 7], [3, 10, 4, 11]]"
11n_129_123,"[[3, 10, 4, 11], [5, 20, 6, 21], [9, 2, 10, 3], [16, 14, 17, 13], [19, 4, 20, 5], [22, 15, 1, 16], [14, 1, 15, 2], [7, 13, 8, 12], [17, 9, 18, 8], [11, 19, 12, 18], [21, 6, 22, 7]]"
11n_129_124,"[[21, 6, 22, 7], [3, 10, 4, 11], [5, 20, 6, 21], [9, 2, 10, 3], [16, 14, 17, 13], [19, 4, 20, 5], [22, 15, 1, 16], [14, 1, 15, 2], [7, 13, 8, 12], [17, 9, 18, 8], [11, 19, 12, 18]]"
11n_129_125,"[[11, 19, 12, 18], [21, 6, 22, 7], [3, 10, 4, 11], [5, 20, 6, 21], [9, 2, 10, 3], [16, 14, 17, 13], [19, 4, 20, 5], [22, 15, 1, 16], [14, 1, 15, 2], [7, 13, 8, 12], [17, 9, 18, 8]]"
11n_129_126,"[[17, 9, 18, 8], [11, 19, 12, 18], [21, 6, 22, 7], [3, 10, 4, 11], [5, 20, 6, 21], [9, 2, 10, 3], [16, 14, 17, 13], [19, 4, 20, 5], [22, 15, 1, 16], [14, 1, 15, 2], [7, 13, 8, 12]]"
11n_129_127,"[[7, 13, 8, 12], [17, 9, 18, 8], [11, 19, 12, 18], [21, 6, 22, 7], [3, 10, 4, 11], [5, 20, 6, 21], [9, 2, 10, 3], [16, 14, 17, 13], [19, 4, 20, 5], [22, 15, 1, 16], [14, 1, 15, 2]]"
11n_129_128,"[[14, 1, 15, 2], [7, 13, 8, 12], [17, 9, 18, 8], [11, 19, 12, 18], [21, 6, 22, 7], [3, 10, 4, 11], [5, 20, 6, 21], [9, 2, 10, 3], [16, 14, 17, 13], [19, 4, 20, 5], [22, 15, 1, 16]]"
11n_129_129,"[[22, 15, 1, 16], [14, 1, 15, 2], [7, 13, 8, 12], [17, 9, 18, 8], [11, 19, 12, 18], [21, 6, 22, 7], [3, 10, 4, 11], [5, 20, 6, 21], [9, 2, 10, 3], [16, 14, 17, 13], [19, 4, 20, 5]]"
11n_129_130,"[[19, 4, 20, 5], [22, 15, 1, 16], [14, 1, 15, 2], [7, 13, 8, 12], [17, 9, 18, 8], [11, 19, 12, 18], [21, 6, 22, 7], [3, 10, 4, 11], [5, 20, 6, 21], [9, 2, 10, 3], [16, 14, 17, 13]]"
11n_129_131,"[[16, 14, 17, 13], [19, 4, 20, 5], [22, 15, 1, 16], [14, 1, 15, 2], [7, 13, 8, 12], [17, 9, 18, 8], [11, 19, 12, 18], [21, 6, 22, 7], [3, 10, 4, 11], [5, 20, 6, 21], [9, 2, 10, 3]]"
11n_129_132,"[[10, 3, 11, 4], [17, 15, 18, 14], [20, 5, 21, 6], [1, 16, 2, 17], [15, 2, 16, 3], [8, 14, 9, 13], [18, 10, 19, 9], [12, 20, 13, 19], [22, 7, 1, 8], [4, 11, 5, 12], [6, 21, 7, 22]]"
11n_129_133,"[[6, 21, 7, 22], [10, 3, 11, 4], [17, 15, 18, 14], [20, 5, 21, 6], [1, 16, 2, 17], [15, 2, 16, 3], [8, 14, 9, 13], [18, 10, 19, 9], [12, 20, 13, 19], [22, 7, 1, 8], [4, 11, 5, 12]]"
11n_129_134,"[[4, 11, 5, 12], [6, 21, 7, 22], [10, 3, 11, 4], [17, 15, 18, 14], [20, 5, 21, 6], [1, 16, 2, 17], [15, 2, 16, 3], [8, 14, 9, 13], [18, 10, 19, 9], [12, 20, 13, 19], [22, 7, 1, 8]]"
11n_129_135,"[[22, 7, 1, 8], [4, 11, 5, 12], [6, 21, 7, 22], [10, 3, 11, 4], [17, 15, 18, 14], [20, 5, 21, 6], [1, 16, 2, 17], [15, 2, 16, 3], [8, 14, 9, 13], [18, 10, 19, 9], [12, 20, 13, 19]]"
11n_129_136,"[[12, 20, 13, 19], [22, 7, 1, 8], [4, 11, 5, 12], [6, 21, 7, 22], [10, 3, 11, 4], [17, 15, 18, 14], [20, 5, 21, 6], [1, 16, 2, 17], [15, 2, 16, 3], [8, 14, 9, 13], [18, 10, 19, 9]]"
11n_129_137,"[[18, 10, 19, 9], [12, 20, 13, 19], [22, 7, 1, 8], [4, 11, 5, 12], [6, 21, 7, 22], [10, 3, 11, 4], [17, 15, 18, 14], [20, 5, 21, 6], [1, 16, 2, 17], [15, 2, 16, 3], [8, 14, 9, 13]]"
11n_129_138,"[[8, 14, 9, 13], [18, 10, 19, 9], [12, 20, 13, 19], [22, 7, 1, 8], [4, 11, 5, 12], [6, 21, 7, 22], [10, 3, 11, 4], [17, 15, 18, 14], [20, 5, 21, 6], [1, 16, 2, 17], [15, 2, 16, 3]]"
11n_129_139,"[[15, 2, 16, 3], [8, 14, 9, 13], [18, 10, 19, 9], [12, 20, 13, 19], [22, 7, 1, 8], [4, 11, 5, 12], [6, 21, 7, 22], [10, 3, 11, 4], [17, 15, 18, 14], [20, 5, 21, 6], [1, 16, 2, 17]]"
11n_129_140,"[[1, 16, 2, 17], [15, 2, 16, 3], [8, 14, 9, 13], [18, 10, 19, 9], [12, 20, 13, 19], [22, 7, 1, 8], [4, 11, 5, 12], [6, 21, 7, 22], [10, 3, 11, 4], [17, 15, 18, 14], [20, 5, 21, 6]]"
11n_129_141,"[[20, 5, 21, 6], [1, 16, 2, 17], [15, 2, 16, 3], [8, 14, 9, 13], [18, 10, 19, 9], [12, 20, 13, 19], [22, 7, 1, 8], [4, 11, 5, 12], [6, 21, 7, 22], [10, 3, 11, 4], [17, 15, 18, 14]]"
11n_129_142,"[[17, 15, 18, 14], [20, 5, 21, 6], [1, 16, 2, 17], [15, 2, 16, 3], [8, 14, 9, 13], [18, 10, 19, 9], [12, 20, 13, 19], [22, 7, 1, 8], [4, 11, 5, 12], [6, 21, 7, 22], [10, 3, 11, 4]]"
11n_129_143,"[[11, 4, 12, 5], [18, 16, 19, 15], [21, 6, 22, 7], [2, 17, 3, 18], [16, 3, 17, 4], [9, 15, 10, 14], [19, 11, 20, 10], [13, 21, 14, 20], [1, 8, 2, 9], [5, 12, 6, 13], [7, 22, 8, 1]]"
11n_129_144,"[[7, 22, 8, 1], [11, 4, 12, 5], [18, 16, 19, 15], [21, 6, 22, 7], [2, 17, 3, 18], [16, 3, 17, 4], [9, 15, 10, 14], [19, 11, 20, 10], [13, 21, 14, 20], [1, 8, 2, 9], [5, 12, 6, 13]]"
11n_129_145,"[[5, 12, 6, 13], [7, 22, 8, 1], [11, 4, 12, 5], [18, 16, 19, 15], [21, 6, 22, 7], [2, 17, 3, 18], [16, 3, 17, 4], [9, 15, 10, 14], [19, 11, 20, 10], [13, 21, 14, 20], [1, 8, 2, 9]]"
11n_129_146,"[[1, 8, 2, 9], [5, 12, 6, 13], [7, 22, 8, 1], [11, 4, 12, 5], [18, 16, 19, 15], [21, 6, 22, 7], [2, 17, 3, 18], [16, 3, 17, 4], [9, 15, 10, 14], [19, 11, 20, 10], [13, 21, 14, 20]]"
11n_129_147,"[[13, 21, 14, 20], [1, 8, 2, 9], [5, 12, 6, 13], [7, 22, 8, 1], [11, 4, 12, 5], [18, 16, 19, 15], [21, 6, 22, 7], [2, 17, 3, 18], [16, 3, 17, 4], [9, 15, 10, 14], [19, 11, 20, 10]]"
11n_129_148,"[[19, 11, 20, 10], [13, 21, 14, 20], [1, 8, 2, 9], [5, 12, 6, 13], [7, 22, 8, 1], [11, 4, 12, 5], [18, 16, 19, 15], [21, 6, 22, 7], [2, 17, 3, 18], [16, 3, 17, 4], [9, 15, 10, 14]]"
11n_129_149,"[[9, 15, 10, 14], [19, 11, 20, 10], [13, 21, 14, 20], [1, 8, 2, 9], [5, 12, 6, 13], [7, 22, 8, 1], [11, 4, 12, 5], [18, 16, 19, 15], [21, 6, 22, 7], [2, 17, 3, 18], [16, 3, 17, 4]]"
11n_129_150,"[[16, 3, 17, 4], [9, 15, 10, 14], [19, 11, 20, 10], [13, 21, 14, 20], [1, 8, 2, 9], [5, 12, 6, 13], [7, 22, 8, 1], [11, 4, 12, 5], [18, 16, 19, 15], [21, 6, 22, 7], [2, 17, 3, 18]]"
11n_129_151,"[[2, 17, 3, 18], [16, 3, 17, 4], [9, 15, 10, 14], [19, 11, 20, 10], [13, 21, 14, 20], [1, 8, 2, 9], [5, 12, 6, 13], [7, 22, 8, 1], [11, 4, 12, 5], [18, 16, 19, 15], [21, 6, 22, 7]]"
11n_129_152,"[[21, 6, 22, 7], [2, 17, 3, 18], [16, 3, 17, 4], [9, 15, 10, 14], [19, 11, 20, 10], [13, 21, 14, 20], [1, 8, 2, 9], [5, 12, 6, 13], [7, 22, 8, 1], [11, 4, 12, 5], [18, 16, 19, 15]]"
11n_129_153,"[[18, 16, 19, 15], [21, 6, 22, 7], [2, 17, 3, 18], [16, 3, 17, 4], [9, 15, 10, 14], [19, 11, 20, 10], [13, 21, 14, 20], [1, 8, 2, 9], [5, 12, 6, 13], [7, 22, 8, 1], [11, 4, 12, 5]]"
11n_129_154,"[[12, 5, 13, 6], [19, 17, 20, 16], [22, 7, 1, 8], [3, 18, 4, 19], [17, 4, 18, 5], [10, 16, 11, 15], [20, 12, 21, 11], [14, 22, 15, 21], [2, 9, 3, 10], [6, 13, 7, 14], [8, 1, 9, 2]]"
11n_129_155,"[[8, 1, 9, 2], [12, 5, 13, 6], [19, 17, 20, 16], [22, 7, 1, 8], [3, 18, 4, 19], [17, 4, 18, 5], [10, 16, 11, 15], [20, 12, 21, 11], [14, 22, 15, 21], [2, 9, 3, 10], [6, 13, 7, 14]]"
11n_129_156,"[[6, 13, 7, 14], [8, 1, 9, 2], [12, 5, 13, 6], [19, 17, 20, 16], [22, 7, 1, 8], [3, 18, 4, 19], [17, 4, 18, 5], [10, 16, 11, 15], [20, 12, 21, 11], [14, 22, 15, 21], [2, 9, 3, 10]]"
11n_129_157,"[[2, 9, 3, 10], [6, 13, 7, 14], [8, 1, 9, 2], [12, 5, 13, 6], [19, 17, 20, 16], [22, 7, 1, 8], [3, 18, 4, 19], [17, 4, 18, 5], [10, 16, 11, 15], [20, 12, 21, 11], [14, 22, 15, 21]]"
11n_129_158,"[[14, 22, 15, 21], [2, 9, 3, 10], [6, 13, 7, 14], [8, 1, 9, 2], [12, 5, 13, 6], [19, 17, 20, 16], [22, 7, 1, 8], [3, 18, 4, 19], [17, 4, 18, 5], [10, 16, 11, 15], [20, 12, 21, 11]]"
11n_129_159,"[[20, 12, 21, 11], [14, 22, 15, 21], [2, 9, 3, 10], [6, 13, 7, 14], [8, 1, 9, 2], [12, 5, 13, 6], [19, 17, 20, 16], [22, 7, 1, 8], [3, 18, 4, 19], [17, 4, 18, 5], [10, 16, 11, 15]]"
11n_129_160,"[[10, 16, 11, 15], [20, 12, 21, 11], [14, 22, 15, 21], [2, 9, 3, 10], [6, 13, 7, 14], [8, 1, 9, 2], [12, 5, 13, 6], [19, 17, 20, 16], [22, 7, 1, 8], [3, 18, 4, 19], [17, 4, 18, 5]]"
11n_129_161,"[[17, 4, 18, 5], [10, 16, 11, 15], [20, 12, 21, 11], [14, 22, 15, 21], [2, 9, 3, 10], [6, 13, 7, 14], [8, 1, 9, 2], [12, 5, 13, 6], [19, 17, 20, 16], [22, 7, 1, 8], [3, 18, 4, 19]]"
11n_129_162,"[[3, 18, 4, 19], [17, 4, 18, 5], [10, 16, 11, 15], [20, 12, 21, 11], [14, 22, 15, 21], [2, 9, 3, 10], [6, 13, 7, 14], [8, 1, 9, 2], [12, 5, 13, 6], [19, 17, 20, 16], [22, 7, 1, 8]]"
11n_129_163,"[[22, 7, 1, 8], [3, 18, 4, 19], [17, 4, 18, 5], [10, 16, 11, 15], [20, 12, 21, 11], [14, 22, 15, 21], [2, 9, 3, 10], [6, 13, 7, 14], [8, 1, 9, 2], [12, 5, 13, 6], [19, 17, 20, 16]]"
11n_129_164,"[[19, 17, 20, 16], [22, 7, 1, 8], [3, 18, 4, 19], [17, 4, 18, 5], [10, 16, 11, 15], [20, 12, 21, 11], [14, 22, 15, 21], [2, 9, 3, 10], [6, 13, 7, 14], [8, 1, 9, 2], [12, 5, 13, 6]]"
11n_129_165,"[[13, 6, 14, 7], [20, 18, 21, 17], [1, 8, 2, 9], [4, 19, 5, 20], [18, 5, 19, 6], [11, 17, 12, 16], [21, 13, 22, 12], [15, 1, 16, 22], [3, 10, 4, 11], [7, 14, 8, 15], [9, 2, 10, 3]]"
11n_129_166,"[[9, 2, 10, 3], [13, 6, 14, 7], [20, 18, 21, 17], [1, 8, 2, 9], [4, 19, 5, 20], [18, 5, 19, 6], [11, 17, 12, 16], [21, 13, 22, 12], [15, 1, 16, 22], [3, 10, 4, 11], [7, 14, 8, 15]]"
11n_129_167,"[[7, 14, 8, 15], [9, 2, 10, 3], [13, 6, 14, 7], [20, 18, 21, 17], [1, 8, 2, 9], [4, 19, 5, 20], [18, 5, 19, 6], [11, 17, 12, 16], [21, 13, 22, 12], [15, 1, 16, 22], [3, 10, 4, 11]]"
11n_129_168,"[[3, 10, 4, 11], [7, 14, 8, 15], [9, 2, 10, 3], [13, 6, 14, 7], [20, 18, 21, 17], [1, 8, 2, 9], [4, 19, 5, 20], [18, 5, 19, 6], [11, 17, 12, 16], [21, 13, 22, 12], [15, 1, 16, 22]]"
11n_129_169,"[[15, 1, 16, 22], [3, 10, 4, 11], [7, 14, 8, 15], [9, 2, 10, 3], [13, 6, 14, 7], [20, 18, 21, 17], [1, 8, 2, 9], [4, 19, 5, 20], [18, 5, 19, 6], [11, 17, 12, 16], [21, 13, 22, 12]]"
11n_129_170,"[[21, 13, 22, 12], [15, 1, 16, 22], [3, 10, 4, 11], [7, 14, 8, 15], [9, 2, 10, 3], [13, 6, 14, 7], [20, 18, 21, 17], [1, 8, 2, 9], [4, 19, 5, 20], [18, 5, 19, 6], [11, 17, 12, 16]]"
11n_129_171,"[[11, 17, 12, 16], [21, 13, 22, 12], [15, 1, 16, 22], [3, 10, 4, 11], [7, 14, 8, 15], [9, 2, 10, 3], [13, 6, 14, 7], [20, 18, 21, 17], [1, 8, 2, 9], [4, 19, 5, 20], [18, 5, 19, 6]]"
11n_129_172,"[[18, 5, 19, 6], [11, 17, 12, 16], [21, 13, 22, 12], [15, 1, 16, 22], [3, 10, 4, 11], [7, 14, 8, 15], [9, 2, 10, 3], [13, 6, 14, 7], [20, 18, 21, 17], [1, 8, 2, 9], [4, 19, 5, 20]]"
11n_129_173,"[[4, 19, 5, 20], [18, 5, 19, 6], [11, 17, 12, 16], [21, 13, 22, 12], [15, 1, 16, 22], [3, 10, 4, 11], [7, 14, 8, 15], [9, 2, 10, 3], [13, 6, 14, 7], [20, 18, 21, 17], [1, 8, 2, 9]]"
11n_129_174,"[[1, 8, 2, 9], [4, 19, 5, 20], [18, 5, 19, 6], [11, 17, 12, 16], [21, 13, 22, 12], [15, 1, 16, 22], [3, 10, 4, 11], [7, 14, 8, 15], [9, 2, 10, 3], [13, 6, 14, 7], [20, 18, 21, 17]]"
11n_129_175,"[[20, 18, 21, 17], [1, 8, 2, 9], [4, 19, 5, 20], [18, 5, 19, 6], [11, 17, 12, 16], [21, 13, 22, 12], [15, 1, 16, 22], [3, 10, 4, 11], [7, 14, 8, 15], [9, 2, 10, 3], [13, 6, 14, 7]]"
11n_129_176,"[[14, 7, 15, 8], [21, 19, 22, 18], [2, 9, 3, 10], [5, 20, 6, 21], [19, 6, 20, 7], [12, 18, 13, 17], [22, 14, 1, 13], [16, 2, 17, 1], [4, 11, 5, 12], [8, 15, 9, 16], [10, 3, 11, 4]]"
11n_129_177,"[[10, 3, 11, 4], [14, 7, 15, 8], [21, 19, 22, 18], [2, 9, 3, 10], [5, 20, 6, 21], [19, 6, 20, 7], [12, 18, 13, 17], [22, 14, 1, 13], [16, 2, 17, 1], [4, 11, 5, 12], [8, 15, 9, 16]]"
11n_129_178,"[[8, 15, 9, 16], [10, 3, 11, 4], [14, 7, 15, 8], [21, 19, 22, 18], [2, 9, 3, 10], [5, 20, 6, 21], [19, 6, 20, 7], [12, 18, 13, 17], [22, 14, 1, 13], [16, 2, 17, 1], [4, 11, 5, 12]]"
11n_129_179,"[[4, 11, 5, 12], [8, 15, 9, 16], [10, 3, 11, 4], [14, 7, 15, 8], [21, 19, 22, 18], [2, 9, 3, 10], [5, 20, 6, 21], [19, 6, 20, 7], [12, 18, 13, 17], [22, 14, 1, 13], [16, 2, 17, 1]]"
11n_129_180,"[[16, 2, 17, 1], [4, 11, 5, 12], [8, 15, 9, 16], [10, 3, 11, 4], [14, 7, 15, 8], [21, 19, 22, 18], [2, 9, 3, 10], [5, 20, 6, 21], [19, 6, 20, 7], [12, 18, 13, 17], [22, 14, 1, 13]]"
11n_129_181,"[[22, 14, 1, 13], [16, 2, 17, 1], [4, 11, 5, 12], [8, 15, 9, 16], [10, 3, 11, 4], [14, 7, 15, 8], [21, 19, 22, 18], [2, 9, 3, 10], [5, 20, 6, 21], [19, 6, 20, 7], [12, 18, 13, 17]]"
11n_129_182,"[[12, 18, 13, 17], [22, 14, 1, 13], [16, 2, 17, 1], [4, 11, 5, 12], [8, 15, 9, 16], [10, 3, 11, 4], [14, 7, 15, 8], [21, 19, 22, 18], [2, 9, 3, 10], [5, 20, 6, 21], [19, 6, 20, 7]]"
11n_129_183,"[[19, 6, 20, 7], [12, 18, 13, 17], [22, 14, 1, 13], [16, 2, 17, 1], [4, 11, 5, 12], [8, 15, 9, 16], [10, 3, 11, 4], [14, 7, 15, 8], [21, 19, 22, 18], [2, 9, 3, 10], [5, 20, 6, 21]]"
11n_129_184,"[[5, 20, 6, 21], [19, 6, 20, 7], [12, 18, 13, 17], [22, 14, 1, 13], [16, 2, 17, 1], [4, 11, 5, 12], [8, 15, 9, 16], [10, 3, 11, 4], [14, 7, 15, 8], [21, 19, 22, 18], [2, 9, 3, 10]]"
11n_129_185,"[[2, 9, 3, 10], [5, 20, 6, 21], [19, 6, 20, 7], [12, 18, 13, 17], [22, 14, 1, 13], [16, 2, 17, 1], [4, 11, 5, 12], [8, 15, 9, 16], [10, 3, 11, 4], [14, 7, 15, 8], [21, 19, 22, 18]]"
11n_129_186,"[[21, 19, 22, 18], [2, 9, 3, 10], [5, 20, 6, 21], [19, 6, 20, 7], [12, 18, 13, 17], [22, 14, 1, 13], [16, 2, 17, 1], [4, 11, 5, 12], [8, 15, 9, 16], [10, 3, 11, 4], [14, 7, 15, 8]]"
11n_129_187,"[[15, 8, 16, 9], [22, 20, 1, 19], [3, 10, 4, 11], [6, 21, 7, 22], [20, 7, 21, 8], [13, 19, 14, 18], [1, 15, 2, 14], [17, 3, 18, 2], [5, 12, 6, 13], [9, 16, 10, 17], [11, 4, 12, 5]]"
11n_129_188,"[[11, 4, 12, 5], [15, 8, 16, 9], [22, 20, 1, 19], [3, 10, 4, 11], [6, 21, 7, 22], [20, 7, 21, 8], [13, 19, 14, 18], [1, 15, 2, 14], [17, 3, 18, 2], [5, 12, 6, 13], [9, 16, 10, 17]]"
11n_129_189,"[[9, 16, 10, 17], [11, 4, 12, 5], [15, 8, 16, 9], [22, 20, 1, 19], [3, 10, 4, 11], [6, 21, 7, 22], [20, 7, 21, 8], [13, 19, 14, 18], [1, 15, 2, 14], [17, 3, 18, 2], [5, 12, 6, 13]]"
11n_129_190,"[[5, 12, 6, 13], [9, 16, 10, 17], [11, 4, 12, 5], [15, 8, 16, 9], [22, 20, 1, 19], [3, 10, 4, 11], [6, 21, 7, 22], [20, 7, 21, 8], [13, 19, 14, 18], [1, 15, 2, 14], [17, 3, 18, 2]]"
11n_129_191,"[[17, 3, 18, 2], [5, 12, 6, 13], [9, 16, 10, 17], [11, 4, 12, 5], [15, 8, 16, 9], [22, 20, 1, 19], [3, 10, 4, 11], [6, 21, 7, 22], [20, 7, 21, 8], [13, 19, 14, 18], [1, 15, 2, 14]]"
11n_129_192,"[[1, 15, 2, 14], [17, 3, 18, 2], [5, 12, 6, 13], [9, 16, 10, 17], [11, 4, 12, 5], [15, 8, 16, 9], [22, 20, 1, 19], [3, 10, 4, 11], [6, 21, 7, 22], [20, 7, 21, 8], [13, 19, 14, 18]]"
11n_129_193,"[[13, 19, 14, 18], [1, 15, 2, 14], [17, 3, 18, 2], [5, 12, 6, 13], [9, 16, 10, 17], [11, 4, 12, 5], [15, 8, 16, 9], [22, 20, 1, 19], [3, 10, 4, 11], [6, 21, 7, 22], [20, 7, 21, 8]]"
11n_129_194,"[[20, 7, 21, 8], [13, 19, 14, 18], [1, 15, 2, 14], [17, 3, 18, 2], [5, 12, 6, 13], [9, 16, 10, 17], [11, 4, 12, 5], [15, 8, 16, 9], [22, 20, 1, 19], [3, 10, 4, 11], [6, 21, 7, 22]]"
11n_129_195,"[[6, 21, 7, 22], [20, 7, 21, 8], [13, 19, 14, 18], [1, 15, 2, 14], [17, 3, 18, 2], [5, 12, 6, 13], [9, 16, 10, 17], [11, 4, 12, 5], [15, 8, 16, 9], [22, 20, 1, 19], [3, 10, 4, 11]]"
11n_129_196,"[[3, 10, 4, 11], [6, 21, 7, 22], [20, 7, 21, 8], [13, 19, 14, 18], [1, 15, 2, 14], [17, 3, 18, 2], [5, 12, 6, 13], [9, 16, 10, 17], [11, 4, 12, 5], [15, 8, 16, 9], [22, 20, 1, 19]]"
11n_129_197,"[[22, 20, 1, 19], [3, 10, 4, 11], [6, 21, 7, 22], [20, 7, 21, 8], [13, 19, 14, 18], [1, 15, 2, 14], [17, 3, 18, 2], [5, 12, 6, 13], [9, 16, 10, 17], [11, 4, 12, 5], [15, 8, 16, 9]]"
11n_129_198,"[[16, 9, 17, 10], [1, 21, 2, 20], [4, 11, 5, 12], [7, 22, 8, 1], [21, 8, 22, 9], [14, 20, 15, 19], [2, 16, 3, 15], [18, 4, 19, 3], [6, 13, 7, 14], [10, 17, 11, 18], [12, 5, 13, 6]]"
11n_129_199,"[[12, 5, 13, 6], [16, 9, 17, 10], [1, 21, 2, 20], [4, 11, 5, 12], [7, 22, 8, 1], [21, 8, 22, 9], [14, 20, 15, 19], [2, 16, 3, 15], [18, 4, 19, 3], [6, 13, 7, 14], [10, 17, 11, 18]]"
11n_129_200,"[[10, 17, 11, 18], [12, 5, 13, 6], [16, 9, 17, 10], [1, 21, 2, 20], [4, 11, 5, 12], [7, 22, 8, 1], [21, 8, 22, 9], [14, 20, 15, 19], [2, 16, 3, 15], [18, 4, 19, 3], [6, 13, 7, 14]]"
11n_129_201,"[[6, 13, 7, 14], [10, 17, 11, 18], [12, 5, 13, 6], [16, 9, 17, 10], [1, 21, 2, 20], [4, 11, 5, 12], [7, 22, 8, 1], [21, 8, 22, 9], [14, 20, 15, 19], [2, 16, 3, 15], [18, 4, 19, 3]]"
11n_129_202,"[[18, 4, 19, 3], [6, 13, 7, 14], [10, 17, 11, 18], [12, 5, 13, 6], [16, 9, 17, 10], [1, 21, 2, 20], [4, 11, 5, 12], [7, 22, 8, 1], [21, 8, 22, 9], [14, 20, 15, 19], [2, 16, 3, 15]]"
11n_129_203,"[[2, 16, 3, 15], [18, 4, 19, 3], [6, 13, 7, 14], [10, 17, 11, 18], [12, 5, 13, 6], [16, 9, 17, 10], [1, 21, 2, 20], [4, 11, 5, 12], [7, 22, 8, 1], [21, 8, 22, 9], [14, 20, 15, 19]]"
