name,pd_notation
11n_52_0,"[[3, 9, 4, 8], [5, 3, 6, 2], [9, 5, 10, 4], [6, 15, 7, 16], [1, 17, 2, 16], [17, 11, 18, 10], [21, 19, 22, 18], [19, 12, 20, 13], [11, 20, 12, 21], [13, 1, 14, 22], [14, 7, 15, 8]]"
11n_52_1,"[[14, 7, 15, 8], [3, 9, 4, 8], [5, 3, 6, 2], [9, 5, 10, 4], [6, 15, 7, 16], [1, 17, 2, 16], [17, 11, 18, 10], [21, 19, 22, 18], [19, 12, 20, 13], [11, 20, 12, 21], [13, 1, 14, 22]]"
11n_52_2,"[[13, 1, 14, 22], [14, 7, 15, 8], [3, 9, 4, 8], [5, 3, 6, 2], [9, 5, 10, 4], [6, 15, 7, 16], [1, 17, 2, 16], [17, 11, 18, 10], [21, 19, 22, 18], [19, 12, 20, 13], [11, 20, 12, 21]]"
11n_52_3,"[[11, 20, 12, 21], [13, 1, 14, 22], [14, 7, 15, 8], [3, 9, 4, 8], [5, 3, 6, 2], [9, 5, 10, 4], [6, 15, 7, 16], [1, 17, 2, 16], [17, 11, 18, 10], [21, 19, 22, 18], [19, 12, 20, 13]]"
11n_52_4,"[[19, 12, 20, 13], [11, 20, 12, 21], [13, 1, 14, 22], [14, 7, 15, 8], [3, 9, 4, 8], [5, 3, 6, 2], [9, 5, 10, 4], [6, 15, 7, 16], [1, 17, 2, 16], [17, 11, 18, 10], [21, 19, 22, 18]]"
11n_52_5,"[[21, 19, 22, 18], [19, 12, 20, 13], [11, 20, 12, 21], [13, 1, 14, 22], [14, 7, 15, 8], [3, 9, 4, 8], [5, 3, 6, 2], [9, 5, 10, 4], [6, 15, 7, 16], [1, 17, 2, 16], [17, 11, 18, 10]]"
11n_52_6,"[[17, 11, 18, 10], [21, 19, 22, 18], [19, 12, 20, 13], [11, 20, 12, 21], [13, 1, 14, 22], [14, 7, 15, 8], [3, 9, 4, 8], [5, 3, 6, 2], [9, 5, 10, 4], [6, 15, 7, 16], [1, 17, 2, 16]]"
11n_52_7,"[[1, 17, 2, 16], [17, 11, 18, 10], [21, 19, 22, 18], [19, 12, 20, 13], [11, 20, 12, 21], [13, 1, 14, 22], [14, 7, 15, 8], [3, 9, 4, 8], [5, 3, 6, 2], [9, 5, 10, 4], [6, 15, 7, 16]]"
11n_52_8,"[[6, 15, 7, 16], [1, 17, 2, 16], [17, 11, 18, 10], [21, 19, 22, 18], [19, 12, 20, 13], [11, 20, 12, 21], [13, 1, 14, 22], [14, 7, 15, 8], [3, 9, 4, 8], [5, 3, 6, 2], [9, 5, 10, 4]]"
11n_52_9,"[[9, 5, 10, 4], [6, 15, 7, 16], [1, 17, 2, 16], [17, 11, 18, 10], [21, 19, 22, 18], [19, 12, 20, 13], [11, 20, 12, 21], [13, 1, 14, 22], [14, 7, 15, 8], [3, 9, 4, 8], [5, 3, 6, 2]]"
11n_52_10,"[[5, 3, 6, 2], [9, 5, 10, 4], [6, 15, 7, 16], [1, 17, 2, 16], [17, 11, 18, 10], [21, 19, 22, 18], [19, 12, 20, 13], [11, 20, 12, 21], [13, 1, 14, 22], [14, 7, 15, 8], [3, 9, 4, 8]]"
11n_52_11,"[[4, 10, 5, 9], [6, 4, 7, 3], [10, 6, 11, 5], [7, 16, 8, 17], [2, 18, 3, 17], [18, 12, 19, 11], [22, 20, 1, 19], [20, 13, 21, 14], [12, 21, 13, 22], [14, 2, 15, 1], [15, 8, 16, 9]]"
11n_52_12,"[[15, 8, 16, 9], [4, 10, 5, 9], [6, 4, 7, 3], [10, 6, 11, 5], [7, 16, 8, 17], [2, 18, 3, 17], [18, 12, 19, 11], [22, 20, 1, 19], [20, 13, 21, 14], [12, 21, 13, 22], [14, 2, 15, 1]]"
11n_52_13,"[[14, 2, 15, 1], [15, 8, 16, 9], [4, 10, 5, 9], [6, 4, 7, 3], [10, 6, 11, 5], [7, 16, 8, 17], [2, 18, 3, 17], [18, 12, 19, 11], [22, 20, 1, 19], [20, 13, 21, 14], [12, 21, 13, 22]]"
11n_52_14,"[[12, 21, 13, 22], [14, 2, 15, 1], [15, 8, 16, 9], [4, 10, 5, 9], [6, 4, 7, 3], [10, 6, 11, 5], [7, 16, 8, 17], [2, 18, 3, 17], [18, 12, 19, 11], [22, 20, 1, 19], [20, 13, 21, 14]]"
11n_52_15,"[[20, 13, 21, 14], [12, 21, 13, 22], [14, 2, 15, 1], [15, 8, 16, 9], [4, 10, 5, 9], [6, 4, 7, 3], [10, 6, 11, 5], [7, 16, 8, 17], [2, 18, 3, 17], [18, 12, 19, 11], [22, 20, 1, 19]]"
11n_52_16,"[[22, 20, 1, 19], [20, 13, 21, 14], [12, 21, 13, 22], [14, 2, 15, 1], [15, 8, 16, 9], [4, 10, 5, 9], [6, 4, 7, 3], [10, 6, 11, 5], [7, 16, 8, 17], [2, 18, 3, 17], [18, 12, 19, 11]]"
11n_52_17,"[[18, 12, 19, 11], [22, 20, 1, 19], [20, 13, 21, 14], [12, 21, 13, 22], [14, 2, 15, 1], [15, 8, 16, 9], [4, 10, 5, 9], [6, 4, 7, 3], [10, 6, 11, 5], [7, 16, 8, 17], [2, 18, 3, 17]]"
11n_52_18,"[[2, 18, 3, 17], [18, 12, 19, 11], [22, 20, 1, 19], [20, 13, 21, 14], [12, 21, 13, 22], [14, 2, 15, 1], [15, 8, 16, 9], [4, 10, 5, 9], [6, 4, 7, 3], [10, 6, 11, 5], [7, 16, 8, 17]]"
11n_52_19,"[[7, 16, 8, 17], [2, 18, 3, 17], [18, 12, 19, 11], [22, 20, 1, 19], [20, 13, 21, 14], [12, 21, 13, 22], [14, 2, 15, 1], [15, 8, 16, 9], [4, 10, 5, 9], [6, 4, 7, 3], [10, 6, 11, 5]]"
11n_52_20,"[[10, 6, 11, 5], [7, 16, 8, 17], [2, 18, 3, 17], [18, 12, 19, 11], [22, 20, 1, 19], [20, 13, 21, 14], [12, 21, 13, 22], [14, 2, 15, 1], [15, 8, 16, 9], [4, 10, 5, 9], [6, 4, 7, 3]]"
11n_52_21,"[[6, 4, 7, 3], [10, 6, 11, 5], [7, 16, 8, 17], [2, 18, 3, 17], [18, 12, 19, 11], [22, 20, 1, 19], [20, 13, 21, 14], [12, 21, 13, 22], [14, 2, 15, 1], [15, 8, 16, 9], [4, 10, 5, 9]]"
11n_52_22,"[[5, 11, 6, 10], [7, 5, 8, 4], [11, 7, 12, 6], [8, 17, 9, 18], [3, 19, 4, 18], [19, 13, 20, 12], [1, 21, 2, 20], [21, 14, 22, 15], [13, 22, 14, 1], [15, 3, 16, 2], [16, 9, 17, 10]]"
11n_52_23,"[[16, 9, 17, 10], [5, 11, 6, 10], [7, 5, 8, 4], [11, 7, 12, 6], [8, 17, 9, 18], [3, 19, 4, 18], [19, 13, 20, 12], [1, 21, 2, 20], [21, 14, 22, 15], [13, 22, 14, 1], [15, 3, 16, 2]]"
11n_52_24,"[[15, 3, 16, 2], [16, 9, 17, 10], [5, 11, 6, 10], [7, 5, 8, 4], [11, 7, 12, 6], [8, 17, 9, 18], [3, 19, 4, 18], [19, 13, 20, 12], [1, 21, 2, 20], [21, 14, 22, 15], [13, 22, 14, 1]]"
11n_52_25,"[[13, 22, 14, 1], [15, 3, 16, 2], [16, 9, 17, 10], [5, 11, 6, 10], [7, 5, 8, 4], [11, 7, 12, 6], [8, 17, 9, 18], [3, 19, 4, 18], [19, 13, 20, 12], [1, 21, 2, 20], [21, 14, 22, 15]]"
11n_52_26,"[[21, 14, 22, 15], [13, 22, 14, 1], [15, 3, 16, 2], [16, 9, 17, 10], [5, 11, 6, 10], [7, 5, 8, 4], [11, 7, 12, 6], [8, 17, 9, 18], [3, 19, 4, 18], [19, 13, 20, 12], [1, 21, 2, 20]]"
11n_52_27,"[[1, 21, 2, 20], [21, 14, 22, 15], [13, 22, 14, 1], [15, 3, 16, 2], [16, 9, 17, 10], [5, 11, 6, 10], [7, 5, 8, 4], [11, 7, 12, 6], [8, 17, 9, 18], [3, 19, 4, 18], [19, 13, 20, 12]]"
11n_52_28,"[[19, 13, 20, 12], [1, 21, 2, 20], [21, 14, 22, 15], [13, 22, 14, 1], [15, 3, 16, 2], [16, 9, 17, 10], [5, 11, 6, 10], [7, 5, 8, 4], [11, 7, 12, 6], [8, 17, 9, 18], [3, 19, 4, 18]]"
11n_52_29,"[[3, 19, 4, 18], [19, 13, 20, 12], [1, 21, 2, 20], [21, 14, 22, 15], [13, 22, 14, 1], [15, 3, 16, 2], [16, 9, 17, 10], [5, 11, 6, 10], [7, 5, 8, 4], [11, 7, 12, 6], [8, 17, 9, 18]]"
11n_52_30,"[[8, 17, 9, 18], [3, 19, 4, 18], [19, 13, 20, 12], [1, 21, 2, 20], [21, 14, 22, 15], [13, 22, 14, 1], [15, 3, 16, 2], [16, 9, 17, 10], [5, 11, 6, 10], [7, 5, 8, 4], [11, 7, 12, 6]]"
11n_52_31,"[[11, 7, 12, 6], [8, 17, 9, 18], [3, 19, 4, 18], [19, 13, 20, 12], [1, 21, 2, 20], [21, 14, 22, 15], [13, 22, 14, 1], [15, 3, 16, 2], [16, 9, 17, 10], [5, 11, 6, 10], [7, 5, 8, 4]]"
11n_52_32,"[[7, 5, 8, 4], [11, 7, 12, 6], [8, 17, 9, 18], [3, 19, 4, 18], [19, 13, 20, 12], [1, 21, 2, 20], [21, 14, 22, 15], [13, 22, 14, 1], [15, 3, 16, 2], [16, 9, 17, 10], [5, 11, 6, 10]]"
11n_52_33,"[[6, 12, 7, 11], [8, 6, 9, 5], [12, 8, 13, 7], [9, 18, 10, 19], [4, 20, 5, 19], [20, 14, 21, 13], [2, 22, 3, 21], [22, 15, 1, 16], [14, 1, 15, 2], [16, 4, 17, 3], [17, 10, 18, 11]]"
11n_52_34,"[[17, 10, 18, 11], [6, 12, 7, 11], [8, 6, 9, 5], [12, 8, 13, 7], [9, 18, 10, 19], [4, 20, 5, 19], [20, 14, 21, 13], [2, 22, 3, 21], [22, 15, 1, 16], [14, 1, 15, 2], [16, 4, 17, 3]]"
11n_52_35,"[[16, 4, 17, 3], [17, 10, 18, 11], [6, 12, 7, 11], [8, 6, 9, 5], [12, 8, 13, 7], [9, 18, 10, 19], [4, 20, 5, 19], [20, 14, 21, 13], [2, 22, 3, 21], [22, 15, 1, 16], [14, 1, 15, 2]]"
11n_52_36,"[[14, 1, 15, 2], [16, 4, 17, 3], [17, 10, 18, 11], [6, 12, 7, 11], [8, 6, 9, 5], [12, 8, 13, 7], [9, 18, 10, 19], [4, 20, 5, 19], [20, 14, 21, 13], [2, 22, 3, 21], [22, 15, 1, 16]]"
11n_52_37,"[[22, 15, 1, 16], [14, 1, 15, 2], [16, 4, 17, 3], [17, 10, 18, 11], [6, 12, 7, 11], [8, 6, 9, 5], [12, 8, 13, 7], [9, 18, 10, 19], [4, 20, 5, 19], [20, 14, 21, 13], [2, 22, 3, 21]]"
11n_52_38,"[[2, 22, 3, 21], [22, 15, 1, 16], [14, 1, 15, 2], [16, 4, 17, 3], [17, 10, 18, 11], [6, 12, 7, 11], [8, 6, 9, 5], [12, 8, 13, 7], [9, 18, 10, 19], [4, 20, 5, 19], [20, 14, 21, 13]]"
11n_52_39,"[[20, 14, 21, 13], [2, 22, 3, 21], [22, 15, 1, 16], [14, 1, 15, 2], [16, 4, 17, 3], [17, 10, 18, 11], [6, 12, 7, 11], [8, 6, 9, 5], [12, 8, 13, 7], [9, 18, 10, 19], [4, 20, 5, 19]]"
11n_52_40,"[[4, 20, 5, 19], [20, 14, 21, 13], [2, 22, 3, 21], [22, 15, 1, 16], [14, 1, 15, 2], [16, 4, 17, 3], [17, 10, 18, 11], [6, 12, 7, 11], [8, 6, 9, 5], [12, 8, 13, 7], [9, 18, 10, 19]]"
11n_52_41,"[[9, 18, 10, 19], [4, 20, 5, 19], [20, 14, 21, 13], [2, 22, 3, 21], [22, 15, 1, 16], [14, 1, 15, 2], [16, 4, 17, 3], [17, 10, 18, 11], [6, 12, 7, 11], [8, 6, 9, 5], [12, 8, 13, 7]]"
11n_52_42,"[[12, 8, 13, 7], [9, 18, 10, 19], [4, 20, 5, 19], [20, 14, 21, 13], [2, 22, 3, 21], [22, 15, 1, 16], [14, 1, 15, 2], [16, 4, 17, 3], [17, 10, 18, 11], [6, 12, 7, 11], [8, 6, 9, 5]]"
11n_52_43,"[[8, 6, 9, 5], [12, 8, 13, 7], [9, 18, 10, 19], [4, 20, 5, 19], [20, 14, 21, 13], [2, 22, 3, 21], [22, 15, 1, 16], [14, 1, 15, 2], [16, 4, 17, 3], [17, 10, 18, 11], [6, 12, 7, 11]]"
11n_52_44,"[[7, 13, 8, 12], [9, 7, 10, 6], [13, 9, 14, 8], [10, 19, 11, 20], [5, 21, 6, 20], [21, 15, 22, 14], [3, 1, 4, 22], [1, 16, 2, 17], [15, 2, 16, 3], [17, 5, 18, 4], [18, 11, 19, 12]]"
11n_52_45,"[[18, 11, 19, 12], [7, 13, 8, 12], [9, 7, 10, 6], [13, 9, 14, 8], [10, 19, 11, 20], [5, 21, 6, 20], [21, 15, 22, 14], [3, 1, 4, 22], [1, 16, 2, 17], [15, 2, 16, 3], [17, 5, 18, 4]]"
11n_52_46,"[[17, 5, 18, 4], [18, 11, 19, 12], [7, 13, 8, 12], [9, 7, 10, 6], [13, 9, 14, 8], [10, 19, 11, 20], [5, 21, 6, 20], [21, 15, 22, 14], [3, 1, 4, 22], [1, 16, 2, 17], [15, 2, 16, 3]]"
11n_52_47,"[[15, 2, 16, 3], [17, 5, 18, 4], [18, 11, 19, 12], [7, 13, 8, 12], [9, 7, 10, 6], [13, 9, 14, 8], [10, 19, 11, 20], [5, 21, 6, 20], [21, 15, 22, 14], [3, 1, 4, 22], [1, 16, 2, 17]]"
11n_52_48,"[[1, 16, 2, 17], [15, 2, 16, 3], [17, 5, 18, 4], [18, 11, 19, 12], [7, 13, 8, 12], [9, 7, 10, 6], [13, 9, 14, 8], [10, 19, 11, 20], [5, 21, 6, 20], [21, 15, 22, 14], [3, 1, 4, 22]]"
11n_52_49,"[[3, 1, 4, 22], [1, 16, 2, 17], [15, 2, 16, 3], [17, 5, 18, 4], [18, 11, 19, 12], [7, 13, 8, 12], [9, 7, 10, 6], [13, 9, 14, 8], [10, 19, 11, 20], [5, 21, 6, 20], [21, 15, 22, 14]]"
11n_52_50,"[[21, 15, 22, 14], [3, 1, 4, 22], [1, 16, 2, 17], [15, 2, 16, 3], [17, 5, 18, 4], [18, 11, 19, 12], [7, 13, 8, 12], [9, 7, 10, 6], [13, 9, 14, 8], [10, 19, 11, 20], [5, 21, 6, 20]]"
11n_52_51,"[[5, 21, 6, 20], [21, 15, 22, 14], [3, 1, 4, 22], [1, 16, 2, 17], [15, 2, 16, 3], [17, 5, 18, 4], [18, 11, 19, 12], [7, 13, 8, 12], [9, 7, 10, 6], [13, 9, 14, 8], [10, 19, 11, 20]]"
11n_52_52,"[[10, 19, 11, 20], [5, 21, 6, 20], [21, 15, 22, 14], [3, 1, 4, 22], [1, 16, 2, 17], [15, 2, 16, 3], [17, 5, 18, 4], [18, 11, 19, 12], [7, 13, 8, 12], [9, 7, 10, 6], [13, 9, 14, 8]]"
11n_52_53,"[[13, 9, 14, 8], [10, 19, 11, 20], [5, 21, 6, 20], [21, 15, 22, 14], [3, 1, 4, 22], [1, 16, 2, 17], [15, 2, 16, 3], [17, 5, 18, 4], [18, 11, 19, 12], [7, 13, 8, 12], [9, 7, 10, 6]]"
11n_52_54,"[[9, 7, 10, 6], [13, 9, 14, 8], [10, 19, 11, 20], [5, 21, 6, 20], [21, 15, 22, 14], [3, 1, 4, 22], [1, 16, 2, 17], [15, 2, 16, 3], [17, 5, 18, 4], [18, 11, 19, 12], [7, 13, 8, 12]]"
11n_52_55,"[[8, 14, 9, 13], [10, 8, 11, 7], [14, 10, 15, 9], [11, 20, 12, 21], [6, 22, 7, 21], [22, 16, 1, 15], [4, 2, 5, 1], [2, 17, 3, 18], [16, 3, 17, 4], [18, 6, 19, 5], [19, 12, 20, 13]]"
11n_52_56,"[[19, 12, 20, 13], [8, 14, 9, 13], [10, 8, 11, 7], [14, 10, 15, 9], [11, 20, 12, 21], [6, 22, 7, 21], [22, 16, 1, 15], [4, 2, 5, 1], [2, 17, 3, 18], [16, 3, 17, 4], [18, 6, 19, 5]]"
11n_52_57,"[[18, 6, 19, 5], [19, 12, 20, 13], [8, 14, 9, 13], [10, 8, 11, 7], [14, 10, 15, 9], [11, 20, 12, 21], [6, 22, 7, 21], [22, 16, 1, 15], [4, 2, 5, 1], [2, 17, 3, 18], [16, 3, 17, 4]]"
11n_52_58,"[[16, 3, 17, 4], [18, 6, 19, 5], [19, 12, 20, 13], [8, 14, 9, 13], [10, 8, 11, 7], [14, 10, 15, 9], [11, 20, 12, 21], [6, 22, 7, 21], [22, 16, 1, 15], [4, 2, 5, 1], [2, 17, 3, 18]]"
11n_52_59,"[[2, 17, 3, 18], [16, 3, 17, 4], [18, 6, 19, 5], [19, 12, 20, 13], [8, 14, 9, 13], [10, 8, 11, 7], [14, 10, 15, 9], [11, 20, 12, 21], [6, 22, 7, 21], [22, 16, 1, 15], [4, 2, 5, 1]]"
11n_52_60,"[[4, 2, 5, 1], [2, 17, 3, 18], [16, 3, 17, 4], [18, 6, 19, 5], [19, 12, 20, 13], [8, 14, 9, 13], [10, 8, 11, 7], [14, 10, 15, 9], [11, 20, 12, 21], [6, 22, 7, 21], [22, 16, 1, 15]]"
11n_52_61,"[[22, 16, 1, 15], [4, 2, 5, 1], [2, 17, 3, 18], [16, 3, 17, 4], [18, 6, 19, 5], [19, 12, 20, 13], [8, 14, 9, 13], [10, 8, 11, 7], [14, 10, 15, 9], [11, 20, 12, 21], [6, 22, 7, 21]]"
11n_52_62,"[[6, 22, 7, 21], [22, 16, 1, 15], [4, 2, 5, 1], [2, 17, 3, 18], [16, 3, 17, 4], [18, 6, 19, 5], [19, 12, 20, 13], [8, 14, 9, 13], [10, 8, 11, 7], [14, 10, 15, 9], [11, 20, 12, 21]]"
11n_52_63,"[[11, 20, 12, 21], [6, 22, 7, 21], [22, 16, 1, 15], [4, 2, 5, 1], [2, 17, 3, 18], [16, 3, 17, 4], [18, 6, 19, 5], [19, 12, 20, 13], [8, 14, 9, 13], [10, 8, 11, 7], [14, 10, 15, 9]]"
11n_52_64,"[[14, 10, 15, 9], [11, 20, 12, 21], [6, 22, 7, 21], [22, 16, 1, 15], [4, 2, 5, 1], [2, 17, 3, 18], [16, 3, 17, 4], [18, 6, 19, 5], [19, 12, 20, 13], [8, 14, 9, 13], [10, 8, 11, 7]]"
11n_52_65,"[[10, 8, 11, 7], [14, 10, 15, 9], [11, 20, 12, 21], [6, 22, 7, 21], [22, 16, 1, 15], [4, 2, 5, 1], [2, 17, 3, 18], [16, 3, 17, 4], [18, 6, 19, 5], [19, 12, 20, 13], [8, 14, 9, 13]]"
11n_52_66,"[[9, 15, 10, 14], [11, 9, 12, 8], [15, 11, 16, 10], [12, 21, 13, 22], [7, 1, 8, 22], [1, 17, 2, 16], [5, 3, 6, 2], [3, 18, 4, 19], [17, 4, 18, 5], [19, 7, 20, 6], [20, 13, 21, 14]]"
11n_52_67,"[[20, 13, 21, 14], [9, 15, 10, 14], [11, 9, 12, 8], [15, 11, 16, 10], [12, 21, 13, 22], [7, 1, 8, 22], [1, 17, 2, 16], [5, 3, 6, 2], [3, 18, 4, 19], [17, 4, 18, 5], [19, 7, 20, 6]]"
11n_52_68,"[[19, 7, 20, 6], [20, 13, 21, 14], [9, 15, 10, 14], [11, 9, 12, 8], [15, 11, 16, 10], [12, 21, 13, 22], [7, 1, 8, 22], [1, 17, 2, 16], [5, 3, 6, 2], [3, 18, 4, 19], [17, 4, 18, 5]]"
11n_52_69,"[[17, 4, 18, 5], [19, 7, 20, 6], [20, 13, 21, 14], [9, 15, 10, 14], [11, 9, 12, 8], [15, 11, 16, 10], [12, 21, 13, 22], [7, 1, 8, 22], [1, 17, 2, 16], [5, 3, 6, 2], [3, 18, 4, 19]]"
11n_52_70,"[[3, 18, 4, 19], [17, 4, 18, 5], [19, 7, 20, 6], [20, 13, 21, 14], [9, 15, 10, 14], [11, 9, 12, 8], [15, 11, 16, 10], [12, 21, 13, 22], [7, 1, 8, 22], [1, 17, 2, 16], [5, 3, 6, 2]]"
11n_52_71,"[[5, 3, 6, 2], [3, 18, 4, 19], [17, 4, 18, 5], [19, 7, 20, 6], [20, 13, 21, 14], [9, 15, 10, 14], [11, 9, 12, 8], [15, 11, 16, 10], [12, 21, 13, 22], [7, 1, 8, 22], [1, 17, 2, 16]]"
11n_52_72,"[[1, 17, 2, 16], [5, 3, 6, 2], [3, 18, 4, 19], [17, 4, 18, 5], [19, 7, 20, 6], [20, 13, 21, 14], [9, 15, 10, 14], [11, 9, 12, 8], [15, 11, 16, 10], [12, 21, 13, 22], [7, 1, 8, 22]]"
11n_52_73,"[[7, 1, 8, 22], [1, 17, 2, 16], [5, 3, 6, 2], [3, 18, 4, 19], [17, 4, 18, 5], [19, 7, 20, 6], [20, 13, 21, 14], [9, 15, 10, 14], [11, 9, 12, 8], [15, 11, 16, 10], [12, 21, 13, 22]]"
11n_52_74,"[[12, 21, 13, 22], [7, 1, 8, 22], [1, 17, 2, 16], [5, 3, 6, 2], [3, 18, 4, 19], [17, 4, 18, 5], [19, 7, 20, 6], [20, 13, 21, 14], [9, 15, 10, 14], [11, 9, 12, 8], [15, 11, 16, 10]]"
11n_52_75,"[[15, 11, 16, 10], [12, 21, 13, 22], [7, 1, 8, 22], [1, 17, 2, 16], [5, 3, 6, 2], [3, 18, 4, 19], [17, 4, 18, 5], [19, 7, 20, 6], [20, 13, 21, 14], [9, 15, 10, 14], [11, 9, 12, 8]]"
11n_52_76,"[[11, 9, 12, 8], [15, 11, 16, 10], [12, 21, 13, 22], [7, 1, 8, 22], [1, 17, 2, 16], [5, 3, 6, 2], [3, 18, 4, 19], [17, 4, 18, 5], [19, 7, 20, 6], [20, 13, 21, 14], [9, 15, 10, 14]]"
11n_52_77,"[[10, 16, 11, 15], [12, 10, 13, 9], [16, 12, 17, 11], [13, 22, 14, 1], [8, 2, 9, 1], [2, 18, 3, 17], [6, 4, 7, 3], [4, 19, 5, 20], [18, 5, 19, 6], [20, 8, 21, 7], [21, 14, 22, 15]]"
11n_52_78,"[[21, 14, 22, 15], [10, 16, 11, 15], [12, 10, 13, 9], [16, 12, 17, 11], [13, 22, 14, 1], [8, 2, 9, 1], [2, 18, 3, 17], [6, 4, 7, 3], [4, 19, 5, 20], [18, 5, 19, 6], [20, 8, 21, 7]]"
11n_52_79,"[[20, 8, 21, 7], [21, 14, 22, 15], [10, 16, 11, 15], [12, 10, 13, 9], [16, 12, 17, 11], [13, 22, 14, 1], [8, 2, 9, 1], [2, 18, 3, 17], [6, 4, 7, 3], [4, 19, 5, 20], [18, 5, 19, 6]]"
11n_52_80,"[[18, 5, 19, 6], [20, 8, 21, 7], [21, 14, 22, 15], [10, 16, 11, 15], [12, 10, 13, 9], [16, 12, 17, 11], [13, 22, 14, 1], [8, 2, 9, 1], [2, 18, 3, 17], [6, 4, 7, 3], [4, 19, 5, 20]]"
11n_52_81,"[[4, 19, 5, 20], [18, 5, 19, 6], [20, 8, 21, 7], [21, 14, 22, 15], [10, 16, 11, 15], [12, 10, 13, 9], [16, 12, 17, 11], [13, 22, 14, 1], [8, 2, 9, 1], [2, 18, 3, 17], [6, 4, 7, 3]]"
11n_52_82,"[[6, 4, 7, 3], [4, 19, 5, 20], [18, 5, 19, 6], [20, 8, 21, 7], [21, 14, 22, 15], [10, 16, 11, 15], [12, 10, 13, 9], [16, 12, 17, 11], [13, 22, 14, 1], [8, 2, 9, 1], [2, 18, 3, 17]]"
11n_52_83,"[[2, 18, 3, 17], [6, 4, 7, 3], [4, 19, 5, 20], [18, 5, 19, 6], [20, 8, 21, 7], [21, 14, 22, 15], [10, 16, 11, 15], [12, 10, 13, 9], [16, 12, 17, 11], [13, 22, 14, 1], [8, 2, 9, 1]]"
11n_52_84,"[[8, 2, 9, 1], [2, 18, 3, 17], [6, 4, 7, 3], [4, 19, 5, 20], [18, 5, 19, 6], [20, 8, 21, 7], [21, 14, 22, 15], [10, 16, 11, 15], [12, 10, 13, 9], [16, 12, 17, 11], [13, 22, 14, 1]]"
11n_52_85,"[[13, 22, 14, 1], [8, 2, 9, 1], [2, 18, 3, 17], [6, 4, 7, 3], [4, 19, 5, 20], [18, 5, 19, 6], [20, 8, 21, 7], [21, 14, 22, 15], [10, 16, 11, 15], [12, 10, 13, 9], [16, 12, 17, 11]]"
11n_52_86,"[[16, 12, 17, 11], [13, 22, 14, 1], [8, 2, 9, 1], [2, 18, 3, 17], [6, 4, 7, 3], [4, 19, 5, 20], [18, 5, 19, 6], [20, 8, 21, 7], [21, 14, 22, 15], [10, 16, 11, 15], [12, 10, 13, 9]]"
11n_52_87,"[[12, 10, 13, 9], [16, 12, 17, 11], [13, 22, 14, 1], [8, 2, 9, 1], [2, 18, 3, 17], [6, 4, 7, 3], [4, 19, 5, 20], [18, 5, 19, 6], [20, 8, 21, 7], [21, 14, 22, 15], [10, 16, 11, 15]]"
11n_52_88,"[[11, 17, 12, 16], [13, 11, 14, 10], [17, 13, 18, 12], [14, 1, 15, 2], [9, 3, 10, 2], [3, 19, 4, 18], [7, 5, 8, 4], [5, 20, 6, 21], [19, 6, 20, 7], [21, 9, 22, 8], [22, 15, 1, 16]]"
11n_52_89,"[[22, 15, 1, 16], [11, 17, 12, 16], [13, 11, 14, 10], [17, 13, 18, 12], [14, 1, 15, 2], [9, 3, 10, 2], [3, 19, 4, 18], [7, 5, 8, 4], [5, 20, 6, 21], [19, 6, 20, 7], [21, 9, 22, 8]]"
11n_52_90,"[[21, 9, 22, 8], [22, 15, 1, 16], [11, 17, 12, 16], [13, 11, 14, 10], [17, 13, 18, 12], [14, 1, 15, 2], [9, 3, 10, 2], [3, 19, 4, 18], [7, 5, 8, 4], [5, 20, 6, 21], [19, 6, 20, 7]]"
11n_52_91,"[[19, 6, 20, 7], [21, 9, 22, 8], [22, 15, 1, 16], [11, 17, 12, 16], [13, 11, 14, 10], [17, 13, 18, 12], [14, 1, 15, 2], [9, 3, 10, 2], [3, 19, 4, 18], [7, 5, 8, 4], [5, 20, 6, 21]]"
11n_52_92,"[[5, 20, 6, 21], [19, 6, 20, 7], [21, 9, 22, 8], [22, 15, 1, 16], [11, 17, 12, 16], [13, 11, 14, 10], [17, 13, 18, 12], [14, 1, 15, 2], [9, 3, 10, 2], [3, 19, 4, 18], [7, 5, 8, 4]]"
11n_52_93,"[[7, 5, 8, 4], [5, 20, 6, 21], [19, 6, 20, 7], [21, 9, 22, 8], [22, 15, 1, 16], [11, 17, 12, 16], [13, 11, 14, 10], [17, 13, 18, 12], [14, 1, 15, 2], [9, 3, 10, 2], [3, 19, 4, 18]]"
11n_52_94,"[[3, 19, 4, 18], [7, 5, 8, 4], [5, 20, 6, 21], [19, 6, 20, 7], [21, 9, 22, 8], [22, 15, 1, 16], [11, 17, 12, 16], [13, 11, 14, 10], [17, 13, 18, 12], [14, 1, 15, 2], [9, 3, 10, 2]]"
11n_52_95,"[[9, 3, 10, 2], [3, 19, 4, 18], [7, 5, 8, 4], [5, 20, 6, 21], [19, 6, 20, 7], [21, 9, 22, 8], [22, 15, 1, 16], [11, 17, 12, 16], [13, 11, 14, 10], [17, 13, 18, 12], [14, 1, 15, 2]]"
11n_52_96,"[[14, 1, 15, 2], [9, 3, 10, 2], [3, 19, 4, 18], [7, 5, 8, 4], [5, 20, 6, 21], [19, 6, 20, 7], [21, 9, 22, 8], [22, 15, 1, 16], [11, 17, 12, 16], [13, 11, 14, 10], [17, 13, 18, 12]]"
11n_52_97,"[[17, 13, 18, 12], [14, 1, 15, 2], [9, 3, 10, 2], [3, 19, 4, 18], [7, 5, 8, 4], [5, 20, 6, 21], [19, 6, 20, 7], [21, 9, 22, 8], [22, 15, 1, 16], [11, 17, 12, 16], [13, 11, 14, 10]]"
11n_52_98,"[[13, 11, 14, 10], [17, 13, 18, 12], [14, 1, 15, 2], [9, 3, 10, 2], [3, 19, 4, 18], [7, 5, 8, 4], [5, 20, 6, 21], [19, 6, 20, 7], [21, 9, 22, 8], [22, 15, 1, 16], [11, 17, 12, 16]]"
11n_52_99,"[[12, 18, 13, 17], [14, 12, 15, 11], [18, 14, 19, 13], [15, 2, 16, 3], [10, 4, 11, 3], [4, 20, 5, 19], [8, 6, 9, 5], [6, 21, 7, 22], [20, 7, 21, 8], [22, 10, 1, 9], [1, 16, 2, 17]]"
11n_52_100,"[[1, 16, 2, 17], [12, 18, 13, 17], [14, 12, 15, 11], [18, 14, 19, 13], [15, 2, 16, 3], [10, 4, 11, 3], [4, 20, 5, 19], [8, 6, 9, 5], [6, 21, 7, 22], [20, 7, 21, 8], [22, 10, 1, 9]]"
11n_52_101,"[[22, 10, 1, 9], [1, 16, 2, 17], [12, 18, 13, 17], [14, 12, 15, 11], [18, 14, 19, 13], [15, 2, 16, 3], [10, 4, 11, 3], [4, 20, 5, 19], [8, 6, 9, 5], [6, 21, 7, 22], [20, 7, 21, 8]]"
11n_52_102,"[[20, 7, 21, 8], [22, 10, 1, 9], [1, 16, 2, 17], [12, 18, 13, 17], [14, 12, 15, 11], [18, 14, 19, 13], [15, 2, 16, 3], [10, 4, 11, 3], [4, 20, 5, 19], [8, 6, 9, 5], [6, 21, 7, 22]]"
11n_52_103,"[[6, 21, 7, 22], [20, 7, 21, 8], [22, 10, 1, 9], [1, 16, 2, 17], [12, 18, 13, 17], [14, 12, 15, 11], [18, 14, 19, 13], [15, 2, 16, 3], [10, 4, 11, 3], [4, 20, 5, 19], [8, 6, 9, 5]]"
11n_52_104,"[[8, 6, 9, 5], [6, 21, 7, 22], [20, 7, 21, 8], [22, 10, 1, 9], [1, 16, 2, 17], [12, 18, 13, 17], [14, 12, 15, 11], [18, 14, 19, 13], [15, 2, 16, 3], [10, 4, 11, 3], [4, 20, 5, 19]]"
11n_52_105,"[[4, 20, 5, 19], [8, 6, 9, 5], [6, 21, 7, 22], [20, 7, 21, 8], [22, 10, 1, 9], [1, 16, 2, 17], [12, 18, 13, 17], [14, 12, 15, 11], [18, 14, 19, 13], [15, 2, 16, 3], [10, 4, 11, 3]]"
11n_52_106,"[[10, 4, 11, 3], [4, 20, 5, 19], [8, 6, 9, 5], [6, 21, 7, 22], [20, 7, 21, 8], [22, 10, 1, 9], [1, 16, 2, 17], [12, 18, 13, 17], [14, 12, 15, 11], [18, 14, 19, 13], [15, 2, 16, 3]]"
11n_52_107,"[[15, 2, 16, 3], [10, 4, 11, 3], [4, 20, 5, 19], [8, 6, 9, 5], [6, 21, 7, 22], [20, 7, 21, 8], [22, 10, 1, 9], [1, 16, 2, 17], [12, 18, 13, 17], [14, 12, 15, 11], [18, 14, 19, 13]]"
11n_52_108,"[[18, 14, 19, 13], [15, 2, 16, 3], [10, 4, 11, 3], [4, 20, 5, 19], [8, 6, 9, 5], [6, 21, 7, 22], [20, 7, 21, 8], [22, 10, 1, 9], [1, 16, 2, 17], [12, 18, 13, 17], [14, 12, 15, 11]]"
11n_52_109,"[[14, 12, 15, 11], [18, 14, 19, 13], [15, 2, 16, 3], [10, 4, 11, 3], [4, 20, 5, 19], [8, 6, 9, 5], [6, 21, 7, 22], [20, 7, 21, 8], [22, 10, 1, 9], [1, 16, 2, 17], [12, 18, 13, 17]]"
11n_52_110,"[[13, 19, 14, 18], [15, 13, 16, 12], [19, 15, 20, 14], [16, 3, 17, 4], [11, 5, 12, 4], [5, 21, 6, 20], [9, 7, 10, 6], [7, 22, 8, 1], [21, 8, 22, 9], [1, 11, 2, 10], [2, 17, 3, 18]]"
11n_52_111,"[[2, 17, 3, 18], [13, 19, 14, 18], [15, 13, 16, 12], [19, 15, 20, 14], [16, 3, 17, 4], [11, 5, 12, 4], [5, 21, 6, 20], [9, 7, 10, 6], [7, 22, 8, 1], [21, 8, 22, 9], [1, 11, 2, 10]]"
11n_52_112,"[[1, 11, 2, 10], [2, 17, 3, 18], [13, 19, 14, 18], [15, 13, 16, 12], [19, 15, 20, 14], [16, 3, 17, 4], [11, 5, 12, 4], [5, 21, 6, 20], [9, 7, 10, 6], [7, 22, 8, 1], [21, 8, 22, 9]]"
11n_52_113,"[[21, 8, 22, 9], [1, 11, 2, 10], [2, 17, 3, 18], [13, 19, 14, 18], [15, 13, 16, 12], [19, 15, 20, 14], [16, 3, 17, 4], [11, 5, 12, 4], [5, 21, 6, 20], [9, 7, 10, 6], [7, 22, 8, 1]]"
11n_52_114,"[[7, 22, 8, 1], [21, 8, 22, 9], [1, 11, 2, 10], [2, 17, 3, 18], [13, 19, 14, 18], [15, 13, 16, 12], [19, 15, 20, 14], [16, 3, 17, 4], [11, 5, 12, 4], [5, 21, 6, 20], [9, 7, 10, 6]]"
11n_52_115,"[[9, 7, 10, 6], [7, 22, 8, 1], [21, 8, 22, 9], [1, 11, 2, 10], [2, 17, 3, 18], [13, 19, 14, 18], [15, 13, 16, 12], [19, 15, 20, 14], [16, 3, 17, 4], [11, 5, 12, 4], [5, 21, 6, 20]]"
11n_52_116,"[[5, 21, 6, 20], [9, 7, 10, 6], [7, 22, 8, 1], [21, 8, 22, 9], [1, 11, 2, 10], [2, 17, 3, 18], [13, 19, 14, 18], [15, 13, 16, 12], [19, 15, 20, 14], [16, 3, 17, 4], [11, 5, 12, 4]]"
11n_52_117,"[[11, 5, 12, 4], [5, 21, 6, 20], [9, 7, 10, 6], [7, 22, 8, 1], [21, 8, 22, 9], [1, 11, 2, 10], [2, 17, 3, 18], [13, 19, 14, 18], [15, 13, 16, 12], [19, 15, 20, 14], [16, 3, 17, 4]]"
11n_52_118,"[[16, 3, 17, 4], [11, 5, 12, 4], [5, 21, 6, 20], [9, 7, 10, 6], [7, 22, 8, 1], [21, 8, 22, 9], [1, 11, 2, 10], [2, 17, 3, 18], [13, 19, 14, 18], [15, 13, 16, 12], [19, 15, 20, 14]]"
11n_52_119,"[[19, 15, 20, 14], [16, 3, 17, 4], [11, 5, 12, 4], [5, 21, 6, 20], [9, 7, 10, 6], [7, 22, 8, 1], [21, 8, 22, 9], [1, 11, 2, 10], [2, 17, 3, 18], [13, 19, 14, 18], [15, 13, 16, 12]]"
11n_52_120,"[[15, 13, 16, 12], [19, 15, 20, 14], [16, 3, 17, 4], [11, 5, 12, 4], [5, 21, 6, 20], [9, 7, 10, 6], [7, 22, 8, 1], [21, 8, 22, 9], [1, 11, 2, 10], [2, 17, 3, 18], [13, 19, 14, 18]]"
11n_52_121,"[[14, 20, 15, 19], [16, 14, 17, 13], [20, 16, 21, 15], [17, 4, 18, 5], [12, 6, 13, 5], [6, 22, 7, 21], [10, 8, 11, 7], [8, 1, 9, 2], [22, 9, 1, 10], [2, 12, 3, 11], [3, 18, 4, 19]]"
11n_52_122,"[[3, 18, 4, 19], [14, 20, 15, 19], [16, 14, 17, 13], [20, 16, 21, 15], [17, 4, 18, 5], [12, 6, 13, 5], [6, 22, 7, 21], [10, 8, 11, 7], [8, 1, 9, 2], [22, 9, 1, 10], [2, 12, 3, 11]]"
11n_52_123,"[[2, 12, 3, 11], [3, 18, 4, 19], [14, 20, 15, 19], [16, 14, 17, 13], [20, 16, 21, 15], [17, 4, 18, 5], [12, 6, 13, 5], [6, 22, 7, 21], [10, 8, 11, 7], [8, 1, 9, 2], [22, 9, 1, 10]]"
11n_52_124,"[[22, 9, 1, 10], [2, 12, 3, 11], [3, 18, 4, 19], [14, 20, 15, 19], [16, 14, 17, 13], [20, 16, 21, 15], [17, 4, 18, 5], [12, 6, 13, 5], [6, 22, 7, 21], [10, 8, 11, 7], [8, 1, 9, 2]]"
11n_52_125,"[[8, 1, 9, 2], [22, 9, 1, 10], [2, 12, 3, 11], [3, 18, 4, 19], [14, 20, 15, 19], [16, 14, 17, 13], [20, 16, 21, 15], [17, 4, 18, 5], [12, 6, 13, 5], [6, 22, 7, 21], [10, 8, 11, 7]]"
11n_52_126,"[[10, 8, 11, 7], [8, 1, 9, 2], [22, 9, 1, 10], [2, 12, 3, 11], [3, 18, 4, 19], [14, 20, 15, 19], [16, 14, 17, 13], [20, 16, 21, 15], [17, 4, 18, 5], [12, 6, 13, 5], [6, 22, 7, 21]]"
11n_52_127,"[[6, 22, 7, 21], [10, 8, 11, 7], [8, 1, 9, 2], [22, 9, 1, 10], [2, 12, 3, 11], [3, 18, 4, 19], [14, 20, 15, 19], [16, 14, 17, 13], [20, 16, 21, 15], [17, 4, 18, 5], [12, 6, 13, 5]]"
11n_52_128,"[[12, 6, 13, 5], [6, 22, 7, 21], [10, 8, 11, 7], [8, 1, 9, 2], [22, 9, 1, 10], [2, 12, 3, 11], [3, 18, 4, 19], [14, 20, 15, 19], [16, 14, 17, 13], [20, 16, 21, 15], [17, 4, 18, 5]]"
11n_52_129,"[[17, 4, 18, 5], [12, 6, 13, 5], [6, 22, 7, 21], [10, 8, 11, 7], [8, 1, 9, 2], [22, 9, 1, 10], [2, 12, 3, 11], [3, 18, 4, 19], [14, 20, 15, 19], [16, 14, 17, 13], [20, 16, 21, 15]]"
11n_52_130,"[[20, 16, 21, 15], [17, 4, 18, 5], [12, 6, 13, 5], [6, 22, 7, 21], [10, 8, 11, 7], [8, 1, 9, 2], [22, 9, 1, 10], [2, 12, 3, 11], [3, 18, 4, 19], [14, 20, 15, 19], [16, 14, 17, 13]]"
11n_52_131,"[[16, 14, 17, 13], [20, 16, 21, 15], [17, 4, 18, 5], [12, 6, 13, 5], [6, 22, 7, 21], [10, 8, 11, 7], [8, 1, 9, 2], [22, 9, 1, 10], [2, 12, 3, 11], [3, 18, 4, 19], [14, 20, 15, 19]]"
11n_52_132,"[[15, 21, 16, 20], [17, 15, 18, 14], [21, 17, 22, 16], [18, 5, 19, 6], [13, 7, 14, 6], [7, 1, 8, 22], [11, 9, 12, 8], [9, 2, 10, 3], [1, 10, 2, 11], [3, 13, 4, 12], [4, 19, 5, 20]]"
11n_52_133,"[[4, 19, 5, 20], [15, 21, 16, 20], [17, 15, 18, 14], [21, 17, 22, 16], [18, 5, 19, 6], [13, 7, 14, 6], [7, 1, 8, 22], [11, 9, 12, 8], [9, 2, 10, 3], [1, 10, 2, 11], [3, 13, 4, 12]]"
11n_52_134,"[[3, 13, 4, 12], [4, 19, 5, 20], [15, 21, 16, 20], [17, 15, 18, 14], [21, 17, 22, 16], [18, 5, 19, 6], [13, 7, 14, 6], [7, 1, 8, 22], [11, 9, 12, 8], [9, 2, 10, 3], [1, 10, 2, 11]]"
11n_52_135,"[[1, 10, 2, 11], [3, 13, 4, 12], [4, 19, 5, 20], [15, 21, 16, 20], [17, 15, 18, 14], [21, 17, 22, 16], [18, 5, 19, 6], [13, 7, 14, 6], [7, 1, 8, 22], [11, 9, 12, 8], [9, 2, 10, 3]]"
11n_52_136,"[[9, 2, 10, 3], [1, 10, 2, 11], [3, 13, 4, 12], [4, 19, 5, 20], [15, 21, 16, 20], [17, 15, 18, 14], [21, 17, 22, 16], [18, 5, 19, 6], [13, 7, 14, 6], [7, 1, 8, 22], [11, 9, 12, 8]]"
11n_52_137,"[[11, 9, 12, 8], [9, 2, 10, 3], [1, 10, 2, 11], [3, 13, 4, 12], [4, 19, 5, 20], [15, 21, 16, 20], [17, 15, 18, 14], [21, 17, 22, 16], [18, 5, 19, 6], [13, 7, 14, 6], [7, 1, 8, 22]]"
11n_52_138,"[[7, 1, 8, 22], [11, 9, 12, 8], [9, 2, 10, 3], [1, 10, 2, 11], [3, 13, 4, 12], [4, 19, 5, 20], [15, 21, 16, 20], [17, 15, 18, 14], [21, 17, 22, 16], [18, 5, 19, 6], [13, 7, 14, 6]]"
11n_52_139,"[[13, 7, 14, 6], [7, 1, 8, 22], [11, 9, 12, 8], [9, 2, 10, 3], [1, 10, 2, 11], [3, 13, 4, 12], [4, 19, 5, 20], [15, 21, 16, 20], [17, 15, 18, 14], [21, 17, 22, 16], [18, 5, 19, 6]]"
11n_52_140,"[[18, 5, 19, 6], [13, 7, 14, 6], [7, 1, 8, 22], [11, 9, 12, 8], [9, 2, 10, 3], [1, 10, 2, 11], [3, 13, 4, 12], [4, 19, 5, 20], [15, 21, 16, 20], [17, 15, 18, 14], [21, 17, 22, 16]]"
11n_52_141,"[[21, 17, 22, 16], [18, 5, 19, 6], [13, 7, 14, 6], [7, 1, 8, 22], [11, 9, 12, 8], [9, 2, 10, 3], [1, 10, 2, 11], [3, 13, 4, 12], [4, 19, 5, 20], [15, 21, 16, 20], [17, 15, 18, 14]]"
11n_52_142,"[[17, 15, 18, 14], [21, 17, 22, 16], [18, 5, 19, 6], [13, 7, 14, 6], [7, 1, 8, 22], [11, 9, 12, 8], [9, 2, 10, 3], [1, 10, 2, 11], [3, 13, 4, 12], [4, 19, 5, 20], [15, 21, 16, 20]]"
11n_52_143,"[[16, 22, 17, 21], [18, 16, 19, 15], [22, 18, 1, 17], [19, 6, 20, 7], [14, 8, 15, 7], [8, 2, 9, 1], [12, 10, 13, 9], [10, 3, 11, 4], [2, 11, 3, 12], [4, 14, 5, 13], [5, 20, 6, 21]]"
11n_52_144,"[[5, 20, 6, 21], [16, 22, 17, 21], [18, 16, 19, 15], [22, 18, 1, 17], [19, 6, 20, 7], [14, 8, 15, 7], [8, 2, 9, 1], [12, 10, 13, 9], [10, 3, 11, 4], [2, 11, 3, 12], [4, 14, 5, 13]]"
11n_52_145,"[[4, 14, 5, 13], [5, 20, 6, 21], [16, 22, 17, 21], [18, 16, 19, 15], [22, 18, 1, 17], [19, 6, 20, 7], [14, 8, 15, 7], [8, 2, 9, 1], [12, 10, 13, 9], [10, 3, 11, 4], [2, 11, 3, 12]]"
11n_52_146,"[[2, 11, 3, 12], [4, 14, 5, 13], [5, 20, 6, 21], [16, 22, 17, 21], [18, 16, 19, 15], [22, 18, 1, 17], [19, 6, 20, 7], [14, 8, 15, 7], [8, 2, 9, 1], [12, 10, 13, 9], [10, 3, 11, 4]]"
11n_52_147,"[[10, 3, 11, 4], [2, 11, 3, 12], [4, 14, 5, 13], [5, 20, 6, 21], [16, 22, 17, 21], [18, 16, 19, 15], [22, 18, 1, 17], [19, 6, 20, 7], [14, 8, 15, 7], [8, 2, 9, 1], [12, 10, 13, 9]]"
11n_52_148,"[[12, 10, 13, 9], [10, 3, 11, 4], [2, 11, 3, 12], [4, 14, 5, 13], [5, 20, 6, 21], [16, 22, 17, 21], [18, 16, 19, 15], [22, 18, 1, 17], [19, 6, 20, 7], [14, 8, 15, 7], [8, 2, 9, 1]]"
11n_52_149,"[[8, 2, 9, 1], [12, 10, 13, 9], [10, 3, 11, 4], [2, 11, 3, 12], [4, 14, 5, 13], [5, 20, 6, 21], [16, 22, 17, 21], [18, 16, 19, 15], [22, 18, 1, 17], [19, 6, 20, 7], [14, 8, 15, 7]]"
11n_52_150,"[[14, 8, 15, 7], [8, 2, 9, 1], [12, 10, 13, 9], [10, 3, 11, 4], [2, 11, 3, 12], [4, 14, 5, 13], [5, 20, 6, 21], [16, 22, 17, 21], [18, 16, 19, 15], [22, 18, 1, 17], [19, 6, 20, 7]]"
11n_52_151,"[[19, 6, 20, 7], [14, 8, 15, 7], [8, 2, 9, 1], [12, 10, 13, 9], [10, 3, 11, 4], [2, 11, 3, 12], [4, 14, 5, 13], [5, 20, 6, 21], [16, 22, 17, 21], [18, 16, 19, 15], [22, 18, 1, 17]]"
11n_52_152,"[[22, 18, 1, 17], [19, 6, 20, 7], [14, 8, 15, 7], [8, 2, 9, 1], [12, 10, 13, 9], [10, 3, 11, 4], [2, 11, 3, 12], [4, 14, 5, 13], [5, 20, 6, 21], [16, 22, 17, 21], [18, 16, 19, 15]]"
11n_52_153,"[[18, 16, 19, 15], [22, 18, 1, 17], [19, 6, 20, 7], [14, 8, 15, 7], [8, 2, 9, 1], [12, 10, 13, 9], [10, 3, 11, 4], [2, 11, 3, 12], [4, 14, 5, 13], [5, 20, 6, 21], [16, 22, 17, 21]]"
11n_52_154,"[[17, 1, 18, 22], [19, 17, 20, 16], [1, 19, 2, 18], [20, 7, 21, 8], [15, 9, 16, 8], [9, 3, 10, 2], [13, 11, 14, 10], [11, 4, 12, 5], [3, 12, 4, 13], [5, 15, 6, 14], [6, 21, 7, 22]]"
11n_52_155,"[[6, 21, 7, 22], [17, 1, 18, 22], [19, 17, 20, 16], [1, 19, 2, 18], [20, 7, 21, 8], [15, 9, 16, 8], [9, 3, 10, 2], [13, 11, 14, 10], [11, 4, 12, 5], [3, 12, 4, 13], [5, 15, 6, 14]]"
11n_52_156,"[[5, 15, 6, 14], [6, 21, 7, 22], [17, 1, 18, 22], [19, 17, 20, 16], [1, 19, 2, 18], [20, 7, 21, 8], [15, 9, 16, 8], [9, 3, 10, 2], [13, 11, 14, 10], [11, 4, 12, 5], [3, 12, 4, 13]]"
11n_52_157,"[[3, 12, 4, 13], [5, 15, 6, 14], [6, 21, 7, 22], [17, 1, 18, 22], [19, 17, 20, 16], [1, 19, 2, 18], [20, 7, 21, 8], [15, 9, 16, 8], [9, 3, 10, 2], [13, 11, 14, 10], [11, 4, 12, 5]]"
11n_52_158,"[[11, 4, 12, 5], [3, 12, 4, 13], [5, 15, 6, 14], [6, 21, 7, 22], [17, 1, 18, 22], [19, 17, 20, 16], [1, 19, 2, 18], [20, 7, 21, 8], [15, 9, 16, 8], [9, 3, 10, 2], [13, 11, 14, 10]]"
11n_52_159,"[[13, 11, 14, 10], [11, 4, 12, 5], [3, 12, 4, 13], [5, 15, 6, 14], [6, 21, 7, 22], [17, 1, 18, 22], [19, 17, 20, 16], [1, 19, 2, 18], [20, 7, 21, 8], [15, 9, 16, 8], [9, 3, 10, 2]]"
11n_52_160,"[[9, 3, 10, 2], [13, 11, 14, 10], [11, 4, 12, 5], [3, 12, 4, 13], [5, 15, 6, 14], [6, 21, 7, 22], [17, 1, 18, 22], [19, 17, 20, 16], [1, 19, 2, 18], [20, 7, 21, 8], [15, 9, 16, 8]]"
11n_52_161,"[[15, 9, 16, 8], [9, 3, 10, 2], [13, 11, 14, 10], [11, 4, 12, 5], [3, 12, 4, 13], [5, 15, 6, 14], [6, 21, 7, 22], [17, 1, 18, 22], [19, 17, 20, 16], [1, 19, 2, 18], [20, 7, 21, 8]]"
11n_52_162,"[[20, 7, 21, 8], [15, 9, 16, 8], [9, 3, 10, 2], [13, 11, 14, 10], [11, 4, 12, 5], [3, 12, 4, 13], [5, 15, 6, 14], [6, 21, 7, 22], [17, 1, 18, 22], [19, 17, 20, 16], [1, 19, 2, 18]]"
11n_52_163,"[[1, 19, 2, 18], [20, 7, 21, 8], [15, 9, 16, 8], [9, 3, 10, 2], [13, 11, 14, 10], [11, 4, 12, 5], [3, 12, 4, 13], [5, 15, 6, 14], [6, 21, 7, 22], [17, 1, 18, 22], [19, 17, 20, 16]]"
11n_52_164,"[[19, 17, 20, 16], [1, 19, 2, 18], [20, 7, 21, 8], [15, 9, 16, 8], [9, 3, 10, 2], [13, 11, 14, 10], [11, 4, 12, 5], [3, 12, 4, 13], [5, 15, 6, 14], [6, 21, 7, 22], [17, 1, 18, 22]]"
11n_52_165,"[[18, 2, 19, 1], [20, 18, 21, 17], [2, 20, 3, 19], [21, 8, 22, 9], [16, 10, 17, 9], [10, 4, 11, 3], [14, 12, 15, 11], [12, 5, 13, 6], [4, 13, 5, 14], [6, 16, 7, 15], [7, 22, 8, 1]]"
11n_52_166,"[[7, 22, 8, 1], [18, 2, 19, 1], [20, 18, 21, 17], [2, 20, 3, 19], [21, 8, 22, 9], [16, 10, 17, 9], [10, 4, 11, 3], [14, 12, 15, 11], [12, 5, 13, 6], [4, 13, 5, 14], [6, 16, 7, 15]]"
11n_52_167,"[[6, 16, 7, 15], [7, 22, 8, 1], [18, 2, 19, 1], [20, 18, 21, 17], [2, 20, 3, 19], [21, 8, 22, 9], [16, 10, 17, 9], [10, 4, 11, 3], [14, 12, 15, 11], [12, 5, 13, 6], [4, 13, 5, 14]]"
11n_52_168,"[[4, 13, 5, 14], [6, 16, 7, 15], [7, 22, 8, 1], [18, 2, 19, 1], [20, 18, 21, 17], [2, 20, 3, 19], [21, 8, 22, 9], [16, 10, 17, 9], [10, 4, 11, 3], [14, 12, 15, 11], [12, 5, 13, 6]]"
11n_52_169,"[[12, 5, 13, 6], [4, 13, 5, 14], [6, 16, 7, 15], [7, 22, 8, 1], [18, 2, 19, 1], [20, 18, 21, 17], [2, 20, 3, 19], [21, 8, 22, 9], [16, 10, 17, 9], [10, 4, 11, 3], [14, 12, 15, 11]]"
11n_52_170,"[[14, 12, 15, 11], [12, 5, 13, 6], [4, 13, 5, 14], [6, 16, 7, 15], [7, 22, 8, 1], [18, 2, 19, 1], [20, 18, 21, 17], [2, 20, 3, 19], [21, 8, 22, 9], [16, 10, 17, 9], [10, 4, 11, 3]]"
11n_52_171,"[[10, 4, 11, 3], [14, 12, 15, 11], [12, 5, 13, 6], [4, 13, 5, 14], [6, 16, 7, 15], [7, 22, 8, 1], [18, 2, 19, 1], [20, 18, 21, 17], [2, 20, 3, 19], [21, 8, 22, 9], [16, 10, 17, 9]]"
11n_52_172,"[[16, 10, 17, 9], [10, 4, 11, 3], [14, 12, 15, 11], [12, 5, 13, 6], [4, 13, 5, 14], [6, 16, 7, 15], [7, 22, 8, 1], [18, 2, 19, 1], [20, 18, 21, 17], [2, 20, 3, 19], [21, 8, 22, 9]]"
11n_52_173,"[[21, 8, 22, 9], [16, 10, 17, 9], [10, 4, 11, 3], [14, 12, 15, 11], [12, 5, 13, 6], [4, 13, 5, 14], [6, 16, 7, 15], [7, 22, 8, 1], [18, 2, 19, 1], [20, 18, 21, 17], [2, 20, 3, 19]]"
11n_52_174,"[[2, 20, 3, 19], [21, 8, 22, 9], [16, 10, 17, 9], [10, 4, 11, 3], [14, 12, 15, 11], [12, 5, 13, 6], [4, 13, 5, 14], [6, 16, 7, 15], [7, 22, 8, 1], [18, 2, 19, 1], [20, 18, 21, 17]]"
11n_52_175,"[[20, 18, 21, 17], [2, 20, 3, 19], [21, 8, 22, 9], [16, 10, 17, 9], [10, 4, 11, 3], [14, 12, 15, 11], [12, 5, 13, 6], [4, 13, 5, 14], [6, 16, 7, 15], [7, 22, 8, 1], [18, 2, 19, 1]]"
11n_52_176,"[[19, 3, 20, 2], [21, 19, 22, 18], [3, 21, 4, 20], [22, 9, 1, 10], [17, 11, 18, 10], [11, 5, 12, 4], [15, 13, 16, 12], [13, 6, 14, 7], [5, 14, 6, 15], [7, 17, 8, 16], [8, 1, 9, 2]]"
11n_52_177,"[[8, 1, 9, 2], [19, 3, 20, 2], [21, 19, 22, 18], [3, 21, 4, 20], [22, 9, 1, 10], [17, 11, 18, 10], [11, 5, 12, 4], [15, 13, 16, 12], [13, 6, 14, 7], [5, 14, 6, 15], [7, 17, 8, 16]]"
11n_52_178,"[[7, 17, 8, 16], [8, 1, 9, 2], [19, 3, 20, 2], [21, 19, 22, 18], [3, 21, 4, 20], [22, 9, 1, 10], [17, 11, 18, 10], [11, 5, 12, 4], [15, 13, 16, 12], [13, 6, 14, 7], [5, 14, 6, 15]]"
11n_52_179,"[[5, 14, 6, 15], [7, 17, 8, 16], [8, 1, 9, 2], [19, 3, 20, 2], [21, 19, 22, 18], [3, 21, 4, 20], [22, 9, 1, 10], [17, 11, 18, 10], [11, 5, 12, 4], [15, 13, 16, 12], [13, 6, 14, 7]]"
11n_52_180,"[[13, 6, 14, 7], [5, 14, 6, 15], [7, 17, 8, 16], [8, 1, 9, 2], [19, 3, 20, 2], [21, 19, 22, 18], [3, 21, 4, 20], [22, 9, 1, 10], [17, 11, 18, 10], [11, 5, 12, 4], [15, 13, 16, 12]]"
11n_52_181,"[[15, 13, 16, 12], [13, 6, 14, 7], [5, 14, 6, 15], [7, 17, 8, 16], [8, 1, 9, 2], [19, 3, 20, 2], [21, 19, 22, 18], [3, 21, 4, 20], [22, 9, 1, 10], [17, 11, 18, 10], [11, 5, 12, 4]]"
11n_52_182,"[[11, 5, 12, 4], [15, 13, 16, 12], [13, 6, 14, 7], [5, 14, 6, 15], [7, 17, 8, 16], [8, 1, 9, 2], [19, 3, 20, 2], [21, 19, 22, 18], [3, 21, 4, 20], [22, 9, 1, 10], [17, 11, 18, 10]]"
11n_52_183,"[[17, 11, 18, 10], [11, 5, 12, 4], [15, 13, 16, 12], [13, 6, 14, 7], [5, 14, 6, 15], [7, 17, 8, 16], [8, 1, 9, 2], [19, 3, 20, 2], [21, 19, 22, 18], [3, 21, 4, 20], [22, 9, 1, 10]]"
11n_52_184,"[[22, 9, 1, 10], [17, 11, 18, 10], [11, 5, 12, 4], [15, 13, 16, 12], [13, 6, 14, 7], [5, 14, 6, 15], [7, 17, 8, 16], [8, 1, 9, 2], [19, 3, 20, 2], [21, 19, 22, 18], [3, 21, 4, 20]]"
11n_52_185,"[[3, 21, 4, 20], [22, 9, 1, 10], [17, 11, 18, 10], [11, 5, 12, 4], [15, 13, 16, 12], [13, 6, 14, 7], [5, 14, 6, 15], [7, 17, 8, 16], [8, 1, 9, 2], [19, 3, 20, 2], [21, 19, 22, 18]]"
11n_52_186,"[[21, 19, 22, 18], [3, 21, 4, 20], [22, 9, 1, 10], [17, 11, 18, 10], [11, 5, 12, 4], [15, 13, 16, 12], [13, 6, 14, 7], [5, 14, 6, 15], [7, 17, 8, 16], [8, 1, 9, 2], [19, 3, 20, 2]]"
11n_52_187,"[[20, 4, 21, 3], [22, 20, 1, 19], [4, 22, 5, 21], [1, 10, 2, 11], [18, 12, 19, 11], [12, 6, 13, 5], [16, 14, 17, 13], [14, 7, 15, 8], [6, 15, 7, 16], [8, 18, 9, 17], [9, 2, 10, 3]]"
11n_52_188,"[[9, 2, 10, 3], [20, 4, 21, 3], [22, 20, 1, 19], [4, 22, 5, 21], [1, 10, 2, 11], [18, 12, 19, 11], [12, 6, 13, 5], [16, 14, 17, 13], [14, 7, 15, 8], [6, 15, 7, 16], [8, 18, 9, 17]]"
11n_52_189,"[[8, 18, 9, 17], [9, 2, 10, 3], [20, 4, 21, 3], [22, 20, 1, 19], [4, 22, 5, 21], [1, 10, 2, 11], [18, 12, 19, 11], [12, 6, 13, 5], [16, 14, 17, 13], [14, 7, 15, 8], [6, 15, 7, 16]]"
11n_52_190,"[[6, 15, 7, 16], [8, 18, 9, 17], [9, 2, 10, 3], [20, 4, 21, 3], [22, 20, 1, 19], [4, 22, 5, 21], [1, 10, 2, 11], [18, 12, 19, 11], [12, 6, 13, 5], [16, 14, 17, 13], [14, 7, 15, 8]]"
11n_52_191,"[[14, 7, 15, 8], [6, 15, 7, 16], [8, 18, 9, 17], [9, 2, 10, 3], [20, 4, 21, 3], [22, 20, 1, 19], [4, 22, 5, 21], [1, 10, 2, 11], [18, 12, 19, 11], [12, 6, 13, 5], [16, 14, 17, 13]]"
11n_52_192,"[[16, 14, 17, 13], [14, 7, 15, 8], [6, 15, 7, 16], [8, 18, 9, 17], [9, 2, 10, 3], [20, 4, 21, 3], [22, 20, 1, 19], [4, 22, 5, 21], [1, 10, 2, 11], [18, 12, 19, 11], [12, 6, 13, 5]]"
11n_52_193,"[[12, 6, 13, 5], [16, 14, 17, 13], [14, 7, 15, 8], [6, 15, 7, 16], [8, 18, 9, 17], [9, 2, 10, 3], [20, 4, 21, 3], [22, 20, 1, 19], [4, 22, 5, 21], [1, 10, 2, 11], [18, 12, 19, 11]]"
11n_52_194,"[[18, 12, 19, 11], [12, 6, 13, 5], [16, 14, 17, 13], [14, 7, 15, 8], [6, 15, 7, 16], [8, 18, 9, 17], [9, 2, 10, 3], [20, 4, 21, 3], [22, 20, 1, 19], [4, 22, 5, 21], [1, 10, 2, 11]]"
11n_52_195,"[[1, 10, 2, 11], [18, 12, 19, 11], [12, 6, 13, 5], [16, 14, 17, 13], [14, 7, 15, 8], [6, 15, 7, 16], [8, 18, 9, 17], [9, 2, 10, 3], [20, 4, 21, 3], [22, 20, 1, 19], [4, 22, 5, 21]]"
11n_52_196,"[[4, 22, 5, 21], [1, 10, 2, 11], [18, 12, 19, 11], [12, 6, 13, 5], [16, 14, 17, 13], [14, 7, 15, 8], [6, 15, 7, 16], [8, 18, 9, 17], [9, 2, 10, 3], [20, 4, 21, 3], [22, 20, 1, 19]]"
11n_52_197,"[[22, 20, 1, 19], [4, 22, 5, 21], [1, 10, 2, 11], [18, 12, 19, 11], [12, 6, 13, 5], [16, 14, 17, 13], [14, 7, 15, 8], [6, 15, 7, 16], [8, 18, 9, 17], [9, 2, 10, 3], [20, 4, 21, 3]]"
11n_52_198,"[[21, 5, 22, 4], [1, 21, 2, 20], [5, 1, 6, 22], [2, 11, 3, 12], [19, 13, 20, 12], [13, 7, 14, 6], [17, 15, 18, 14], [15, 8, 16, 9], [7, 16, 8, 17], [9, 19, 10, 18], [10, 3, 11, 4]]"
11n_52_199,"[[10, 3, 11, 4], [21, 5, 22, 4], [1, 21, 2, 20], [5, 1, 6, 22], [2, 11, 3, 12], [19, 13, 20, 12], [13, 7, 14, 6], [17, 15, 18, 14], [15, 8, 16, 9], [7, 16, 8, 17], [9, 19, 10, 18]]"
11n_52_200,"[[9, 19, 10, 18], [10, 3, 11, 4], [21, 5, 22, 4], [1, 21, 2, 20], [5, 1, 6, 22], [2, 11, 3, 12], [19, 13, 20, 12], [13, 7, 14, 6], [17, 15, 18, 14], [15, 8, 16, 9], [7, 16, 8, 17]]"
11n_52_201,"[[7, 16, 8, 17], [9, 19, 10, 18], [10, 3, 11, 4], [21, 5, 22, 4], [1, 21, 2, 20], [5, 1, 6, 22], [2, 11, 3, 12], [19, 13, 20, 12], [13, 7, 14, 6], [17, 15, 18, 14], [15, 8, 16, 9]]"
11n_52_202,"[[15, 8, 16, 9], [7, 16, 8, 17], [9, 19, 10, 18], [10, 3, 11, 4], [21, 5, 22, 4], [1, 21, 2, 20], [5, 1, 6, 22], [2, 11, 3, 12], [19, 13, 20, 12], [13, 7, 14, 6], [17, 15, 18, 14]]"
11n_52_203,"[[17, 15, 18, 14], [15, 8, 16, 9], [7, 16, 8, 17], [9, 19, 10, 18], [10, 3, 11, 4], [21, 5, 22, 4], [1, 21, 2, 20], [5, 1, 6, 22], [2, 11, 3, 12], [19, 13, 20, 12], [13, 7, 14, 6]]"
11n_52_204,"[[13, 7, 14, 6], [17, 15, 18, 14], [15, 8, 16, 9], [7, 16, 8, 17], [9, 19, 10, 18], [10, 3, 11, 4], [21, 5, 22, 4], [1, 21, 2, 20], [5, 1, 6, 22], [2, 11, 3, 12], [19, 13, 20, 12]]"
