name,pd_notation
11n_13_0,"[[7, 17, 8, 16], [5, 3, 6, 2], [11, 7, 12, 6], [9, 4, 10, 5], [3, 10, 4, 11], [17, 9, 18, 8], [18, 2, 19, 1], [12, 20, 13, 19], [14, 22, 15, 21], [20, 14, 21, 13], [22, 16, 1, 15]]"
11n_13_1,"[[22, 16, 1, 15], [7, 17, 8, 16], [5, 3, 6, 2], [11, 7, 12, 6], [9, 4, 10, 5], [3, 10, 4, 11], [17, 9, 18, 8], [18, 2, 19, 1], [12, 20, 13, 19], [14, 22, 15, 21], [20, 14, 21, 13]]"
11n_13_2,"[[20, 14, 21, 13], [22, 16, 1, 15], [7, 17, 8, 16], [5, 3, 6, 2], [11, 7, 12, 6], [9, 4, 10, 5], [3, 10, 4, 11], [17, 9, 18, 8], [18, 2, 19, 1], [12, 20, 13, 19], [14, 22, 15, 21]]"
11n_13_3,"[[14, 22, 15, 21], [20, 14, 21, 13], [22, 16, 1, 15], [7, 17, 8, 16], [5, 3, 6, 2], [11, 7, 12, 6], [9, 4, 10, 5], [3, 10, 4, 11], [17, 9, 18, 8], [18, 2, 19, 1], [12, 20, 13, 19]]"
11n_13_4,"[[12, 20, 13, 19], [14, 22, 15, 21], [20, 14, 21, 13], [22, 16, 1, 15], [7, 17, 8, 16], [5, 3, 6, 2], [11, 7, 12, 6], [9, 4, 10, 5], [3, 10, 4, 11], [17, 9, 18, 8], [18, 2, 19, 1]]"
11n_13_5,"[[18, 2, 19, 1], [12, 20, 13, 19], [14, 22, 15, 21], [20, 14, 21, 13], [22, 16, 1, 15], [7, 17, 8, 16], [5, 3, 6, 2], [11, 7, 12, 6], [9, 4, 10, 5], [3, 10, 4, 11], [17, 9, 18, 8]]"
11n_13_6,"[[17, 9, 18, 8], [18, 2, 19, 1], [12, 20, 13, 19], [14, 22, 15, 21], [20, 14, 21, 13], [22, 16, 1, 15], [7, 17, 8, 16], [5, 3, 6, 2], [11, 7, 12, 6], [9, 4, 10, 5], [3, 10, 4, 11]]"
11n_13_7,"[[3, 10, 4, 11], [17, 9, 18, 8], [18, 2, 19, 1], [12, 20, 13, 19], [14, 22, 15, 21], [20, 14, 21, 13], [22, 16, 1, 15], [7, 17, 8, 16], [5, 3, 6, 2], [11, 7, 12, 6], [9, 4, 10, 5]]"
11n_13_8,"[[9, 4, 10, 5], [3, 10, 4, 11], [17, 9, 18, 8], [18, 2, 19, 1], [12, 20, 13, 19], [14, 22, 15, 21], [20, 14, 21, 13], [22, 16, 1, 15], [7, 17, 8, 16], [5, 3, 6, 2], [11, 7, 12, 6]]"
11n_13_9,"[[11, 7, 12, 6], [9, 4, 10, 5], [3, 10, 4, 11], [17, 9, 18, 8], [18, 2, 19, 1], [12, 20, 13, 19], [14, 22, 15, 21], [20, 14, 21, 13], [22, 16, 1, 15], [7, 17, 8, 16], [5, 3, 6, 2]]"
11n_13_10,"[[5, 3, 6, 2], [11, 7, 12, 6], [9, 4, 10, 5], [3, 10, 4, 11], [17, 9, 18, 8], [18, 2, 19, 1], [12, 20, 13, 19], [14, 22, 15, 21], [20, 14, 21, 13], [22, 16, 1, 15], [7, 17, 8, 16]]"
11n_13_11,"[[8, 18, 9, 17], [6, 4, 7, 3], [12, 8, 13, 7], [10, 5, 11, 6], [4, 11, 5, 12], [18, 10, 19, 9], [19, 3, 20, 2], [13, 21, 14, 20], [15, 1, 16, 22], [21, 15, 22, 14], [1, 17, 2, 16]]"
11n_13_12,"[[1, 17, 2, 16], [8, 18, 9, 17], [6, 4, 7, 3], [12, 8, 13, 7], [10, 5, 11, 6], [4, 11, 5, 12], [18, 10, 19, 9], [19, 3, 20, 2], [13, 21, 14, 20], [15, 1, 16, 22], [21, 15, 22, 14]]"
11n_13_13,"[[21, 15, 22, 14], [1, 17, 2, 16], [8, 18, 9, 17], [6, 4, 7, 3], [12, 8, 13, 7], [10, 5, 11, 6], [4, 11, 5, 12], [18, 10, 19, 9], [19, 3, 20, 2], [13, 21, 14, 20], [15, 1, 16, 22]]"
11n_13_14,"[[15, 1, 16, 22], [21, 15, 22, 14], [1, 17, 2, 16], [8, 18, 9, 17], [6, 4, 7, 3], [12, 8, 13, 7], [10, 5, 11, 6], [4, 11, 5, 12], [18, 10, 19, 9], [19, 3, 20, 2], [13, 21, 14, 20]]"
11n_13_15,"[[13, 21, 14, 20], [15, 1, 16, 22], [21, 15, 22, 14], [1, 17, 2, 16], [8, 18, 9, 17], [6, 4, 7, 3], [12, 8, 13, 7], [10, 5, 11, 6], [4, 11, 5, 12], [18, 10, 19, 9], [19, 3, 20, 2]]"
11n_13_16,"[[19, 3, 20, 2], [13, 21, 14, 20], [15, 1, 16, 22], [21, 15, 22, 14], [1, 17, 2, 16], [8, 18, 9, 17], [6, 4, 7, 3], [12, 8, 13, 7], [10, 5, 11, 6], [4, 11, 5, 12], [18, 10, 19, 9]]"
11n_13_17,"[[18, 10, 19, 9], [19, 3, 20, 2], [13, 21, 14, 20], [15, 1, 16, 22], [21, 15, 22, 14], [1, 17, 2, 16], [8, 18, 9, 17], [6, 4, 7, 3], [12, 8, 13, 7], [10, 5, 11, 6], [4, 11, 5, 12]]"
11n_13_18,"[[4, 11, 5, 12], [18, 10, 19, 9], [19, 3, 20, 2], [13, 21, 14, 20], [15, 1, 16, 22], [21, 15, 22, 14], [1, 17, 2, 16], [8, 18, 9, 17], [6, 4, 7, 3], [12, 8, 13, 7], [10, 5, 11, 6]]"
11n_13_19,"[[10, 5, 11, 6], [4, 11, 5, 12], [18, 10, 19, 9], [19, 3, 20, 2], [13, 21, 14, 20], [15, 1, 16, 22], [21, 15, 22, 14], [1, 17, 2, 16], [8, 18, 9, 17], [6, 4, 7, 3], [12, 8, 13, 7]]"
11n_13_20,"[[12, 8, 13, 7], [10, 5, 11, 6], [4, 11, 5, 12], [18, 10, 19, 9], [19, 3, 20, 2], [13, 21, 14, 20], [15, 1, 16, 22], [21, 15, 22, 14], [1, 17, 2, 16], [8, 18, 9, 17], [6, 4, 7, 3]]"
11n_13_21,"[[6, 4, 7, 3], [12, 8, 13, 7], [10, 5, 11, 6], [4, 11, 5, 12], [18, 10, 19, 9], [19, 3, 20, 2], [13, 21, 14, 20], [15, 1, 16, 22], [21, 15, 22, 14], [1, 17, 2, 16], [8, 18, 9, 17]]"
11n_13_22,"[[9, 19, 10, 18], [7, 5, 8, 4], [13, 9, 14, 8], [11, 6, 12, 7], [5, 12, 6, 13], [19, 11, 20, 10], [20, 4, 21, 3], [14, 22, 15, 21], [16, 2, 17, 1], [22, 16, 1, 15], [2, 18, 3, 17]]"
11n_13_23,"[[2, 18, 3, 17], [9, 19, 10, 18], [7, 5, 8, 4], [13, 9, 14, 8], [11, 6, 12, 7], [5, 12, 6, 13], [19, 11, 20, 10], [20, 4, 21, 3], [14, 22, 15, 21], [16, 2, 17, 1], [22, 16, 1, 15]]"
11n_13_24,"[[22, 16, 1, 15], [2, 18, 3, 17], [9, 19, 10, 18], [7, 5, 8, 4], [13, 9, 14, 8], [11, 6, 12, 7], [5, 12, 6, 13], [19, 11, 20, 10], [20, 4, 21, 3], [14, 22, 15, 21], [16, 2, 17, 1]]"
11n_13_25,"[[16, 2, 17, 1], [22, 16, 1, 15], [2, 18, 3, 17], [9, 19, 10, 18], [7, 5, 8, 4], [13, 9, 14, 8], [11, 6, 12, 7], [5, 12, 6, 13], [19, 11, 20, 10], [20, 4, 21, 3], [14, 22, 15, 21]]"
11n_13_26,"[[14, 22, 15, 21], [16, 2, 17, 1], [22, 16, 1, 15], [2, 18, 3, 17], [9, 19, 10, 18], [7, 5, 8, 4], [13, 9, 14, 8], [11, 6, 12, 7], [5, 12, 6, 13], [19, 11, 20, 10], [20, 4, 21, 3]]"
11n_13_27,"[[20, 4, 21, 3], [14, 22, 15, 21], [16, 2, 17, 1], [22, 16, 1, 15], [2, 18, 3, 17], [9, 19, 10, 18], [7, 5, 8, 4], [13, 9, 14, 8], [11, 6, 12, 7], [5, 12, 6, 13], [19, 11, 20, 10]]"
11n_13_28,"[[19, 11, 20, 10], [20, 4, 21, 3], [14, 22, 15, 21], [16, 2, 17, 1], [22, 16, 1, 15], [2, 18, 3, 17], [9, 19, 10, 18], [7, 5, 8, 4], [13, 9, 14, 8], [11, 6, 12, 7], [5, 12, 6, 13]]"
11n_13_29,"[[5, 12, 6, 13], [19, 11, 20, 10], [20, 4, 21, 3], [14, 22, 15, 21], [16, 2, 17, 1], [22, 16, 1, 15], [2, 18, 3, 17], [9, 19, 10, 18], [7, 5, 8, 4], [13, 9, 14, 8], [11, 6, 12, 7]]"
11n_13_30,"[[11, 6, 12, 7], [5, 12, 6, 13], [19, 11, 20, 10], [20, 4, 21, 3], [14, 22, 15, 21], [16, 2, 17, 1], [22, 16, 1, 15], [2, 18, 3, 17], [9, 19, 10, 18], [7, 5, 8, 4], [13, 9, 14, 8]]"
11n_13_31,"[[13, 9, 14, 8], [11, 6, 12, 7], [5, 12, 6, 13], [19, 11, 20, 10], [20, 4, 21, 3], [14, 22, 15, 21], [16, 2, 17, 1], [22, 16, 1, 15], [2, 18, 3, 17], [9, 19, 10, 18], [7, 5, 8, 4]]"
11n_13_32,"[[7, 5, 8, 4], [13, 9, 14, 8], [11, 6, 12, 7], [5, 12, 6, 13], [19, 11, 20, 10], [20, 4, 21, 3], [14, 22, 15, 21], [16, 2, 17, 1], [22, 16, 1, 15], [2, 18, 3, 17], [9, 19, 10, 18]]"
11n_13_33,"[[10, 20, 11, 19], [8, 6, 9, 5], [14, 10, 15, 9], [12, 7, 13, 8], [6, 13, 7, 14], [20, 12, 21, 11], [21, 5, 22, 4], [15, 1, 16, 22], [17, 3, 18, 2], [1, 17, 2, 16], [3, 19, 4, 18]]"
11n_13_34,"[[3, 19, 4, 18], [10, 20, 11, 19], [8, 6, 9, 5], [14, 10, 15, 9], [12, 7, 13, 8], [6, 13, 7, 14], [20, 12, 21, 11], [21, 5, 22, 4], [15, 1, 16, 22], [17, 3, 18, 2], [1, 17, 2, 16]]"
11n_13_35,"[[1, 17, 2, 16], [3, 19, 4, 18], [10, 20, 11, 19], [8, 6, 9, 5], [14, 10, 15, 9], [12, 7, 13, 8], [6, 13, 7, 14], [20, 12, 21, 11], [21, 5, 22, 4], [15, 1, 16, 22], [17, 3, 18, 2]]"
11n_13_36,"[[17, 3, 18, 2], [1, 17, 2, 16], [3, 19, 4, 18], [10, 20, 11, 19], [8, 6, 9, 5], [14, 10, 15, 9], [12, 7, 13, 8], [6, 13, 7, 14], [20, 12, 21, 11], [21, 5, 22, 4], [15, 1, 16, 22]]"
11n_13_37,"[[15, 1, 16, 22], [17, 3, 18, 2], [1, 17, 2, 16], [3, 19, 4, 18], [10, 20, 11, 19], [8, 6, 9, 5], [14, 10, 15, 9], [12, 7, 13, 8], [6, 13, 7, 14], [20, 12, 21, 11], [21, 5, 22, 4]]"
11n_13_38,"[[21, 5, 22, 4], [15, 1, 16, 22], [17, 3, 18, 2], [1, 17, 2, 16], [3, 19, 4, 18], [10, 20, 11, 19], [8, 6, 9, 5], [14, 10, 15, 9], [12, 7, 13, 8], [6, 13, 7, 14], [20, 12, 21, 11]]"
11n_13_39,"[[20, 12, 21, 11], [21, 5, 22, 4], [15, 1, 16, 22], [17, 3, 18, 2], [1, 17, 2, 16], [3, 19, 4, 18], [10, 20, 11, 19], [8, 6, 9, 5], [14, 10, 15, 9], [12, 7, 13, 8], [6, 13, 7, 14]]"
11n_13_40,"[[6, 13, 7, 14], [20, 12, 21, 11], [21, 5, 22, 4], [15, 1, 16, 22], [17, 3, 18, 2], [1, 17, 2, 16], [3, 19, 4, 18], [10, 20, 11, 19], [8, 6, 9, 5], [14, 10, 15, 9], [12, 7, 13, 8]]"
11n_13_41,"[[12, 7, 13, 8], [6, 13, 7, 14], [20, 12, 21, 11], [21, 5, 22, 4], [15, 1, 16, 22], [17, 3, 18, 2], [1, 17, 2, 16], [3, 19, 4, 18], [10, 20, 11, 19], [8, 6, 9, 5], [14, 10, 15, 9]]"
11n_13_42,"[[14, 10, 15, 9], [12, 7, 13, 8], [6, 13, 7, 14], [20, 12, 21, 11], [21, 5, 22, 4], [15, 1, 16, 22], [17, 3, 18, 2], [1, 17, 2, 16], [3, 19, 4, 18], [10, 20, 11, 19], [8, 6, 9, 5]]"
11n_13_43,"[[8, 6, 9, 5], [14, 10, 15, 9], [12, 7, 13, 8], [6, 13, 7, 14], [20, 12, 21, 11], [21, 5, 22, 4], [15, 1, 16, 22], [17, 3, 18, 2], [1, 17, 2, 16], [3, 19, 4, 18], [10, 20, 11, 19]]"
11n_13_44,"[[11, 21, 12, 20], [9, 7, 10, 6], [15, 11, 16, 10], [13, 8, 14, 9], [7, 14, 8, 15], [21, 13, 22, 12], [22, 6, 1, 5], [16, 2, 17, 1], [18, 4, 19, 3], [2, 18, 3, 17], [4, 20, 5, 19]]"
11n_13_45,"[[4, 20, 5, 19], [11, 21, 12, 20], [9, 7, 10, 6], [15, 11, 16, 10], [13, 8, 14, 9], [7, 14, 8, 15], [21, 13, 22, 12], [22, 6, 1, 5], [16, 2, 17, 1], [18, 4, 19, 3], [2, 18, 3, 17]]"
11n_13_46,"[[2, 18, 3, 17], [4, 20, 5, 19], [11, 21, 12, 20], [9, 7, 10, 6], [15, 11, 16, 10], [13, 8, 14, 9], [7, 14, 8, 15], [21, 13, 22, 12], [22, 6, 1, 5], [16, 2, 17, 1], [18, 4, 19, 3]]"
11n_13_47,"[[18, 4, 19, 3], [2, 18, 3, 17], [4, 20, 5, 19], [11, 21, 12, 20], [9, 7, 10, 6], [15, 11, 16, 10], [13, 8, 14, 9], [7, 14, 8, 15], [21, 13, 22, 12], [22, 6, 1, 5], [16, 2, 17, 1]]"
11n_13_48,"[[16, 2, 17, 1], [18, 4, 19, 3], [2, 18, 3, 17], [4, 20, 5, 19], [11, 21, 12, 20], [9, 7, 10, 6], [15, 11, 16, 10], [13, 8, 14, 9], [7, 14, 8, 15], [21, 13, 22, 12], [22, 6, 1, 5]]"
11n_13_49,"[[22, 6, 1, 5], [16, 2, 17, 1], [18, 4, 19, 3], [2, 18, 3, 17], [4, 20, 5, 19], [11, 21, 12, 20], [9, 7, 10, 6], [15, 11, 16, 10], [13, 8, 14, 9], [7, 14, 8, 15], [21, 13, 22, 12]]"
11n_13_50,"[[21, 13, 22, 12], [22, 6, 1, 5], [16, 2, 17, 1], [18, 4, 19, 3], [2, 18, 3, 17], [4, 20, 5, 19], [11, 21, 12, 20], [9, 7, 10, 6], [15, 11, 16, 10], [13, 8, 14, 9], [7, 14, 8, 15]]"
11n_13_51,"[[7, 14, 8, 15], [21, 13, 22, 12], [22, 6, 1, 5], [16, 2, 17, 1], [18, 4, 19, 3], [2, 18, 3, 17], [4, 20, 5, 19], [11, 21, 12, 20], [9, 7, 10, 6], [15, 11, 16, 10], [13, 8, 14, 9]]"
11n_13_52,"[[13, 8, 14, 9], [7, 14, 8, 15], [21, 13, 22, 12], [22, 6, 1, 5], [16, 2, 17, 1], [18, 4, 19, 3], [2, 18, 3, 17], [4, 20, 5, 19], [11, 21, 12, 20], [9, 7, 10, 6], [15, 11, 16, 10]]"
11n_13_53,"[[15, 11, 16, 10], [13, 8, 14, 9], [7, 14, 8, 15], [21, 13, 22, 12], [22, 6, 1, 5], [16, 2, 17, 1], [18, 4, 19, 3], [2, 18, 3, 17], [4, 20, 5, 19], [11, 21, 12, 20], [9, 7, 10, 6]]"
11n_13_54,"[[9, 7, 10, 6], [15, 11, 16, 10], [13, 8, 14, 9], [7, 14, 8, 15], [21, 13, 22, 12], [22, 6, 1, 5], [16, 2, 17, 1], [18, 4, 19, 3], [2, 18, 3, 17], [4, 20, 5, 19], [11, 21, 12, 20]]"
11n_13_55,"[[12, 22, 13, 21], [10, 8, 11, 7], [16, 12, 17, 11], [14, 9, 15, 10], [8, 15, 9, 16], [22, 14, 1, 13], [1, 7, 2, 6], [17, 3, 18, 2], [19, 5, 20, 4], [3, 19, 4, 18], [5, 21, 6, 20]]"
11n_13_56,"[[5, 21, 6, 20], [12, 22, 13, 21], [10, 8, 11, 7], [16, 12, 17, 11], [14, 9, 15, 10], [8, 15, 9, 16], [22, 14, 1, 13], [1, 7, 2, 6], [17, 3, 18, 2], [19, 5, 20, 4], [3, 19, 4, 18]]"
11n_13_57,"[[3, 19, 4, 18], [5, 21, 6, 20], [12, 22, 13, 21], [10, 8, 11, 7], [16, 12, 17, 11], [14, 9, 15, 10], [8, 15, 9, 16], [22, 14, 1, 13], [1, 7, 2, 6], [17, 3, 18, 2], [19, 5, 20, 4]]"
11n_13_58,"[[19, 5, 20, 4], [3, 19, 4, 18], [5, 21, 6, 20], [12, 22, 13, 21], [10, 8, 11, 7], [16, 12, 17, 11], [14, 9, 15, 10], [8, 15, 9, 16], [22, 14, 1, 13], [1, 7, 2, 6], [17, 3, 18, 2]]"
11n_13_59,"[[17, 3, 18, 2], [19, 5, 20, 4], [3, 19, 4, 18], [5, 21, 6, 20], [12, 22, 13, 21], [10, 8, 11, 7], [16, 12, 17, 11], [14, 9, 15, 10], [8, 15, 9, 16], [22, 14, 1, 13], [1, 7, 2, 6]]"
11n_13_60,"[[1, 7, 2, 6], [17, 3, 18, 2], [19, 5, 20, 4], [3, 19, 4, 18], [5, 21, 6, 20], [12, 22, 13, 21], [10, 8, 11, 7], [16, 12, 17, 11], [14, 9, 15, 10], [8, 15, 9, 16], [22, 14, 1, 13]]"
11n_13_61,"[[22, 14, 1, 13], [1, 7, 2, 6], [17, 3, 18, 2], [19, 5, 20, 4], [3, 19, 4, 18], [5, 21, 6, 20], [12, 22, 13, 21], [10, 8, 11, 7], [16, 12, 17, 11], [14, 9, 15, 10], [8, 15, 9, 16]]"
11n_13_62,"[[8, 15, 9, 16], [22, 14, 1, 13], [1, 7, 2, 6], [17, 3, 18, 2], [19, 5, 20, 4], [3, 19, 4, 18], [5, 21, 6, 20], [12, 22, 13, 21], [10, 8, 11, 7], [16, 12, 17, 11], [14, 9, 15, 10]]"
11n_13_63,"[[14, 9, 15, 10], [8, 15, 9, 16], [22, 14, 1, 13], [1, 7, 2, 6], [17, 3, 18, 2], [19, 5, 20, 4], [3, 19, 4, 18], [5, 21, 6, 20], [12, 22, 13, 21], [10, 8, 11, 7], [16, 12, 17, 11]]"
11n_13_64,"[[16, 12, 17, 11], [14, 9, 15, 10], [8, 15, 9, 16], [22, 14, 1, 13], [1, 7, 2, 6], [17, 3, 18, 2], [19, 5, 20, 4], [3, 19, 4, 18], [5, 21, 6, 20], [12, 22, 13, 21], [10, 8, 11, 7]]"
11n_13_65,"[[10, 8, 11, 7], [16, 12, 17, 11], [14, 9, 15, 10], [8, 15, 9, 16], [22, 14, 1, 13], [1, 7, 2, 6], [17, 3, 18, 2], [19, 5, 20, 4], [3, 19, 4, 18], [5, 21, 6, 20], [12, 22, 13, 21]]"
11n_13_66,"[[13, 1, 14, 22], [11, 9, 12, 8], [17, 13, 18, 12], [15, 10, 16, 11], [9, 16, 10, 17], [1, 15, 2, 14], [2, 8, 3, 7], [18, 4, 19, 3], [20, 6, 21, 5], [4, 20, 5, 19], [6, 22, 7, 21]]"
11n_13_67,"[[6, 22, 7, 21], [13, 1, 14, 22], [11, 9, 12, 8], [17, 13, 18, 12], [15, 10, 16, 11], [9, 16, 10, 17], [1, 15, 2, 14], [2, 8, 3, 7], [18, 4, 19, 3], [20, 6, 21, 5], [4, 20, 5, 19]]"
11n_13_68,"[[4, 20, 5, 19], [6, 22, 7, 21], [13, 1, 14, 22], [11, 9, 12, 8], [17, 13, 18, 12], [15, 10, 16, 11], [9, 16, 10, 17], [1, 15, 2, 14], [2, 8, 3, 7], [18, 4, 19, 3], [20, 6, 21, 5]]"
11n_13_69,"[[20, 6, 21, 5], [4, 20, 5, 19], [6, 22, 7, 21], [13, 1, 14, 22], [11, 9, 12, 8], [17, 13, 18, 12], [15, 10, 16, 11], [9, 16, 10, 17], [1, 15, 2, 14], [2, 8, 3, 7], [18, 4, 19, 3]]"
11n_13_70,"[[18, 4, 19, 3], [20, 6, 21, 5], [4, 20, 5, 19], [6, 22, 7, 21], [13, 1, 14, 22], [11, 9, 12, 8], [17, 13, 18, 12], [15, 10, 16, 11], [9, 16, 10, 17], [1, 15, 2, 14], [2, 8, 3, 7]]"
11n_13_71,"[[2, 8, 3, 7], [18, 4, 19, 3], [20, 6, 21, 5], [4, 20, 5, 19], [6, 22, 7, 21], [13, 1, 14, 22], [11, 9, 12, 8], [17, 13, 18, 12], [15, 10, 16, 11], [9, 16, 10, 17], [1, 15, 2, 14]]"
11n_13_72,"[[1, 15, 2, 14], [2, 8, 3, 7], [18, 4, 19, 3], [20, 6, 21, 5], [4, 20, 5, 19], [6, 22, 7, 21], [13, 1, 14, 22], [11, 9, 12, 8], [17, 13, 18, 12], [15, 10, 16, 11], [9, 16, 10, 17]]"
11n_13_73,"[[9, 16, 10, 17], [1, 15, 2, 14], [2, 8, 3, 7], [18, 4, 19, 3], [20, 6, 21, 5], [4, 20, 5, 19], [6, 22, 7, 21], [13, 1, 14, 22], [11, 9, 12, 8], [17, 13, 18, 12], [15, 10, 16, 11]]"
11n_13_74,"[[15, 10, 16, 11], [9, 16, 10, 17], [1, 15, 2, 14], [2, 8, 3, 7], [18, 4, 19, 3], [20, 6, 21, 5], [4, 20, 5, 19], [6, 22, 7, 21], [13, 1, 14, 22], [11, 9, 12, 8], [17, 13, 18, 12]]"
11n_13_75,"[[17, 13, 18, 12], [15, 10, 16, 11], [9, 16, 10, 17], [1, 15, 2, 14], [2, 8, 3, 7], [18, 4, 19, 3], [20, 6, 21, 5], [4, 20, 5, 19], [6, 22, 7, 21], [13, 1, 14, 22], [11, 9, 12, 8]]"
11n_13_76,"[[11, 9, 12, 8], [17, 13, 18, 12], [15, 10, 16, 11], [9, 16, 10, 17], [1, 15, 2, 14], [2, 8, 3, 7], [18, 4, 19, 3], [20, 6, 21, 5], [4, 20, 5, 19], [6, 22, 7, 21], [13, 1, 14, 22]]"
11n_13_77,"[[14, 2, 15, 1], [12, 10, 13, 9], [18, 14, 19, 13], [16, 11, 17, 12], [10, 17, 11, 18], [2, 16, 3, 15], [3, 9, 4, 8], [19, 5, 20, 4], [21, 7, 22, 6], [5, 21, 6, 20], [7, 1, 8, 22]]"
11n_13_78,"[[7, 1, 8, 22], [14, 2, 15, 1], [12, 10, 13, 9], [18, 14, 19, 13], [16, 11, 17, 12], [10, 17, 11, 18], [2, 16, 3, 15], [3, 9, 4, 8], [19, 5, 20, 4], [21, 7, 22, 6], [5, 21, 6, 20]]"
11n_13_79,"[[5, 21, 6, 20], [7, 1, 8, 22], [14, 2, 15, 1], [12, 10, 13, 9], [18, 14, 19, 13], [16, 11, 17, 12], [10, 17, 11, 18], [2, 16, 3, 15], [3, 9, 4, 8], [19, 5, 20, 4], [21, 7, 22, 6]]"
11n_13_80,"[[21, 7, 22, 6], [5, 21, 6, 20], [7, 1, 8, 22], [14, 2, 15, 1], [12, 10, 13, 9], [18, 14, 19, 13], [16, 11, 17, 12], [10, 17, 11, 18], [2, 16, 3, 15], [3, 9, 4, 8], [19, 5, 20, 4]]"
11n_13_81,"[[19, 5, 20, 4], [21, 7, 22, 6], [5, 21, 6, 20], [7, 1, 8, 22], [14, 2, 15, 1], [12, 10, 13, 9], [18, 14, 19, 13], [16, 11, 17, 12], [10, 17, 11, 18], [2, 16, 3, 15], [3, 9, 4, 8]]"
11n_13_82,"[[3, 9, 4, 8], [19, 5, 20, 4], [21, 7, 22, 6], [5, 21, 6, 20], [7, 1, 8, 22], [14, 2, 15, 1], [12, 10, 13, 9], [18, 14, 19, 13], [16, 11, 17, 12], [10, 17, 11, 18], [2, 16, 3, 15]]"
11n_13_83,"[[2, 16, 3, 15], [3, 9, 4, 8], [19, 5, 20, 4], [21, 7, 22, 6], [5, 21, 6, 20], [7, 1, 8, 22], [14, 2, 15, 1], [12, 10, 13, 9], [18, 14, 19, 13], [16, 11, 17, 12], [10, 17, 11, 18]]"
11n_13_84,"[[10, 17, 11, 18], [2, 16, 3, 15], [3, 9, 4, 8], [19, 5, 20, 4], [21, 7, 22, 6], [5, 21, 6, 20], [7, 1, 8, 22], [14, 2, 15, 1], [12, 10, 13, 9], [18, 14, 19, 13], [16, 11, 17, 12]]"
11n_13_85,"[[16, 11, 17, 12], [10, 17, 11, 18], [2, 16, 3, 15], [3, 9, 4, 8], [19, 5, 20, 4], [21, 7, 22, 6], [5, 21, 6, 20], [7, 1, 8, 22], [14, 2, 15, 1], [12, 10, 13, 9], [18, 14, 19, 13]]"
11n_13_86,"[[18, 14, 19, 13], [16, 11, 17, 12], [10, 17, 11, 18], [2, 16, 3, 15], [3, 9, 4, 8], [19, 5, 20, 4], [21, 7, 22, 6], [5, 21, 6, 20], [7, 1, 8, 22], [14, 2, 15, 1], [12, 10, 13, 9]]"
11n_13_87,"[[12, 10, 13, 9], [18, 14, 19, 13], [16, 11, 17, 12], [10, 17, 11, 18], [2, 16, 3, 15], [3, 9, 4, 8], [19, 5, 20, 4], [21, 7, 22, 6], [5, 21, 6, 20], [7, 1, 8, 22], [14, 2, 15, 1]]"
11n_13_88,"[[15, 3, 16, 2], [13, 11, 14, 10], [19, 15, 20, 14], [17, 12, 18, 13], [11, 18, 12, 19], [3, 17, 4, 16], [4, 10, 5, 9], [20, 6, 21, 5], [22, 8, 1, 7], [6, 22, 7, 21], [8, 2, 9, 1]]"
11n_13_89,"[[8, 2, 9, 1], [15, 3, 16, 2], [13, 11, 14, 10], [19, 15, 20, 14], [17, 12, 18, 13], [11, 18, 12, 19], [3, 17, 4, 16], [4, 10, 5, 9], [20, 6, 21, 5], [22, 8, 1, 7], [6, 22, 7, 21]]"
11n_13_90,"[[6, 22, 7, 21], [8, 2, 9, 1], [15, 3, 16, 2], [13, 11, 14, 10], [19, 15, 20, 14], [17, 12, 18, 13], [11, 18, 12, 19], [3, 17, 4, 16], [4, 10, 5, 9], [20, 6, 21, 5], [22, 8, 1, 7]]"
11n_13_91,"[[22, 8, 1, 7], [6, 22, 7, 21], [8, 2, 9, 1], [15, 3, 16, 2], [13, 11, 14, 10], [19, 15, 20, 14], [17, 12, 18, 13], [11, 18, 12, 19], [3, 17, 4, 16], [4, 10, 5, 9], [20, 6, 21, 5]]"
11n_13_92,"[[20, 6, 21, 5], [22, 8, 1, 7], [6, 22, 7, 21], [8, 2, 9, 1], [15, 3, 16, 2], [13, 11, 14, 10], [19, 15, 20, 14], [17, 12, 18, 13], [11, 18, 12, 19], [3, 17, 4, 16], [4, 10, 5, 9]]"
11n_13_93,"[[4, 10, 5, 9], [20, 6, 21, 5], [22, 8, 1, 7], [6, 22, 7, 21], [8, 2, 9, 1], [15, 3, 16, 2], [13, 11, 14, 10], [19, 15, 20, 14], [17, 12, 18, 13], [11, 18, 12, 19], [3, 17, 4, 16]]"
11n_13_94,"[[3, 17, 4, 16], [4, 10, 5, 9], [20, 6, 21, 5], [22, 8, 1, 7], [6, 22, 7, 21], [8, 2, 9, 1], [15, 3, 16, 2], [13, 11, 14, 10], [19, 15, 20, 14], [17, 12, 18, 13], [11, 18, 12, 19]]"
11n_13_95,"[[11, 18, 12, 19], [3, 17, 4, 16], [4, 10, 5, 9], [20, 6, 21, 5], [22, 8, 1, 7], [6, 22, 7, 21], [8, 2, 9, 1], [15, 3, 16, 2], [13, 11, 14, 10], [19, 15, 20, 14], [17, 12, 18, 13]]"
11n_13_96,"[[17, 12, 18, 13], [11, 18, 12, 19], [3, 17, 4, 16], [4, 10, 5, 9], [20, 6, 21, 5], [22, 8, 1, 7], [6, 22, 7, 21], [8, 2, 9, 1], [15, 3, 16, 2], [13, 11, 14, 10], [19, 15, 20, 14]]"
11n_13_97,"[[19, 15, 20, 14], [17, 12, 18, 13], [11, 18, 12, 19], [3, 17, 4, 16], [4, 10, 5, 9], [20, 6, 21, 5], [22, 8, 1, 7], [6, 22, 7, 21], [8, 2, 9, 1], [15, 3, 16, 2], [13, 11, 14, 10]]"
11n_13_98,"[[13, 11, 14, 10], [19, 15, 20, 14], [17, 12, 18, 13], [11, 18, 12, 19], [3, 17, 4, 16], [4, 10, 5, 9], [20, 6, 21, 5], [22, 8, 1, 7], [6, 22, 7, 21], [8, 2, 9, 1], [15, 3, 16, 2]]"
11n_13_99,"[[16, 4, 17, 3], [14, 12, 15, 11], [20, 16, 21, 15], [18, 13, 19, 14], [12, 19, 13, 20], [4, 18, 5, 17], [5, 11, 6, 10], [21, 7, 22, 6], [1, 9, 2, 8], [7, 1, 8, 22], [9, 3, 10, 2]]"
11n_13_100,"[[9, 3, 10, 2], [16, 4, 17, 3], [14, 12, 15, 11], [20, 16, 21, 15], [18, 13, 19, 14], [12, 19, 13, 20], [4, 18, 5, 17], [5, 11, 6, 10], [21, 7, 22, 6], [1, 9, 2, 8], [7, 1, 8, 22]]"
11n_13_101,"[[7, 1, 8, 22], [9, 3, 10, 2], [16, 4, 17, 3], [14, 12, 15, 11], [20, 16, 21, 15], [18, 13, 19, 14], [12, 19, 13, 20], [4, 18, 5, 17], [5, 11, 6, 10], [21, 7, 22, 6], [1, 9, 2, 8]]"
11n_13_102,"[[1, 9, 2, 8], [7, 1, 8, 22], [9, 3, 10, 2], [16, 4, 17, 3], [14, 12, 15, 11], [20, 16, 21, 15], [18, 13, 19, 14], [12, 19, 13, 20], [4, 18, 5, 17], [5, 11, 6, 10], [21, 7, 22, 6]]"
11n_13_103,"[[21, 7, 22, 6], [1, 9, 2, 8], [7, 1, 8, 22], [9, 3, 10, 2], [16, 4, 17, 3], [14, 12, 15, 11], [20, 16, 21, 15], [18, 13, 19, 14], [12, 19, 13, 20], [4, 18, 5, 17], [5, 11, 6, 10]]"
11n_13_104,"[[5, 11, 6, 10], [21, 7, 22, 6], [1, 9, 2, 8], [7, 1, 8, 22], [9, 3, 10, 2], [16, 4, 17, 3], [14, 12, 15, 11], [20, 16, 21, 15], [18, 13, 19, 14], [12, 19, 13, 20], [4, 18, 5, 17]]"
11n_13_105,"[[4, 18, 5, 17], [5, 11, 6, 10], [21, 7, 22, 6], [1, 9, 2, 8], [7, 1, 8, 22], [9, 3, 10, 2], [16, 4, 17, 3], [14, 12, 15, 11], [20, 16, 21, 15], [18, 13, 19, 14], [12, 19, 13, 20]]"
11n_13_106,"[[12, 19, 13, 20], [4, 18, 5, 17], [5, 11, 6, 10], [21, 7, 22, 6], [1, 9, 2, 8], [7, 1, 8, 22], [9, 3, 10, 2], [16, 4, 17, 3], [14, 12, 15, 11], [20, 16, 21, 15], [18, 13, 19, 14]]"
11n_13_107,"[[18, 13, 19, 14], [12, 19, 13, 20], [4, 18, 5, 17], [5, 11, 6, 10], [21, 7, 22, 6], [1, 9, 2, 8], [7, 1, 8, 22], [9, 3, 10, 2], [16, 4, 17, 3], [14, 12, 15, 11], [20, 16, 21, 15]]"
11n_13_108,"[[20, 16, 21, 15], [18, 13, 19, 14], [12, 19, 13, 20], [4, 18, 5, 17], [5, 11, 6, 10], [21, 7, 22, 6], [1, 9, 2, 8], [7, 1, 8, 22], [9, 3, 10, 2], [16, 4, 17, 3], [14, 12, 15, 11]]"
11n_13_109,"[[14, 12, 15, 11], [20, 16, 21, 15], [18, 13, 19, 14], [12, 19, 13, 20], [4, 18, 5, 17], [5, 11, 6, 10], [21, 7, 22, 6], [1, 9, 2, 8], [7, 1, 8, 22], [9, 3, 10, 2], [16, 4, 17, 3]]"
11n_13_110,"[[17, 5, 18, 4], [15, 13, 16, 12], [21, 17, 22, 16], [19, 14, 20, 15], [13, 20, 14, 21], [5, 19, 6, 18], [6, 12, 7, 11], [22, 8, 1, 7], [2, 10, 3, 9], [8, 2, 9, 1], [10, 4, 11, 3]]"
11n_13_111,"[[10, 4, 11, 3], [17, 5, 18, 4], [15, 13, 16, 12], [21, 17, 22, 16], [19, 14, 20, 15], [13, 20, 14, 21], [5, 19, 6, 18], [6, 12, 7, 11], [22, 8, 1, 7], [2, 10, 3, 9], [8, 2, 9, 1]]"
11n_13_112,"[[8, 2, 9, 1], [10, 4, 11, 3], [17, 5, 18, 4], [15, 13, 16, 12], [21, 17, 22, 16], [19, 14, 20, 15], [13, 20, 14, 21], [5, 19, 6, 18], [6, 12, 7, 11], [22, 8, 1, 7], [2, 10, 3, 9]]"
11n_13_113,"[[2, 10, 3, 9], [8, 2, 9, 1], [10, 4, 11, 3], [17, 5, 18, 4], [15, 13, 16, 12], [21, 17, 22, 16], [19, 14, 20, 15], [13, 20, 14, 21], [5, 19, 6, 18], [6, 12, 7, 11], [22, 8, 1, 7]]"
11n_13_114,"[[22, 8, 1, 7], [2, 10, 3, 9], [8, 2, 9, 1], [10, 4, 11, 3], [17, 5, 18, 4], [15, 13, 16, 12], [21, 17, 22, 16], [19, 14, 20, 15], [13, 20, 14, 21], [5, 19, 6, 18], [6, 12, 7, 11]]"
11n_13_115,"[[6, 12, 7, 11], [22, 8, 1, 7], [2, 10, 3, 9], [8, 2, 9, 1], [10, 4, 11, 3], [17, 5, 18, 4], [15, 13, 16, 12], [21, 17, 22, 16], [19, 14, 20, 15], [13, 20, 14, 21], [5, 19, 6, 18]]"
11n_13_116,"[[5, 19, 6, 18], [6, 12, 7, 11], [22, 8, 1, 7], [2, 10, 3, 9], [8, 2, 9, 1], [10, 4, 11, 3], [17, 5, 18, 4], [15, 13, 16, 12], [21, 17, 22, 16], [19, 14, 20, 15], [13, 20, 14, 21]]"
11n_13_117,"[[13, 20, 14, 21], [5, 19, 6, 18], [6, 12, 7, 11], [22, 8, 1, 7], [2, 10, 3, 9], [8, 2, 9, 1], [10, 4, 11, 3], [17, 5, 18, 4], [15, 13, 16, 12], [21, 17, 22, 16], [19, 14, 20, 15]]"
11n_13_118,"[[19, 14, 20, 15], [13, 20, 14, 21], [5, 19, 6, 18], [6, 12, 7, 11], [22, 8, 1, 7], [2, 10, 3, 9], [8, 2, 9, 1], [10, 4, 11, 3], [17, 5, 18, 4], [15, 13, 16, 12], [21, 17, 22, 16]]"
11n_13_119,"[[21, 17, 22, 16], [19, 14, 20, 15], [13, 20, 14, 21], [5, 19, 6, 18], [6, 12, 7, 11], [22, 8, 1, 7], [2, 10, 3, 9], [8, 2, 9, 1], [10, 4, 11, 3], [17, 5, 18, 4], [15, 13, 16, 12]]"
11n_13_120,"[[15, 13, 16, 12], [21, 17, 22, 16], [19, 14, 20, 15], [13, 20, 14, 21], [5, 19, 6, 18], [6, 12, 7, 11], [22, 8, 1, 7], [2, 10, 3, 9], [8, 2, 9, 1], [10, 4, 11, 3], [17, 5, 18, 4]]"
11n_13_121,"[[18, 6, 19, 5], [16, 14, 17, 13], [22, 18, 1, 17], [20, 15, 21, 16], [14, 21, 15, 22], [6, 20, 7, 19], [7, 13, 8, 12], [1, 9, 2, 8], [3, 11, 4, 10], [9, 3, 10, 2], [11, 5, 12, 4]]"
11n_13_122,"[[11, 5, 12, 4], [18, 6, 19, 5], [16, 14, 17, 13], [22, 18, 1, 17], [20, 15, 21, 16], [14, 21, 15, 22], [6, 20, 7, 19], [7, 13, 8, 12], [1, 9, 2, 8], [3, 11, 4, 10], [9, 3, 10, 2]]"
11n_13_123,"[[9, 3, 10, 2], [11, 5, 12, 4], [18, 6, 19, 5], [16, 14, 17, 13], [22, 18, 1, 17], [20, 15, 21, 16], [14, 21, 15, 22], [6, 20, 7, 19], [7, 13, 8, 12], [1, 9, 2, 8], [3, 11, 4, 10]]"
11n_13_124,"[[3, 11, 4, 10], [9, 3, 10, 2], [11, 5, 12, 4], [18, 6, 19, 5], [16, 14, 17, 13], [22, 18, 1, 17], [20, 15, 21, 16], [14, 21, 15, 22], [6, 20, 7, 19], [7, 13, 8, 12], [1, 9, 2, 8]]"
11n_13_125,"[[1, 9, 2, 8], [3, 11, 4, 10], [9, 3, 10, 2], [11, 5, 12, 4], [18, 6, 19, 5], [16, 14, 17, 13], [22, 18, 1, 17], [20, 15, 21, 16], [14, 21, 15, 22], [6, 20, 7, 19], [7, 13, 8, 12]]"
11n_13_126,"[[7, 13, 8, 12], [1, 9, 2, 8], [3, 11, 4, 10], [9, 3, 10, 2], [11, 5, 12, 4], [18, 6, 19, 5], [16, 14, 17, 13], [22, 18, 1, 17], [20, 15, 21, 16], [14, 21, 15, 22], [6, 20, 7, 19]]"
11n_13_127,"[[6, 20, 7, 19], [7, 13, 8, 12], [1, 9, 2, 8], [3, 11, 4, 10], [9, 3, 10, 2], [11, 5, 12, 4], [18, 6, 19, 5], [16, 14, 17, 13], [22, 18, 1, 17], [20, 15, 21, 16], [14, 21, 15, 22]]"
11n_13_128,"[[14, 21, 15, 22], [6, 20, 7, 19], [7, 13, 8, 12], [1, 9, 2, 8], [3, 11, 4, 10], [9, 3, 10, 2], [11, 5, 12, 4], [18, 6, 19, 5], [16, 14, 17, 13], [22, 18, 1, 17], [20, 15, 21, 16]]"
11n_13_129,"[[20, 15, 21, 16], [14, 21, 15, 22], [6, 20, 7, 19], [7, 13, 8, 12], [1, 9, 2, 8], [3, 11, 4, 10], [9, 3, 10, 2], [11, 5, 12, 4], [18, 6, 19, 5], [16, 14, 17, 13], [22, 18, 1, 17]]"
11n_13_130,"[[22, 18, 1, 17], [20, 15, 21, 16], [14, 21, 15, 22], [6, 20, 7, 19], [7, 13, 8, 12], [1, 9, 2, 8], [3, 11, 4, 10], [9, 3, 10, 2], [11, 5, 12, 4], [18, 6, 19, 5], [16, 14, 17, 13]]"
11n_13_131,"[[16, 14, 17, 13], [22, 18, 1, 17], [20, 15, 21, 16], [14, 21, 15, 22], [6, 20, 7, 19], [7, 13, 8, 12], [1, 9, 2, 8], [3, 11, 4, 10], [9, 3, 10, 2], [11, 5, 12, 4], [18, 6, 19, 5]]"
11n_13_132,"[[19, 7, 20, 6], [17, 15, 18, 14], [1, 19, 2, 18], [21, 16, 22, 17], [15, 22, 16, 1], [7, 21, 8, 20], [8, 14, 9, 13], [2, 10, 3, 9], [4, 12, 5, 11], [10, 4, 11, 3], [12, 6, 13, 5]]"
11n_13_133,"[[12, 6, 13, 5], [19, 7, 20, 6], [17, 15, 18, 14], [1, 19, 2, 18], [21, 16, 22, 17], [15, 22, 16, 1], [7, 21, 8, 20], [8, 14, 9, 13], [2, 10, 3, 9], [4, 12, 5, 11], [10, 4, 11, 3]]"
11n_13_134,"[[10, 4, 11, 3], [12, 6, 13, 5], [19, 7, 20, 6], [17, 15, 18, 14], [1, 19, 2, 18], [21, 16, 22, 17], [15, 22, 16, 1], [7, 21, 8, 20], [8, 14, 9, 13], [2, 10, 3, 9], [4, 12, 5, 11]]"
11n_13_135,"[[4, 12, 5, 11], [10, 4, 11, 3], [12, 6, 13, 5], [19, 7, 20, 6], [17, 15, 18, 14], [1, 19, 2, 18], [21, 16, 22, 17], [15, 22, 16, 1], [7, 21, 8, 20], [8, 14, 9, 13], [2, 10, 3, 9]]"
11n_13_136,"[[2, 10, 3, 9], [4, 12, 5, 11], [10, 4, 11, 3], [12, 6, 13, 5], [19, 7, 20, 6], [17, 15, 18, 14], [1, 19, 2, 18], [21, 16, 22, 17], [15, 22, 16, 1], [7, 21, 8, 20], [8, 14, 9, 13]]"
11n_13_137,"[[8, 14, 9, 13], [2, 10, 3, 9], [4, 12, 5, 11], [10, 4, 11, 3], [12, 6, 13, 5], [19, 7, 20, 6], [17, 15, 18, 14], [1, 19, 2, 18], [21, 16, 22, 17], [15, 22, 16, 1], [7, 21, 8, 20]]"
11n_13_138,"[[7, 21, 8, 20], [8, 14, 9, 13], [2, 10, 3, 9], [4, 12, 5, 11], [10, 4, 11, 3], [12, 6, 13, 5], [19, 7, 20, 6], [17, 15, 18, 14], [1, 19, 2, 18], [21, 16, 22, 17], [15, 22, 16, 1]]"
11n_13_139,"[[15, 22, 16, 1], [7, 21, 8, 20], [8, 14, 9, 13], [2, 10, 3, 9], [4, 12, 5, 11], [10, 4, 11, 3], [12, 6, 13, 5], [19, 7, 20, 6], [17, 15, 18, 14], [1, 19, 2, 18], [21, 16, 22, 17]]"
11n_13_140,"[[21, 16, 22, 17], [15, 22, 16, 1], [7, 21, 8, 20], [8, 14, 9, 13], [2, 10, 3, 9], [4, 12, 5, 11], [10, 4, 11, 3], [12, 6, 13, 5], [19, 7, 20, 6], [17, 15, 18, 14], [1, 19, 2, 18]]"
11n_13_141,"[[1, 19, 2, 18], [21, 16, 22, 17], [15, 22, 16, 1], [7, 21, 8, 20], [8, 14, 9, 13], [2, 10, 3, 9], [4, 12, 5, 11], [10, 4, 11, 3], [12, 6, 13, 5], [19, 7, 20, 6], [17, 15, 18, 14]]"
11n_13_142,"[[17, 15, 18, 14], [1, 19, 2, 18], [21, 16, 22, 17], [15, 22, 16, 1], [7, 21, 8, 20], [8, 14, 9, 13], [2, 10, 3, 9], [4, 12, 5, 11], [10, 4, 11, 3], [12, 6, 13, 5], [19, 7, 20, 6]]"
11n_13_143,"[[20, 8, 21, 7], [18, 16, 19, 15], [2, 20, 3, 19], [22, 17, 1, 18], [16, 1, 17, 2], [8, 22, 9, 21], [9, 15, 10, 14], [3, 11, 4, 10], [5, 13, 6, 12], [11, 5, 12, 4], [13, 7, 14, 6]]"
11n_13_144,"[[13, 7, 14, 6], [20, 8, 21, 7], [18, 16, 19, 15], [2, 20, 3, 19], [22, 17, 1, 18], [16, 1, 17, 2], [8, 22, 9, 21], [9, 15, 10, 14], [3, 11, 4, 10], [5, 13, 6, 12], [11, 5, 12, 4]]"
11n_13_145,"[[11, 5, 12, 4], [13, 7, 14, 6], [20, 8, 21, 7], [18, 16, 19, 15], [2, 20, 3, 19], [22, 17, 1, 18], [16, 1, 17, 2], [8, 22, 9, 21], [9, 15, 10, 14], [3, 11, 4, 10], [5, 13, 6, 12]]"
11n_13_146,"[[5, 13, 6, 12], [11, 5, 12, 4], [13, 7, 14, 6], [20, 8, 21, 7], [18, 16, 19, 15], [2, 20, 3, 19], [22, 17, 1, 18], [16, 1, 17, 2], [8, 22, 9, 21], [9, 15, 10, 14], [3, 11, 4, 10]]"
11n_13_147,"[[3, 11, 4, 10], [5, 13, 6, 12], [11, 5, 12, 4], [13, 7, 14, 6], [20, 8, 21, 7], [18, 16, 19, 15], [2, 20, 3, 19], [22, 17, 1, 18], [16, 1, 17, 2], [8, 22, 9, 21], [9, 15, 10, 14]]"
11n_13_148,"[[9, 15, 10, 14], [3, 11, 4, 10], [5, 13, 6, 12], [11, 5, 12, 4], [13, 7, 14, 6], [20, 8, 21, 7], [18, 16, 19, 15], [2, 20, 3, 19], [22, 17, 1, 18], [16, 1, 17, 2], [8, 22, 9, 21]]"
11n_13_149,"[[8, 22, 9, 21], [9, 15, 10, 14], [3, 11, 4, 10], [5, 13, 6, 12], [11, 5, 12, 4], [13, 7, 14, 6], [20, 8, 21, 7], [18, 16, 19, 15], [2, 20, 3, 19], [22, 17, 1, 18], [16, 1, 17, 2]]"
11n_13_150,"[[16, 1, 17, 2], [8, 22, 9, 21], [9, 15, 10, 14], [3, 11, 4, 10], [5, 13, 6, 12], [11, 5, 12, 4], [13, 7, 14, 6], [20, 8, 21, 7], [18, 16, 19, 15], [2, 20, 3, 19], [22, 17, 1, 18]]"
11n_13_151,"[[22, 17, 1, 18], [16, 1, 17, 2], [8, 22, 9, 21], [9, 15, 10, 14], [3, 11, 4, 10], [5, 13, 6, 12], [11, 5, 12, 4], [13, 7, 14, 6], [20, 8, 21, 7], [18, 16, 19, 15], [2, 20, 3, 19]]"
11n_13_152,"[[2, 20, 3, 19], [22, 17, 1, 18], [16, 1, 17, 2], [8, 22, 9, 21], [9, 15, 10, 14], [3, 11, 4, 10], [5, 13, 6, 12], [11, 5, 12, 4], [13, 7, 14, 6], [20, 8, 21, 7], [18, 16, 19, 15]]"
11n_13_153,"[[18, 16, 19, 15], [2, 20, 3, 19], [22, 17, 1, 18], [16, 1, 17, 2], [8, 22, 9, 21], [9, 15, 10, 14], [3, 11, 4, 10], [5, 13, 6, 12], [11, 5, 12, 4], [13, 7, 14, 6], [20, 8, 21, 7]]"
11n_13_154,"[[21, 9, 22, 8], [19, 17, 20, 16], [3, 21, 4, 20], [1, 18, 2, 19], [17, 2, 18, 3], [9, 1, 10, 22], [10, 16, 11, 15], [4, 12, 5, 11], [6, 14, 7, 13], [12, 6, 13, 5], [14, 8, 15, 7]]"
11n_13_155,"[[14, 8, 15, 7], [21, 9, 22, 8], [19, 17, 20, 16], [3, 21, 4, 20], [1, 18, 2, 19], [17, 2, 18, 3], [9, 1, 10, 22], [10, 16, 11, 15], [4, 12, 5, 11], [6, 14, 7, 13], [12, 6, 13, 5]]"
11n_13_156,"[[12, 6, 13, 5], [14, 8, 15, 7], [21, 9, 22, 8], [19, 17, 20, 16], [3, 21, 4, 20], [1, 18, 2, 19], [17, 2, 18, 3], [9, 1, 10, 22], [10, 16, 11, 15], [4, 12, 5, 11], [6, 14, 7, 13]]"
11n_13_157,"[[6, 14, 7, 13], [12, 6, 13, 5], [14, 8, 15, 7], [21, 9, 22, 8], [19, 17, 20, 16], [3, 21, 4, 20], [1, 18, 2, 19], [17, 2, 18, 3], [9, 1, 10, 22], [10, 16, 11, 15], [4, 12, 5, 11]]"
11n_13_158,"[[4, 12, 5, 11], [6, 14, 7, 13], [12, 6, 13, 5], [14, 8, 15, 7], [21, 9, 22, 8], [19, 17, 20, 16], [3, 21, 4, 20], [1, 18, 2, 19], [17, 2, 18, 3], [9, 1, 10, 22], [10, 16, 11, 15]]"
11n_13_159,"[[10, 16, 11, 15], [4, 12, 5, 11], [6, 14, 7, 13], [12, 6, 13, 5], [14, 8, 15, 7], [21, 9, 22, 8], [19, 17, 20, 16], [3, 21, 4, 20], [1, 18, 2, 19], [17, 2, 18, 3], [9, 1, 10, 22]]"
11n_13_160,"[[9, 1, 10, 22], [10, 16, 11, 15], [4, 12, 5, 11], [6, 14, 7, 13], [12, 6, 13, 5], [14, 8, 15, 7], [21, 9, 22, 8], [19, 17, 20, 16], [3, 21, 4, 20], [1, 18, 2, 19], [17, 2, 18, 3]]"
11n_13_161,"[[17, 2, 18, 3], [9, 1, 10, 22], [10, 16, 11, 15], [4, 12, 5, 11], [6, 14, 7, 13], [12, 6, 13, 5], [14, 8, 15, 7], [21, 9, 22, 8], [19, 17, 20, 16], [3, 21, 4, 20], [1, 18, 2, 19]]"
11n_13_162,"[[1, 18, 2, 19], [17, 2, 18, 3], [9, 1, 10, 22], [10, 16, 11, 15], [4, 12, 5, 11], [6, 14, 7, 13], [12, 6, 13, 5], [14, 8, 15, 7], [21, 9, 22, 8], [19, 17, 20, 16], [3, 21, 4, 20]]"
11n_13_163,"[[3, 21, 4, 20], [1, 18, 2, 19], [17, 2, 18, 3], [9, 1, 10, 22], [10, 16, 11, 15], [4, 12, 5, 11], [6, 14, 7, 13], [12, 6, 13, 5], [14, 8, 15, 7], [21, 9, 22, 8], [19, 17, 20, 16]]"
11n_13_164,"[[19, 17, 20, 16], [3, 21, 4, 20], [1, 18, 2, 19], [17, 2, 18, 3], [9, 1, 10, 22], [10, 16, 11, 15], [4, 12, 5, 11], [6, 14, 7, 13], [12, 6, 13, 5], [14, 8, 15, 7], [21, 9, 22, 8]]"
11n_13_165,"[[22, 10, 1, 9], [20, 18, 21, 17], [4, 22, 5, 21], [2, 19, 3, 20], [18, 3, 19, 4], [10, 2, 11, 1], [11, 17, 12, 16], [5, 13, 6, 12], [7, 15, 8, 14], [13, 7, 14, 6], [15, 9, 16, 8]]"
11n_13_166,"[[15, 9, 16, 8], [22, 10, 1, 9], [20, 18, 21, 17], [4, 22, 5, 21], [2, 19, 3, 20], [18, 3, 19, 4], [10, 2, 11, 1], [11, 17, 12, 16], [5, 13, 6, 12], [7, 15, 8, 14], [13, 7, 14, 6]]"
11n_13_167,"[[13, 7, 14, 6], [15, 9, 16, 8], [22, 10, 1, 9], [20, 18, 21, 17], [4, 22, 5, 21], [2, 19, 3, 20], [18, 3, 19, 4], [10, 2, 11, 1], [11, 17, 12, 16], [5, 13, 6, 12], [7, 15, 8, 14]]"
11n_13_168,"[[7, 15, 8, 14], [13, 7, 14, 6], [15, 9, 16, 8], [22, 10, 1, 9], [20, 18, 21, 17], [4, 22, 5, 21], [2, 19, 3, 20], [18, 3, 19, 4], [10, 2, 11, 1], [11, 17, 12, 16], [5, 13, 6, 12]]"
11n_13_169,"[[5, 13, 6, 12], [7, 15, 8, 14], [13, 7, 14, 6], [15, 9, 16, 8], [22, 10, 1, 9], [20, 18, 21, 17], [4, 22, 5, 21], [2, 19, 3, 20], [18, 3, 19, 4], [10, 2, 11, 1], [11, 17, 12, 16]]"
11n_13_170,"[[11, 17, 12, 16], [5, 13, 6, 12], [7, 15, 8, 14], [13, 7, 14, 6], [15, 9, 16, 8], [22, 10, 1, 9], [20, 18, 21, 17], [4, 22, 5, 21], [2, 19, 3, 20], [18, 3, 19, 4], [10, 2, 11, 1]]"
11n_13_171,"[[10, 2, 11, 1], [11, 17, 12, 16], [5, 13, 6, 12], [7, 15, 8, 14], [13, 7, 14, 6], [15, 9, 16, 8], [22, 10, 1, 9], [20, 18, 21, 17], [4, 22, 5, 21], [2, 19, 3, 20], [18, 3, 19, 4]]"
11n_13_172,"[[18, 3, 19, 4], [10, 2, 11, 1], [11, 17, 12, 16], [5, 13, 6, 12], [7, 15, 8, 14], [13, 7, 14, 6], [15, 9, 16, 8], [22, 10, 1, 9], [20, 18, 21, 17], [4, 22, 5, 21], [2, 19, 3, 20]]"
11n_13_173,"[[2, 19, 3, 20], [18, 3, 19, 4], [10, 2, 11, 1], [11, 17, 12, 16], [5, 13, 6, 12], [7, 15, 8, 14], [13, 7, 14, 6], [15, 9, 16, 8], [22, 10, 1, 9], [20, 18, 21, 17], [4, 22, 5, 21]]"
11n_13_174,"[[4, 22, 5, 21], [2, 19, 3, 20], [18, 3, 19, 4], [10, 2, 11, 1], [11, 17, 12, 16], [5, 13, 6, 12], [7, 15, 8, 14], [13, 7, 14, 6], [15, 9, 16, 8], [22, 10, 1, 9], [20, 18, 21, 17]]"
11n_13_175,"[[20, 18, 21, 17], [4, 22, 5, 21], [2, 19, 3, 20], [18, 3, 19, 4], [10, 2, 11, 1], [11, 17, 12, 16], [5, 13, 6, 12], [7, 15, 8, 14], [13, 7, 14, 6], [15, 9, 16, 8], [22, 10, 1, 9]]"
11n_13_176,"[[1, 11, 2, 10], [21, 19, 22, 18], [5, 1, 6, 22], [3, 20, 4, 21], [19, 4, 20, 5], [11, 3, 12, 2], [12, 18, 13, 17], [6, 14, 7, 13], [8, 16, 9, 15], [14, 8, 15, 7], [16, 10, 17, 9]]"
11n_13_177,"[[16, 10, 17, 9], [1, 11, 2, 10], [21, 19, 22, 18], [5, 1, 6, 22], [3, 20, 4, 21], [19, 4, 20, 5], [11, 3, 12, 2], [12, 18, 13, 17], [6, 14, 7, 13], [8, 16, 9, 15], [14, 8, 15, 7]]"
11n_13_178,"[[14, 8, 15, 7], [16, 10, 17, 9], [1, 11, 2, 10], [21, 19, 22, 18], [5, 1, 6, 22], [3, 20, 4, 21], [19, 4, 20, 5], [11, 3, 12, 2], [12, 18, 13, 17], [6, 14, 7, 13], [8, 16, 9, 15]]"
11n_13_179,"[[8, 16, 9, 15], [14, 8, 15, 7], [16, 10, 17, 9], [1, 11, 2, 10], [21, 19, 22, 18], [5, 1, 6, 22], [3, 20, 4, 21], [19, 4, 20, 5], [11, 3, 12, 2], [12, 18, 13, 17], [6, 14, 7, 13]]"
11n_13_180,"[[6, 14, 7, 13], [8, 16, 9, 15], [14, 8, 15, 7], [16, 10, 17, 9], [1, 11, 2, 10], [21, 19, 22, 18], [5, 1, 6, 22], [3, 20, 4, 21], [19, 4, 20, 5], [11, 3, 12, 2], [12, 18, 13, 17]]"
11n_13_181,"[[12, 18, 13, 17], [6, 14, 7, 13], [8, 16, 9, 15], [14, 8, 15, 7], [16, 10, 17, 9], [1, 11, 2, 10], [21, 19, 22, 18], [5, 1, 6, 22], [3, 20, 4, 21], [19, 4, 20, 5], [11, 3, 12, 2]]"
11n_13_182,"[[11, 3, 12, 2], [12, 18, 13, 17], [6, 14, 7, 13], [8, 16, 9, 15], [14, 8, 15, 7], [16, 10, 17, 9], [1, 11, 2, 10], [21, 19, 22, 18], [5, 1, 6, 22], [3, 20, 4, 21], [19, 4, 20, 5]]"
11n_13_183,"[[19, 4, 20, 5], [11, 3, 12, 2], [12, 18, 13, 17], [6, 14, 7, 13], [8, 16, 9, 15], [14, 8, 15, 7], [16, 10, 17, 9], [1, 11, 2, 10], [21, 19, 22, 18], [5, 1, 6, 22], [3, 20, 4, 21]]"
11n_13_184,"[[3, 20, 4, 21], [19, 4, 20, 5], [11, 3, 12, 2], [12, 18, 13, 17], [6, 14, 7, 13], [8, 16, 9, 15], [14, 8, 15, 7], [16, 10, 17, 9], [1, 11, 2, 10], [21, 19, 22, 18], [5, 1, 6, 22]]"
11n_13_185,"[[5, 1, 6, 22], [3, 20, 4, 21], [19, 4, 20, 5], [11, 3, 12, 2], [12, 18, 13, 17], [6, 14, 7, 13], [8, 16, 9, 15], [14, 8, 15, 7], [16, 10, 17, 9], [1, 11, 2, 10], [21, 19, 22, 18]]"
11n_13_186,"[[21, 19, 22, 18], [5, 1, 6, 22], [3, 20, 4, 21], [19, 4, 20, 5], [11, 3, 12, 2], [12, 18, 13, 17], [6, 14, 7, 13], [8, 16, 9, 15], [14, 8, 15, 7], [16, 10, 17, 9], [1, 11, 2, 10]]"
11n_13_187,"[[2, 12, 3, 11], [22, 20, 1, 19], [6, 2, 7, 1], [4, 21, 5, 22], [20, 5, 21, 6], [12, 4, 13, 3], [13, 19, 14, 18], [7, 15, 8, 14], [9, 17, 10, 16], [15, 9, 16, 8], [17, 11, 18, 10]]"
11n_13_188,"[[17, 11, 18, 10], [2, 12, 3, 11], [22, 20, 1, 19], [6, 2, 7, 1], [4, 21, 5, 22], [20, 5, 21, 6], [12, 4, 13, 3], [13, 19, 14, 18], [7, 15, 8, 14], [9, 17, 10, 16], [15, 9, 16, 8]]"
11n_13_189,"[[15, 9, 16, 8], [17, 11, 18, 10], [2, 12, 3, 11], [22, 20, 1, 19], [6, 2, 7, 1], [4, 21, 5, 22], [20, 5, 21, 6], [12, 4, 13, 3], [13, 19, 14, 18], [7, 15, 8, 14], [9, 17, 10, 16]]"
11n_13_190,"[[9, 17, 10, 16], [15, 9, 16, 8], [17, 11, 18, 10], [2, 12, 3, 11], [22, 20, 1, 19], [6, 2, 7, 1], [4, 21, 5, 22], [20, 5, 21, 6], [12, 4, 13, 3], [13, 19, 14, 18], [7, 15, 8, 14]]"
11n_13_191,"[[7, 15, 8, 14], [9, 17, 10, 16], [15, 9, 16, 8], [17, 11, 18, 10], [2, 12, 3, 11], [22, 20, 1, 19], [6, 2, 7, 1], [4, 21, 5, 22], [20, 5, 21, 6], [12, 4, 13, 3], [13, 19, 14, 18]]"
11n_13_192,"[[13, 19, 14, 18], [7, 15, 8, 14], [9, 17, 10, 16], [15, 9, 16, 8], [17, 11, 18, 10], [2, 12, 3, 11], [22, 20, 1, 19], [6, 2, 7, 1], [4, 21, 5, 22], [20, 5, 21, 6], [12, 4, 13, 3]]"
11n_13_193,"[[12, 4, 13, 3], [13, 19, 14, 18], [7, 15, 8, 14], [9, 17, 10, 16], [15, 9, 16, 8], [17, 11, 18, 10], [2, 12, 3, 11], [22, 20, 1, 19], [6, 2, 7, 1], [4, 21, 5, 22], [20, 5, 21, 6]]"
11n_13_194,"[[20, 5, 21, 6], [12, 4, 13, 3], [13, 19, 14, 18], [7, 15, 8, 14], [9, 17, 10, 16], [15, 9, 16, 8], [17, 11, 18, 10], [2, 12, 3, 11], [22, 20, 1, 19], [6, 2, 7, 1], [4, 21, 5, 22]]"
11n_13_195,"[[4, 21, 5, 22], [20, 5, 21, 6], [12, 4, 13, 3], [13, 19, 14, 18], [7, 15, 8, 14], [9, 17, 10, 16], [15, 9, 16, 8], [17, 11, 18, 10], [2, 12, 3, 11], [22, 20, 1, 19], [6, 2, 7, 1]]"
11n_13_196,"[[6, 2, 7, 1], [4, 21, 5, 22], [20, 5, 21, 6], [12, 4, 13, 3], [13, 19, 14, 18], [7, 15, 8, 14], [9, 17, 10, 16], [15, 9, 16, 8], [17, 11, 18, 10], [2, 12, 3, 11], [22, 20, 1, 19]]"
11n_13_197,"[[22, 20, 1, 19], [6, 2, 7, 1], [4, 21, 5, 22], [20, 5, 21, 6], [12, 4, 13, 3], [13, 19, 14, 18], [7, 15, 8, 14], [9, 17, 10, 16], [15, 9, 16, 8], [17, 11, 18, 10], [2, 12, 3, 11]]"
11n_13_198,"[[3, 13, 4, 12], [1, 21, 2, 20], [7, 3, 8, 2], [5, 22, 6, 1], [21, 6, 22, 7], [13, 5, 14, 4], [14, 20, 15, 19], [8, 16, 9, 15], [10, 18, 11, 17], [16, 10, 17, 9], [18, 12, 19, 11]]"
11n_13_199,"[[18, 12, 19, 11], [3, 13, 4, 12], [1, 21, 2, 20], [7, 3, 8, 2], [5, 22, 6, 1], [21, 6, 22, 7], [13, 5, 14, 4], [14, 20, 15, 19], [8, 16, 9, 15], [10, 18, 11, 17], [16, 10, 17, 9]]"
11n_13_200,"[[16, 10, 17, 9], [18, 12, 19, 11], [3, 13, 4, 12], [1, 21, 2, 20], [7, 3, 8, 2], [5, 22, 6, 1], [21, 6, 22, 7], [13, 5, 14, 4], [14, 20, 15, 19], [8, 16, 9, 15], [10, 18, 11, 17]]"
11n_13_201,"[[10, 18, 11, 17], [16, 10, 17, 9], [18, 12, 19, 11], [3, 13, 4, 12], [1, 21, 2, 20], [7, 3, 8, 2], [5, 22, 6, 1], [21, 6, 22, 7], [13, 5, 14, 4], [14, 20, 15, 19], [8, 16, 9, 15]]"
11n_13_202,"[[8, 16, 9, 15], [10, 18, 11, 17], [16, 10, 17, 9], [18, 12, 19, 11], [3, 13, 4, 12], [1, 21, 2, 20], [7, 3, 8, 2], [5, 22, 6, 1], [21, 6, 22, 7], [13, 5, 14, 4], [14, 20, 15, 19]]"
11n_13_203,"[[14, 20, 15, 19], [8, 16, 9, 15], [10, 18, 11, 17], [16, 10, 17, 9], [18, 12, 19, 11], [3, 13, 4, 12], [1, 21, 2, 20], [7, 3, 8, 2], [5, 22, 6, 1], [21, 6, 22, 7], [13, 5, 14, 4]]"
11n_13_204,"[[13, 5, 14, 4], [14, 20, 15, 19], [8, 16, 9, 15], [10, 18, 11, 17], [16, 10, 17, 9], [18, 12, 19, 11], [3, 13, 4, 12], [1, 21, 2, 20], [7, 3, 8, 2], [5, 22, 6, 1], [21, 6, 22, 7]]"
