name,pd_notation
11n_67_0,"[[3, 9, 4, 8], [5, 3, 6, 2], [9, 5, 10, 4], [12, 18, 13, 17], [15, 6, 16, 7], [7, 16, 8, 17], [10, 20, 11, 19], [18, 12, 19, 11], [20, 2, 21, 1], [14, 21, 15, 22], [22, 13, 1, 14]]"
11n_67_1,"[[22, 13, 1, 14], [3, 9, 4, 8], [5, 3, 6, 2], [9, 5, 10, 4], [12, 18, 13, 17], [15, 6, 16, 7], [7, 16, 8, 17], [10, 20, 11, 19], [18, 12, 19, 11], [20, 2, 21, 1], [14, 21, 15, 22]]"
11n_67_2,"[[14, 21, 15, 22], [22, 13, 1, 14], [3, 9, 4, 8], [5, 3, 6, 2], [9, 5, 10, 4], [12, 18, 13, 17], [15, 6, 16, 7], [7, 16, 8, 17], [10, 20, 11, 19], [18, 12, 19, 11], [20, 2, 21, 1]]"
11n_67_3,"[[20, 2, 21, 1], [14, 21, 15, 22], [22, 13, 1, 14], [3, 9, 4, 8], [5, 3, 6, 2], [9, 5, 10, 4], [12, 18, 13, 17], [15, 6, 16, 7], [7, 16, 8, 17], [10, 20, 11, 19], [18, 12, 19, 11]]"
11n_67_4,"[[18, 12, 19, 11], [20, 2, 21, 1], [14, 21, 15, 22], [22, 13, 1, 14], [3, 9, 4, 8], [5, 3, 6, 2], [9, 5, 10, 4], [12, 18, 13, 17], [15, 6, 16, 7], [7, 16, 8, 17], [10, 20, 11, 19]]"
11n_67_5,"[[10, 20, 11, 19], [18, 12, 19, 11], [20, 2, 21, 1], [14, 21, 15, 22], [22, 13, 1, 14], [3, 9, 4, 8], [5, 3, 6, 2], [9, 5, 10, 4], [12, 18, 13, 17], [15, 6, 16, 7], [7, 16, 8, 17]]"
11n_67_6,"[[7, 16, 8, 17], [10, 20, 11, 19], [18, 12, 19, 11], [20, 2, 21, 1], [14, 21, 15, 22], [22, 13, 1, 14], [3, 9, 4, 8], [5, 3, 6, 2], [9, 5, 10, 4], [12, 18, 13, 17], [15, 6, 16, 7]]"
11n_67_7,"[[15, 6, 16, 7], [7, 16, 8, 17], [10, 20, 11, 19], [18, 12, 19, 11], [20, 2, 21, 1], [14, 21, 15, 22], [22, 13, 1, 14], [3, 9, 4, 8], [5, 3, 6, 2], [9, 5, 10, 4], [12, 18, 13, 17]]"
11n_67_8,"[[12, 18, 13, 17], [15, 6, 16, 7], [7, 16, 8, 17], [10, 20, 11, 19], [18, 12, 19, 11], [20, 2, 21, 1], [14, 21, 15, 22], [22, 13, 1, 14], [3, 9, 4, 8], [5, 3, 6, 2], [9, 5, 10, 4]]"
11n_67_9,"[[9, 5, 10, 4], [12, 18, 13, 17], [15, 6, 16, 7], [7, 16, 8, 17], [10, 20, 11, 19], [18, 12, 19, 11], [20, 2, 21, 1], [14, 21, 15, 22], [22, 13, 1, 14], [3, 9, 4, 8], [5, 3, 6, 2]]"
11n_67_10,"[[5, 3, 6, 2], [9, 5, 10, 4], [12, 18, 13, 17], [15, 6, 16, 7], [7, 16, 8, 17], [10, 20, 11, 19], [18, 12, 19, 11], [20, 2, 21, 1], [14, 21, 15, 22], [22, 13, 1, 14], [3, 9, 4, 8]]"
11n_67_11,"[[4, 10, 5, 9], [6, 4, 7, 3], [10, 6, 11, 5], [13, 19, 14, 18], [16, 7, 17, 8], [8, 17, 9, 18], [11, 21, 12, 20], [19, 13, 20, 12], [21, 3, 22, 2], [15, 22, 16, 1], [1, 14, 2, 15]]"
11n_67_12,"[[1, 14, 2, 15], [4, 10, 5, 9], [6, 4, 7, 3], [10, 6, 11, 5], [13, 19, 14, 18], [16, 7, 17, 8], [8, 17, 9, 18], [11, 21, 12, 20], [19, 13, 20, 12], [21, 3, 22, 2], [15, 22, 16, 1]]"
11n_67_13,"[[15, 22, 16, 1], [1, 14, 2, 15], [4, 10, 5, 9], [6, 4, 7, 3], [10, 6, 11, 5], [13, 19, 14, 18], [16, 7, 17, 8], [8, 17, 9, 18], [11, 21, 12, 20], [19, 13, 20, 12], [21, 3, 22, 2]]"
11n_67_14,"[[21, 3, 22, 2], [15, 22, 16, 1], [1, 14, 2, 15], [4, 10, 5, 9], [6, 4, 7, 3], [10, 6, 11, 5], [13, 19, 14, 18], [16, 7, 17, 8], [8, 17, 9, 18], [11, 21, 12, 20], [19, 13, 20, 12]]"
11n_67_15,"[[19, 13, 20, 12], [21, 3, 22, 2], [15, 22, 16, 1], [1, 14, 2, 15], [4, 10, 5, 9], [6, 4, 7, 3], [10, 6, 11, 5], [13, 19, 14, 18], [16, 7, 17, 8], [8, 17, 9, 18], [11, 21, 12, 20]]"
11n_67_16,"[[11, 21, 12, 20], [19, 13, 20, 12], [21, 3, 22, 2], [15, 22, 16, 1], [1, 14, 2, 15], [4, 10, 5, 9], [6, 4, 7, 3], [10, 6, 11, 5], [13, 19, 14, 18], [16, 7, 17, 8], [8, 17, 9, 18]]"
11n_67_17,"[[8, 17, 9, 18], [11, 21, 12, 20], [19, 13, 20, 12], [21, 3, 22, 2], [15, 22, 16, 1], [1, 14, 2, 15], [4, 10, 5, 9], [6, 4, 7, 3], [10, 6, 11, 5], [13, 19, 14, 18], [16, 7, 17, 8]]"
11n_67_18,"[[16, 7, 17, 8], [8, 17, 9, 18], [11, 21, 12, 20], [19, 13, 20, 12], [21, 3, 22, 2], [15, 22, 16, 1], [1, 14, 2, 15], [4, 10, 5, 9], [6, 4, 7, 3], [10, 6, 11, 5], [13, 19, 14, 18]]"
11n_67_19,"[[13, 19, 14, 18], [16, 7, 17, 8], [8, 17, 9, 18], [11, 21, 12, 20], [19, 13, 20, 12], [21, 3, 22, 2], [15, 22, 16, 1], [1, 14, 2, 15], [4, 10, 5, 9], [6, 4, 7, 3], [10, 6, 11, 5]]"
11n_67_20,"[[10, 6, 11, 5], [13, 19, 14, 18], [16, 7, 17, 8], [8, 17, 9, 18], [11, 21, 12, 20], [19, 13, 20, 12], [21, 3, 22, 2], [15, 22, 16, 1], [1, 14, 2, 15], [4, 10, 5, 9], [6, 4, 7, 3]]"
11n_67_21,"[[6, 4, 7, 3], [10, 6, 11, 5], [13, 19, 14, 18], [16, 7, 17, 8], [8, 17, 9, 18], [11, 21, 12, 20], [19, 13, 20, 12], [21, 3, 22, 2], [15, 22, 16, 1], [1, 14, 2, 15], [4, 10, 5, 9]]"
11n_67_22,"[[5, 11, 6, 10], [7, 5, 8, 4], [11, 7, 12, 6], [14, 20, 15, 19], [17, 8, 18, 9], [9, 18, 10, 19], [12, 22, 13, 21], [20, 14, 21, 13], [22, 4, 1, 3], [16, 1, 17, 2], [2, 15, 3, 16]]"
11n_67_23,"[[2, 15, 3, 16], [5, 11, 6, 10], [7, 5, 8, 4], [11, 7, 12, 6], [14, 20, 15, 19], [17, 8, 18, 9], [9, 18, 10, 19], [12, 22, 13, 21], [20, 14, 21, 13], [22, 4, 1, 3], [16, 1, 17, 2]]"
11n_67_24,"[[16, 1, 17, 2], [2, 15, 3, 16], [5, 11, 6, 10], [7, 5, 8, 4], [11, 7, 12, 6], [14, 20, 15, 19], [17, 8, 18, 9], [9, 18, 10, 19], [12, 22, 13, 21], [20, 14, 21, 13], [22, 4, 1, 3]]"
11n_67_25,"[[22, 4, 1, 3], [16, 1, 17, 2], [2, 15, 3, 16], [5, 11, 6, 10], [7, 5, 8, 4], [11, 7, 12, 6], [14, 20, 15, 19], [17, 8, 18, 9], [9, 18, 10, 19], [12, 22, 13, 21], [20, 14, 21, 13]]"
11n_67_26,"[[20, 14, 21, 13], [22, 4, 1, 3], [16, 1, 17, 2], [2, 15, 3, 16], [5, 11, 6, 10], [7, 5, 8, 4], [11, 7, 12, 6], [14, 20, 15, 19], [17, 8, 18, 9], [9, 18, 10, 19], [12, 22, 13, 21]]"
11n_67_27,"[[12, 22, 13, 21], [20, 14, 21, 13], [22, 4, 1, 3], [16, 1, 17, 2], [2, 15, 3, 16], [5, 11, 6, 10], [7, 5, 8, 4], [11, 7, 12, 6], [14, 20, 15, 19], [17, 8, 18, 9], [9, 18, 10, 19]]"
11n_67_28,"[[9, 18, 10, 19], [12, 22, 13, 21], [20, 14, 21, 13], [22, 4, 1, 3], [16, 1, 17, 2], [2, 15, 3, 16], [5, 11, 6, 10], [7, 5, 8, 4], [11, 7, 12, 6], [14, 20, 15, 19], [17, 8, 18, 9]]"
11n_67_29,"[[17, 8, 18, 9], [9, 18, 10, 19], [12, 22, 13, 21], [20, 14, 21, 13], [22, 4, 1, 3], [16, 1, 17, 2], [2, 15, 3, 16], [5, 11, 6, 10], [7, 5, 8, 4], [11, 7, 12, 6], [14, 20, 15, 19]]"
11n_67_30,"[[14, 20, 15, 19], [17, 8, 18, 9], [9, 18, 10, 19], [12, 22, 13, 21], [20, 14, 21, 13], [22, 4, 1, 3], [16, 1, 17, 2], [2, 15, 3, 16], [5, 11, 6, 10], [7, 5, 8, 4], [11, 7, 12, 6]]"
11n_67_31,"[[11, 7, 12, 6], [14, 20, 15, 19], [17, 8, 18, 9], [9, 18, 10, 19], [12, 22, 13, 21], [20, 14, 21, 13], [22, 4, 1, 3], [16, 1, 17, 2], [2, 15, 3, 16], [5, 11, 6, 10], [7, 5, 8, 4]]"
11n_67_32,"[[7, 5, 8, 4], [11, 7, 12, 6], [14, 20, 15, 19], [17, 8, 18, 9], [9, 18, 10, 19], [12, 22, 13, 21], [20, 14, 21, 13], [22, 4, 1, 3], [16, 1, 17, 2], [2, 15, 3, 16], [5, 11, 6, 10]]"
11n_67_33,"[[6, 12, 7, 11], [8, 6, 9, 5], [12, 8, 13, 7], [15, 21, 16, 20], [18, 9, 19, 10], [10, 19, 11, 20], [13, 1, 14, 22], [21, 15, 22, 14], [1, 5, 2, 4], [17, 2, 18, 3], [3, 16, 4, 17]]"
11n_67_34,"[[3, 16, 4, 17], [6, 12, 7, 11], [8, 6, 9, 5], [12, 8, 13, 7], [15, 21, 16, 20], [18, 9, 19, 10], [10, 19, 11, 20], [13, 1, 14, 22], [21, 15, 22, 14], [1, 5, 2, 4], [17, 2, 18, 3]]"
11n_67_35,"[[17, 2, 18, 3], [3, 16, 4, 17], [6, 12, 7, 11], [8, 6, 9, 5], [12, 8, 13, 7], [15, 21, 16, 20], [18, 9, 19, 10], [10, 19, 11, 20], [13, 1, 14, 22], [21, 15, 22, 14], [1, 5, 2, 4]]"
11n_67_36,"[[1, 5, 2, 4], [17, 2, 18, 3], [3, 16, 4, 17], [6, 12, 7, 11], [8, 6, 9, 5], [12, 8, 13, 7], [15, 21, 16, 20], [18, 9, 19, 10], [10, 19, 11, 20], [13, 1, 14, 22], [21, 15, 22, 14]]"
11n_67_37,"[[21, 15, 22, 14], [1, 5, 2, 4], [17, 2, 18, 3], [3, 16, 4, 17], [6, 12, 7, 11], [8, 6, 9, 5], [12, 8, 13, 7], [15, 21, 16, 20], [18, 9, 19, 10], [10, 19, 11, 20], [13, 1, 14, 22]]"
11n_67_38,"[[13, 1, 14, 22], [21, 15, 22, 14], [1, 5, 2, 4], [17, 2, 18, 3], [3, 16, 4, 17], [6, 12, 7, 11], [8, 6, 9, 5], [12, 8, 13, 7], [15, 21, 16, 20], [18, 9, 19, 10], [10, 19, 11, 20]]"
11n_67_39,"[[10, 19, 11, 20], [13, 1, 14, 22], [21, 15, 22, 14], [1, 5, 2, 4], [17, 2, 18, 3], [3, 16, 4, 17], [6, 12, 7, 11], [8, 6, 9, 5], [12, 8, 13, 7], [15, 21, 16, 20], [18, 9, 19, 10]]"
11n_67_40,"[[18, 9, 19, 10], [10, 19, 11, 20], [13, 1, 14, 22], [21, 15, 22, 14], [1, 5, 2, 4], [17, 2, 18, 3], [3, 16, 4, 17], [6, 12, 7, 11], [8, 6, 9, 5], [12, 8, 13, 7], [15, 21, 16, 20]]"
11n_67_41,"[[15, 21, 16, 20], [18, 9, 19, 10], [10, 19, 11, 20], [13, 1, 14, 22], [21, 15, 22, 14], [1, 5, 2, 4], [17, 2, 18, 3], [3, 16, 4, 17], [6, 12, 7, 11], [8, 6, 9, 5], [12, 8, 13, 7]]"
11n_67_42,"[[12, 8, 13, 7], [15, 21, 16, 20], [18, 9, 19, 10], [10, 19, 11, 20], [13, 1, 14, 22], [21, 15, 22, 14], [1, 5, 2, 4], [17, 2, 18, 3], [3, 16, 4, 17], [6, 12, 7, 11], [8, 6, 9, 5]]"
11n_67_43,"[[8, 6, 9, 5], [12, 8, 13, 7], [15, 21, 16, 20], [18, 9, 19, 10], [10, 19, 11, 20], [13, 1, 14, 22], [21, 15, 22, 14], [1, 5, 2, 4], [17, 2, 18, 3], [3, 16, 4, 17], [6, 12, 7, 11]]"
11n_67_44,"[[7, 13, 8, 12], [9, 7, 10, 6], [13, 9, 14, 8], [16, 22, 17, 21], [19, 10, 20, 11], [11, 20, 12, 21], [14, 2, 15, 1], [22, 16, 1, 15], [2, 6, 3, 5], [18, 3, 19, 4], [4, 17, 5, 18]]"
11n_67_45,"[[4, 17, 5, 18], [7, 13, 8, 12], [9, 7, 10, 6], [13, 9, 14, 8], [16, 22, 17, 21], [19, 10, 20, 11], [11, 20, 12, 21], [14, 2, 15, 1], [22, 16, 1, 15], [2, 6, 3, 5], [18, 3, 19, 4]]"
11n_67_46,"[[18, 3, 19, 4], [4, 17, 5, 18], [7, 13, 8, 12], [9, 7, 10, 6], [13, 9, 14, 8], [16, 22, 17, 21], [19, 10, 20, 11], [11, 20, 12, 21], [14, 2, 15, 1], [22, 16, 1, 15], [2, 6, 3, 5]]"
11n_67_47,"[[2, 6, 3, 5], [18, 3, 19, 4], [4, 17, 5, 18], [7, 13, 8, 12], [9, 7, 10, 6], [13, 9, 14, 8], [16, 22, 17, 21], [19, 10, 20, 11], [11, 20, 12, 21], [14, 2, 15, 1], [22, 16, 1, 15]]"
11n_67_48,"[[22, 16, 1, 15], [2, 6, 3, 5], [18, 3, 19, 4], [4, 17, 5, 18], [7, 13, 8, 12], [9, 7, 10, 6], [13, 9, 14, 8], [16, 22, 17, 21], [19, 10, 20, 11], [11, 20, 12, 21], [14, 2, 15, 1]]"
11n_67_49,"[[14, 2, 15, 1], [22, 16, 1, 15], [2, 6, 3, 5], [18, 3, 19, 4], [4, 17, 5, 18], [7, 13, 8, 12], [9, 7, 10, 6], [13, 9, 14, 8], [16, 22, 17, 21], [19, 10, 20, 11], [11, 20, 12, 21]]"
11n_67_50,"[[11, 20, 12, 21], [14, 2, 15, 1], [22, 16, 1, 15], [2, 6, 3, 5], [18, 3, 19, 4], [4, 17, 5, 18], [7, 13, 8, 12], [9, 7, 10, 6], [13, 9, 14, 8], [16, 22, 17, 21], [19, 10, 20, 11]]"
11n_67_51,"[[19, 10, 20, 11], [11, 20, 12, 21], [14, 2, 15, 1], [22, 16, 1, 15], [2, 6, 3, 5], [18, 3, 19, 4], [4, 17, 5, 18], [7, 13, 8, 12], [9, 7, 10, 6], [13, 9, 14, 8], [16, 22, 17, 21]]"
11n_67_52,"[[16, 22, 17, 21], [19, 10, 20, 11], [11, 20, 12, 21], [14, 2, 15, 1], [22, 16, 1, 15], [2, 6, 3, 5], [18, 3, 19, 4], [4, 17, 5, 18], [7, 13, 8, 12], [9, 7, 10, 6], [13, 9, 14, 8]]"
11n_67_53,"[[13, 9, 14, 8], [16, 22, 17, 21], [19, 10, 20, 11], [11, 20, 12, 21], [14, 2, 15, 1], [22, 16, 1, 15], [2, 6, 3, 5], [18, 3, 19, 4], [4, 17, 5, 18], [7, 13, 8, 12], [9, 7, 10, 6]]"
11n_67_54,"[[9, 7, 10, 6], [13, 9, 14, 8], [16, 22, 17, 21], [19, 10, 20, 11], [11, 20, 12, 21], [14, 2, 15, 1], [22, 16, 1, 15], [2, 6, 3, 5], [18, 3, 19, 4], [4, 17, 5, 18], [7, 13, 8, 12]]"
11n_67_55,"[[8, 14, 9, 13], [10, 8, 11, 7], [14, 10, 15, 9], [17, 1, 18, 22], [20, 11, 21, 12], [12, 21, 13, 22], [15, 3, 16, 2], [1, 17, 2, 16], [3, 7, 4, 6], [19, 4, 20, 5], [5, 18, 6, 19]]"
11n_67_56,"[[5, 18, 6, 19], [8, 14, 9, 13], [10, 8, 11, 7], [14, 10, 15, 9], [17, 1, 18, 22], [20, 11, 21, 12], [12, 21, 13, 22], [15, 3, 16, 2], [1, 17, 2, 16], [3, 7, 4, 6], [19, 4, 20, 5]]"
11n_67_57,"[[19, 4, 20, 5], [5, 18, 6, 19], [8, 14, 9, 13], [10, 8, 11, 7], [14, 10, 15, 9], [17, 1, 18, 22], [20, 11, 21, 12], [12, 21, 13, 22], [15, 3, 16, 2], [1, 17, 2, 16], [3, 7, 4, 6]]"
11n_67_58,"[[3, 7, 4, 6], [19, 4, 20, 5], [5, 18, 6, 19], [8, 14, 9, 13], [10, 8, 11, 7], [14, 10, 15, 9], [17, 1, 18, 22], [20, 11, 21, 12], [12, 21, 13, 22], [15, 3, 16, 2], [1, 17, 2, 16]]"
11n_67_59,"[[1, 17, 2, 16], [3, 7, 4, 6], [19, 4, 20, 5], [5, 18, 6, 19], [8, 14, 9, 13], [10, 8, 11, 7], [14, 10, 15, 9], [17, 1, 18, 22], [20, 11, 21, 12], [12, 21, 13, 22], [15, 3, 16, 2]]"
11n_67_60,"[[15, 3, 16, 2], [1, 17, 2, 16], [3, 7, 4, 6], [19, 4, 20, 5], [5, 18, 6, 19], [8, 14, 9, 13], [10, 8, 11, 7], [14, 10, 15, 9], [17, 1, 18, 22], [20, 11, 21, 12], [12, 21, 13, 22]]"
11n_67_61,"[[12, 21, 13, 22], [15, 3, 16, 2], [1, 17, 2, 16], [3, 7, 4, 6], [19, 4, 20, 5], [5, 18, 6, 19], [8, 14, 9, 13], [10, 8, 11, 7], [14, 10, 15, 9], [17, 1, 18, 22], [20, 11, 21, 12]]"
11n_67_62,"[[20, 11, 21, 12], [12, 21, 13, 22], [15, 3, 16, 2], [1, 17, 2, 16], [3, 7, 4, 6], [19, 4, 20, 5], [5, 18, 6, 19], [8, 14, 9, 13], [10, 8, 11, 7], [14, 10, 15, 9], [17, 1, 18, 22]]"
11n_67_63,"[[17, 1, 18, 22], [20, 11, 21, 12], [12, 21, 13, 22], [15, 3, 16, 2], [1, 17, 2, 16], [3, 7, 4, 6], [19, 4, 20, 5], [5, 18, 6, 19], [8, 14, 9, 13], [10, 8, 11, 7], [14, 10, 15, 9]]"
11n_67_64,"[[14, 10, 15, 9], [17, 1, 18, 22], [20, 11, 21, 12], [12, 21, 13, 22], [15, 3, 16, 2], [1, 17, 2, 16], [3, 7, 4, 6], [19, 4, 20, 5], [5, 18, 6, 19], [8, 14, 9, 13], [10, 8, 11, 7]]"
11n_67_65,"[[10, 8, 11, 7], [14, 10, 15, 9], [17, 1, 18, 22], [20, 11, 21, 12], [12, 21, 13, 22], [15, 3, 16, 2], [1, 17, 2, 16], [3, 7, 4, 6], [19, 4, 20, 5], [5, 18, 6, 19], [8, 14, 9, 13]]"
11n_67_66,"[[9, 15, 10, 14], [11, 9, 12, 8], [15, 11, 16, 10], [18, 2, 19, 1], [21, 12, 22, 13], [13, 22, 14, 1], [16, 4, 17, 3], [2, 18, 3, 17], [4, 8, 5, 7], [20, 5, 21, 6], [6, 19, 7, 20]]"
11n_67_67,"[[6, 19, 7, 20], [9, 15, 10, 14], [11, 9, 12, 8], [15, 11, 16, 10], [18, 2, 19, 1], [21, 12, 22, 13], [13, 22, 14, 1], [16, 4, 17, 3], [2, 18, 3, 17], [4, 8, 5, 7], [20, 5, 21, 6]]"
11n_67_68,"[[20, 5, 21, 6], [6, 19, 7, 20], [9, 15, 10, 14], [11, 9, 12, 8], [15, 11, 16, 10], [18, 2, 19, 1], [21, 12, 22, 13], [13, 22, 14, 1], [16, 4, 17, 3], [2, 18, 3, 17], [4, 8, 5, 7]]"
11n_67_69,"[[4, 8, 5, 7], [20, 5, 21, 6], [6, 19, 7, 20], [9, 15, 10, 14], [11, 9, 12, 8], [15, 11, 16, 10], [18, 2, 19, 1], [21, 12, 22, 13], [13, 22, 14, 1], [16, 4, 17, 3], [2, 18, 3, 17]]"
11n_67_70,"[[2, 18, 3, 17], [4, 8, 5, 7], [20, 5, 21, 6], [6, 19, 7, 20], [9, 15, 10, 14], [11, 9, 12, 8], [15, 11, 16, 10], [18, 2, 19, 1], [21, 12, 22, 13], [13, 22, 14, 1], [16, 4, 17, 3]]"
11n_67_71,"[[16, 4, 17, 3], [2, 18, 3, 17], [4, 8, 5, 7], [20, 5, 21, 6], [6, 19, 7, 20], [9, 15, 10, 14], [11, 9, 12, 8], [15, 11, 16, 10], [18, 2, 19, 1], [21, 12, 22, 13], [13, 22, 14, 1]]"
11n_67_72,"[[13, 22, 14, 1], [16, 4, 17, 3], [2, 18, 3, 17], [4, 8, 5, 7], [20, 5, 21, 6], [6, 19, 7, 20], [9, 15, 10, 14], [11, 9, 12, 8], [15, 11, 16, 10], [18, 2, 19, 1], [21, 12, 22, 13]]"
11n_67_73,"[[21, 12, 22, 13], [13, 22, 14, 1], [16, 4, 17, 3], [2, 18, 3, 17], [4, 8, 5, 7], [20, 5, 21, 6], [6, 19, 7, 20], [9, 15, 10, 14], [11, 9, 12, 8], [15, 11, 16, 10], [18, 2, 19, 1]]"
11n_67_74,"[[18, 2, 19, 1], [21, 12, 22, 13], [13, 22, 14, 1], [16, 4, 17, 3], [2, 18, 3, 17], [4, 8, 5, 7], [20, 5, 21, 6], [6, 19, 7, 20], [9, 15, 10, 14], [11, 9, 12, 8], [15, 11, 16, 10]]"
11n_67_75,"[[15, 11, 16, 10], [18, 2, 19, 1], [21, 12, 22, 13], [13, 22, 14, 1], [16, 4, 17, 3], [2, 18, 3, 17], [4, 8, 5, 7], [20, 5, 21, 6], [6, 19, 7, 20], [9, 15, 10, 14], [11, 9, 12, 8]]"
11n_67_76,"[[11, 9, 12, 8], [15, 11, 16, 10], [18, 2, 19, 1], [21, 12, 22, 13], [13, 22, 14, 1], [16, 4, 17, 3], [2, 18, 3, 17], [4, 8, 5, 7], [20, 5, 21, 6], [6, 19, 7, 20], [9, 15, 10, 14]]"
11n_67_77,"[[10, 16, 11, 15], [12, 10, 13, 9], [16, 12, 17, 11], [19, 3, 20, 2], [22, 13, 1, 14], [14, 1, 15, 2], [17, 5, 18, 4], [3, 19, 4, 18], [5, 9, 6, 8], [21, 6, 22, 7], [7, 20, 8, 21]]"
11n_67_78,"[[7, 20, 8, 21], [10, 16, 11, 15], [12, 10, 13, 9], [16, 12, 17, 11], [19, 3, 20, 2], [22, 13, 1, 14], [14, 1, 15, 2], [17, 5, 18, 4], [3, 19, 4, 18], [5, 9, 6, 8], [21, 6, 22, 7]]"
11n_67_79,"[[21, 6, 22, 7], [7, 20, 8, 21], [10, 16, 11, 15], [12, 10, 13, 9], [16, 12, 17, 11], [19, 3, 20, 2], [22, 13, 1, 14], [14, 1, 15, 2], [17, 5, 18, 4], [3, 19, 4, 18], [5, 9, 6, 8]]"
11n_67_80,"[[5, 9, 6, 8], [21, 6, 22, 7], [7, 20, 8, 21], [10, 16, 11, 15], [12, 10, 13, 9], [16, 12, 17, 11], [19, 3, 20, 2], [22, 13, 1, 14], [14, 1, 15, 2], [17, 5, 18, 4], [3, 19, 4, 18]]"
11n_67_81,"[[3, 19, 4, 18], [5, 9, 6, 8], [21, 6, 22, 7], [7, 20, 8, 21], [10, 16, 11, 15], [12, 10, 13, 9], [16, 12, 17, 11], [19, 3, 20, 2], [22, 13, 1, 14], [14, 1, 15, 2], [17, 5, 18, 4]]"
11n_67_82,"[[17, 5, 18, 4], [3, 19, 4, 18], [5, 9, 6, 8], [21, 6, 22, 7], [7, 20, 8, 21], [10, 16, 11, 15], [12, 10, 13, 9], [16, 12, 17, 11], [19, 3, 20, 2], [22, 13, 1, 14], [14, 1, 15, 2]]"
11n_67_83,"[[14, 1, 15, 2], [17, 5, 18, 4], [3, 19, 4, 18], [5, 9, 6, 8], [21, 6, 22, 7], [7, 20, 8, 21], [10, 16, 11, 15], [12, 10, 13, 9], [16, 12, 17, 11], [19, 3, 20, 2], [22, 13, 1, 14]]"
11n_67_84,"[[22, 13, 1, 14], [14, 1, 15, 2], [17, 5, 18, 4], [3, 19, 4, 18], [5, 9, 6, 8], [21, 6, 22, 7], [7, 20, 8, 21], [10, 16, 11, 15], [12, 10, 13, 9], [16, 12, 17, 11], [19, 3, 20, 2]]"
11n_67_85,"[[19, 3, 20, 2], [22, 13, 1, 14], [14, 1, 15, 2], [17, 5, 18, 4], [3, 19, 4, 18], [5, 9, 6, 8], [21, 6, 22, 7], [7, 20, 8, 21], [10, 16, 11, 15], [12, 10, 13, 9], [16, 12, 17, 11]]"
11n_67_86,"[[16, 12, 17, 11], [19, 3, 20, 2], [22, 13, 1, 14], [14, 1, 15, 2], [17, 5, 18, 4], [3, 19, 4, 18], [5, 9, 6, 8], [21, 6, 22, 7], [7, 20, 8, 21], [10, 16, 11, 15], [12, 10, 13, 9]]"
11n_67_87,"[[12, 10, 13, 9], [16, 12, 17, 11], [19, 3, 20, 2], [22, 13, 1, 14], [14, 1, 15, 2], [17, 5, 18, 4], [3, 19, 4, 18], [5, 9, 6, 8], [21, 6, 22, 7], [7, 20, 8, 21], [10, 16, 11, 15]]"
11n_67_88,"[[11, 17, 12, 16], [13, 11, 14, 10], [17, 13, 18, 12], [20, 4, 21, 3], [1, 14, 2, 15], [15, 2, 16, 3], [18, 6, 19, 5], [4, 20, 5, 19], [6, 10, 7, 9], [22, 7, 1, 8], [8, 21, 9, 22]]"
11n_67_89,"[[8, 21, 9, 22], [11, 17, 12, 16], [13, 11, 14, 10], [17, 13, 18, 12], [20, 4, 21, 3], [1, 14, 2, 15], [15, 2, 16, 3], [18, 6, 19, 5], [4, 20, 5, 19], [6, 10, 7, 9], [22, 7, 1, 8]]"
11n_67_90,"[[22, 7, 1, 8], [8, 21, 9, 22], [11, 17, 12, 16], [13, 11, 14, 10], [17, 13, 18, 12], [20, 4, 21, 3], [1, 14, 2, 15], [15, 2, 16, 3], [18, 6, 19, 5], [4, 20, 5, 19], [6, 10, 7, 9]]"
11n_67_91,"[[6, 10, 7, 9], [22, 7, 1, 8], [8, 21, 9, 22], [11, 17, 12, 16], [13, 11, 14, 10], [17, 13, 18, 12], [20, 4, 21, 3], [1, 14, 2, 15], [15, 2, 16, 3], [18, 6, 19, 5], [4, 20, 5, 19]]"
11n_67_92,"[[4, 20, 5, 19], [6, 10, 7, 9], [22, 7, 1, 8], [8, 21, 9, 22], [11, 17, 12, 16], [13, 11, 14, 10], [17, 13, 18, 12], [20, 4, 21, 3], [1, 14, 2, 15], [15, 2, 16, 3], [18, 6, 19, 5]]"
11n_67_93,"[[18, 6, 19, 5], [4, 20, 5, 19], [6, 10, 7, 9], [22, 7, 1, 8], [8, 21, 9, 22], [11, 17, 12, 16], [13, 11, 14, 10], [17, 13, 18, 12], [20, 4, 21, 3], [1, 14, 2, 15], [15, 2, 16, 3]]"
11n_67_94,"[[15, 2, 16, 3], [18, 6, 19, 5], [4, 20, 5, 19], [6, 10, 7, 9], [22, 7, 1, 8], [8, 21, 9, 22], [11, 17, 12, 16], [13, 11, 14, 10], [17, 13, 18, 12], [20, 4, 21, 3], [1, 14, 2, 15]]"
11n_67_95,"[[1, 14, 2, 15], [15, 2, 16, 3], [18, 6, 19, 5], [4, 20, 5, 19], [6, 10, 7, 9], [22, 7, 1, 8], [8, 21, 9, 22], [11, 17, 12, 16], [13, 11, 14, 10], [17, 13, 18, 12], [20, 4, 21, 3]]"
11n_67_96,"[[20, 4, 21, 3], [1, 14, 2, 15], [15, 2, 16, 3], [18, 6, 19, 5], [4, 20, 5, 19], [6, 10, 7, 9], [22, 7, 1, 8], [8, 21, 9, 22], [11, 17, 12, 16], [13, 11, 14, 10], [17, 13, 18, 12]]"
11n_67_97,"[[17, 13, 18, 12], [20, 4, 21, 3], [1, 14, 2, 15], [15, 2, 16, 3], [18, 6, 19, 5], [4, 20, 5, 19], [6, 10, 7, 9], [22, 7, 1, 8], [8, 21, 9, 22], [11, 17, 12, 16], [13, 11, 14, 10]]"
11n_67_98,"[[13, 11, 14, 10], [17, 13, 18, 12], [20, 4, 21, 3], [1, 14, 2, 15], [15, 2, 16, 3], [18, 6, 19, 5], [4, 20, 5, 19], [6, 10, 7, 9], [22, 7, 1, 8], [8, 21, 9, 22], [11, 17, 12, 16]]"
11n_67_99,"[[12, 18, 13, 17], [14, 12, 15, 11], [18, 14, 19, 13], [21, 5, 22, 4], [2, 15, 3, 16], [16, 3, 17, 4], [19, 7, 20, 6], [5, 21, 6, 20], [7, 11, 8, 10], [1, 8, 2, 9], [9, 22, 10, 1]]"
11n_67_100,"[[9, 22, 10, 1], [12, 18, 13, 17], [14, 12, 15, 11], [18, 14, 19, 13], [21, 5, 22, 4], [2, 15, 3, 16], [16, 3, 17, 4], [19, 7, 20, 6], [5, 21, 6, 20], [7, 11, 8, 10], [1, 8, 2, 9]]"
11n_67_101,"[[1, 8, 2, 9], [9, 22, 10, 1], [12, 18, 13, 17], [14, 12, 15, 11], [18, 14, 19, 13], [21, 5, 22, 4], [2, 15, 3, 16], [16, 3, 17, 4], [19, 7, 20, 6], [5, 21, 6, 20], [7, 11, 8, 10]]"
11n_67_102,"[[7, 11, 8, 10], [1, 8, 2, 9], [9, 22, 10, 1], [12, 18, 13, 17], [14, 12, 15, 11], [18, 14, 19, 13], [21, 5, 22, 4], [2, 15, 3, 16], [16, 3, 17, 4], [19, 7, 20, 6], [5, 21, 6, 20]]"
11n_67_103,"[[5, 21, 6, 20], [7, 11, 8, 10], [1, 8, 2, 9], [9, 22, 10, 1], [12, 18, 13, 17], [14, 12, 15, 11], [18, 14, 19, 13], [21, 5, 22, 4], [2, 15, 3, 16], [16, 3, 17, 4], [19, 7, 20, 6]]"
11n_67_104,"[[19, 7, 20, 6], [5, 21, 6, 20], [7, 11, 8, 10], [1, 8, 2, 9], [9, 22, 10, 1], [12, 18, 13, 17], [14, 12, 15, 11], [18, 14, 19, 13], [21, 5, 22, 4], [2, 15, 3, 16], [16, 3, 17, 4]]"
11n_67_105,"[[16, 3, 17, 4], [19, 7, 20, 6], [5, 21, 6, 20], [7, 11, 8, 10], [1, 8, 2, 9], [9, 22, 10, 1], [12, 18, 13, 17], [14, 12, 15, 11], [18, 14, 19, 13], [21, 5, 22, 4], [2, 15, 3, 16]]"
11n_67_106,"[[2, 15, 3, 16], [16, 3, 17, 4], [19, 7, 20, 6], [5, 21, 6, 20], [7, 11, 8, 10], [1, 8, 2, 9], [9, 22, 10, 1], [12, 18, 13, 17], [14, 12, 15, 11], [18, 14, 19, 13], [21, 5, 22, 4]]"
11n_67_107,"[[21, 5, 22, 4], [2, 15, 3, 16], [16, 3, 17, 4], [19, 7, 20, 6], [5, 21, 6, 20], [7, 11, 8, 10], [1, 8, 2, 9], [9, 22, 10, 1], [12, 18, 13, 17], [14, 12, 15, 11], [18, 14, 19, 13]]"
11n_67_108,"[[18, 14, 19, 13], [21, 5, 22, 4], [2, 15, 3, 16], [16, 3, 17, 4], [19, 7, 20, 6], [5, 21, 6, 20], [7, 11, 8, 10], [1, 8, 2, 9], [9, 22, 10, 1], [12, 18, 13, 17], [14, 12, 15, 11]]"
11n_67_109,"[[14, 12, 15, 11], [18, 14, 19, 13], [21, 5, 22, 4], [2, 15, 3, 16], [16, 3, 17, 4], [19, 7, 20, 6], [5, 21, 6, 20], [7, 11, 8, 10], [1, 8, 2, 9], [9, 22, 10, 1], [12, 18, 13, 17]]"
11n_67_110,"[[13, 19, 14, 18], [15, 13, 16, 12], [19, 15, 20, 14], [22, 6, 1, 5], [3, 16, 4, 17], [17, 4, 18, 5], [20, 8, 21, 7], [6, 22, 7, 21], [8, 12, 9, 11], [2, 9, 3, 10], [10, 1, 11, 2]]"
11n_67_111,"[[10, 1, 11, 2], [13, 19, 14, 18], [15, 13, 16, 12], [19, 15, 20, 14], [22, 6, 1, 5], [3, 16, 4, 17], [17, 4, 18, 5], [20, 8, 21, 7], [6, 22, 7, 21], [8, 12, 9, 11], [2, 9, 3, 10]]"
11n_67_112,"[[2, 9, 3, 10], [10, 1, 11, 2], [13, 19, 14, 18], [15, 13, 16, 12], [19, 15, 20, 14], [22, 6, 1, 5], [3, 16, 4, 17], [17, 4, 18, 5], [20, 8, 21, 7], [6, 22, 7, 21], [8, 12, 9, 11]]"
11n_67_113,"[[8, 12, 9, 11], [2, 9, 3, 10], [10, 1, 11, 2], [13, 19, 14, 18], [15, 13, 16, 12], [19, 15, 20, 14], [22, 6, 1, 5], [3, 16, 4, 17], [17, 4, 18, 5], [20, 8, 21, 7], [6, 22, 7, 21]]"
11n_67_114,"[[6, 22, 7, 21], [8, 12, 9, 11], [2, 9, 3, 10], [10, 1, 11, 2], [13, 19, 14, 18], [15, 13, 16, 12], [19, 15, 20, 14], [22, 6, 1, 5], [3, 16, 4, 17], [17, 4, 18, 5], [20, 8, 21, 7]]"
11n_67_115,"[[20, 8, 21, 7], [6, 22, 7, 21], [8, 12, 9, 11], [2, 9, 3, 10], [10, 1, 11, 2], [13, 19, 14, 18], [15, 13, 16, 12], [19, 15, 20, 14], [22, 6, 1, 5], [3, 16, 4, 17], [17, 4, 18, 5]]"
11n_67_116,"[[17, 4, 18, 5], [20, 8, 21, 7], [6, 22, 7, 21], [8, 12, 9, 11], [2, 9, 3, 10], [10, 1, 11, 2], [13, 19, 14, 18], [15, 13, 16, 12], [19, 15, 20, 14], [22, 6, 1, 5], [3, 16, 4, 17]]"
11n_67_117,"[[3, 16, 4, 17], [17, 4, 18, 5], [20, 8, 21, 7], [6, 22, 7, 21], [8, 12, 9, 11], [2, 9, 3, 10], [10, 1, 11, 2], [13, 19, 14, 18], [15, 13, 16, 12], [19, 15, 20, 14], [22, 6, 1, 5]]"
11n_67_118,"[[22, 6, 1, 5], [3, 16, 4, 17], [17, 4, 18, 5], [20, 8, 21, 7], [6, 22, 7, 21], [8, 12, 9, 11], [2, 9, 3, 10], [10, 1, 11, 2], [13, 19, 14, 18], [15, 13, 16, 12], [19, 15, 20, 14]]"
11n_67_119,"[[19, 15, 20, 14], [22, 6, 1, 5], [3, 16, 4, 17], [17, 4, 18, 5], [20, 8, 21, 7], [6, 22, 7, 21], [8, 12, 9, 11], [2, 9, 3, 10], [10, 1, 11, 2], [13, 19, 14, 18], [15, 13, 16, 12]]"
11n_67_120,"[[15, 13, 16, 12], [19, 15, 20, 14], [22, 6, 1, 5], [3, 16, 4, 17], [17, 4, 18, 5], [20, 8, 21, 7], [6, 22, 7, 21], [8, 12, 9, 11], [2, 9, 3, 10], [10, 1, 11, 2], [13, 19, 14, 18]]"
11n_67_121,"[[14, 20, 15, 19], [16, 14, 17, 13], [20, 16, 21, 15], [1, 7, 2, 6], [4, 17, 5, 18], [18, 5, 19, 6], [21, 9, 22, 8], [7, 1, 8, 22], [9, 13, 10, 12], [3, 10, 4, 11], [11, 2, 12, 3]]"
11n_67_122,"[[11, 2, 12, 3], [14, 20, 15, 19], [16, 14, 17, 13], [20, 16, 21, 15], [1, 7, 2, 6], [4, 17, 5, 18], [18, 5, 19, 6], [21, 9, 22, 8], [7, 1, 8, 22], [9, 13, 10, 12], [3, 10, 4, 11]]"
11n_67_123,"[[3, 10, 4, 11], [11, 2, 12, 3], [14, 20, 15, 19], [16, 14, 17, 13], [20, 16, 21, 15], [1, 7, 2, 6], [4, 17, 5, 18], [18, 5, 19, 6], [21, 9, 22, 8], [7, 1, 8, 22], [9, 13, 10, 12]]"
11n_67_124,"[[9, 13, 10, 12], [3, 10, 4, 11], [11, 2, 12, 3], [14, 20, 15, 19], [16, 14, 17, 13], [20, 16, 21, 15], [1, 7, 2, 6], [4, 17, 5, 18], [18, 5, 19, 6], [21, 9, 22, 8], [7, 1, 8, 22]]"
11n_67_125,"[[7, 1, 8, 22], [9, 13, 10, 12], [3, 10, 4, 11], [11, 2, 12, 3], [14, 20, 15, 19], [16, 14, 17, 13], [20, 16, 21, 15], [1, 7, 2, 6], [4, 17, 5, 18], [18, 5, 19, 6], [21, 9, 22, 8]]"
11n_67_126,"[[21, 9, 22, 8], [7, 1, 8, 22], [9, 13, 10, 12], [3, 10, 4, 11], [11, 2, 12, 3], [14, 20, 15, 19], [16, 14, 17, 13], [20, 16, 21, 15], [1, 7, 2, 6], [4, 17, 5, 18], [18, 5, 19, 6]]"
11n_67_127,"[[18, 5, 19, 6], [21, 9, 22, 8], [7, 1, 8, 22], [9, 13, 10, 12], [3, 10, 4, 11], [11, 2, 12, 3], [14, 20, 15, 19], [16, 14, 17, 13], [20, 16, 21, 15], [1, 7, 2, 6], [4, 17, 5, 18]]"
11n_67_128,"[[4, 17, 5, 18], [18, 5, 19, 6], [21, 9, 22, 8], [7, 1, 8, 22], [9, 13, 10, 12], [3, 10, 4, 11], [11, 2, 12, 3], [14, 20, 15, 19], [16, 14, 17, 13], [20, 16, 21, 15], [1, 7, 2, 6]]"
11n_67_129,"[[1, 7, 2, 6], [4, 17, 5, 18], [18, 5, 19, 6], [21, 9, 22, 8], [7, 1, 8, 22], [9, 13, 10, 12], [3, 10, 4, 11], [11, 2, 12, 3], [14, 20, 15, 19], [16, 14, 17, 13], [20, 16, 21, 15]]"
11n_67_130,"[[20, 16, 21, 15], [1, 7, 2, 6], [4, 17, 5, 18], [18, 5, 19, 6], [21, 9, 22, 8], [7, 1, 8, 22], [9, 13, 10, 12], [3, 10, 4, 11], [11, 2, 12, 3], [14, 20, 15, 19], [16, 14, 17, 13]]"
11n_67_131,"[[16, 14, 17, 13], [20, 16, 21, 15], [1, 7, 2, 6], [4, 17, 5, 18], [18, 5, 19, 6], [21, 9, 22, 8], [7, 1, 8, 22], [9, 13, 10, 12], [3, 10, 4, 11], [11, 2, 12, 3], [14, 20, 15, 19]]"
11n_67_132,"[[15, 21, 16, 20], [17, 15, 18, 14], [21, 17, 22, 16], [2, 8, 3, 7], [5, 18, 6, 19], [19, 6, 20, 7], [22, 10, 1, 9], [8, 2, 9, 1], [10, 14, 11, 13], [4, 11, 5, 12], [12, 3, 13, 4]]"
11n_67_133,"[[12, 3, 13, 4], [15, 21, 16, 20], [17, 15, 18, 14], [21, 17, 22, 16], [2, 8, 3, 7], [5, 18, 6, 19], [19, 6, 20, 7], [22, 10, 1, 9], [8, 2, 9, 1], [10, 14, 11, 13], [4, 11, 5, 12]]"
11n_67_134,"[[4, 11, 5, 12], [12, 3, 13, 4], [15, 21, 16, 20], [17, 15, 18, 14], [21, 17, 22, 16], [2, 8, 3, 7], [5, 18, 6, 19], [19, 6, 20, 7], [22, 10, 1, 9], [8, 2, 9, 1], [10, 14, 11, 13]]"
11n_67_135,"[[10, 14, 11, 13], [4, 11, 5, 12], [12, 3, 13, 4], [15, 21, 16, 20], [17, 15, 18, 14], [21, 17, 22, 16], [2, 8, 3, 7], [5, 18, 6, 19], [19, 6, 20, 7], [22, 10, 1, 9], [8, 2, 9, 1]]"
11n_67_136,"[[8, 2, 9, 1], [10, 14, 11, 13], [4, 11, 5, 12], [12, 3, 13, 4], [15, 21, 16, 20], [17, 15, 18, 14], [21, 17, 22, 16], [2, 8, 3, 7], [5, 18, 6, 19], [19, 6, 20, 7], [22, 10, 1, 9]]"
11n_67_137,"[[22, 10, 1, 9], [8, 2, 9, 1], [10, 14, 11, 13], [4, 11, 5, 12], [12, 3, 13, 4], [15, 21, 16, 20], [17, 15, 18, 14], [21, 17, 22, 16], [2, 8, 3, 7], [5, 18, 6, 19], [19, 6, 20, 7]]"
11n_67_138,"[[19, 6, 20, 7], [22, 10, 1, 9], [8, 2, 9, 1], [10, 14, 11, 13], [4, 11, 5, 12], [12, 3, 13, 4], [15, 21, 16, 20], [17, 15, 18, 14], [21, 17, 22, 16], [2, 8, 3, 7], [5, 18, 6, 19]]"
11n_67_139,"[[5, 18, 6, 19], [19, 6, 20, 7], [22, 10, 1, 9], [8, 2, 9, 1], [10, 14, 11, 13], [4, 11, 5, 12], [12, 3, 13, 4], [15, 21, 16, 20], [17, 15, 18, 14], [21, 17, 22, 16], [2, 8, 3, 7]]"
11n_67_140,"[[2, 8, 3, 7], [5, 18, 6, 19], [19, 6, 20, 7], [22, 10, 1, 9], [8, 2, 9, 1], [10, 14, 11, 13], [4, 11, 5, 12], [12, 3, 13, 4], [15, 21, 16, 20], [17, 15, 18, 14], [21, 17, 22, 16]]"
11n_67_141,"[[21, 17, 22, 16], [2, 8, 3, 7], [5, 18, 6, 19], [19, 6, 20, 7], [22, 10, 1, 9], [8, 2, 9, 1], [10, 14, 11, 13], [4, 11, 5, 12], [12, 3, 13, 4], [15, 21, 16, 20], [17, 15, 18, 14]]"
11n_67_142,"[[17, 15, 18, 14], [21, 17, 22, 16], [2, 8, 3, 7], [5, 18, 6, 19], [19, 6, 20, 7], [22, 10, 1, 9], [8, 2, 9, 1], [10, 14, 11, 13], [4, 11, 5, 12], [12, 3, 13, 4], [15, 21, 16, 20]]"
11n_67_143,"[[16, 22, 17, 21], [18, 16, 19, 15], [22, 18, 1, 17], [3, 9, 4, 8], [6, 19, 7, 20], [20, 7, 21, 8], [1, 11, 2, 10], [9, 3, 10, 2], [11, 15, 12, 14], [5, 12, 6, 13], [13, 4, 14, 5]]"
11n_67_144,"[[13, 4, 14, 5], [16, 22, 17, 21], [18, 16, 19, 15], [22, 18, 1, 17], [3, 9, 4, 8], [6, 19, 7, 20], [20, 7, 21, 8], [1, 11, 2, 10], [9, 3, 10, 2], [11, 15, 12, 14], [5, 12, 6, 13]]"
11n_67_145,"[[5, 12, 6, 13], [13, 4, 14, 5], [16, 22, 17, 21], [18, 16, 19, 15], [22, 18, 1, 17], [3, 9, 4, 8], [6, 19, 7, 20], [20, 7, 21, 8], [1, 11, 2, 10], [9, 3, 10, 2], [11, 15, 12, 14]]"
11n_67_146,"[[11, 15, 12, 14], [5, 12, 6, 13], [13, 4, 14, 5], [16, 22, 17, 21], [18, 16, 19, 15], [22, 18, 1, 17], [3, 9, 4, 8], [6, 19, 7, 20], [20, 7, 21, 8], [1, 11, 2, 10], [9, 3, 10, 2]]"
11n_67_147,"[[9, 3, 10, 2], [11, 15, 12, 14], [5, 12, 6, 13], [13, 4, 14, 5], [16, 22, 17, 21], [18, 16, 19, 15], [22, 18, 1, 17], [3, 9, 4, 8], [6, 19, 7, 20], [20, 7, 21, 8], [1, 11, 2, 10]]"
11n_67_148,"[[1, 11, 2, 10], [9, 3, 10, 2], [11, 15, 12, 14], [5, 12, 6, 13], [13, 4, 14, 5], [16, 22, 17, 21], [18, 16, 19, 15], [22, 18, 1, 17], [3, 9, 4, 8], [6, 19, 7, 20], [20, 7, 21, 8]]"
11n_67_149,"[[20, 7, 21, 8], [1, 11, 2, 10], [9, 3, 10, 2], [11, 15, 12, 14], [5, 12, 6, 13], [13, 4, 14, 5], [16, 22, 17, 21], [18, 16, 19, 15], [22, 18, 1, 17], [3, 9, 4, 8], [6, 19, 7, 20]]"
11n_67_150,"[[6, 19, 7, 20], [20, 7, 21, 8], [1, 11, 2, 10], [9, 3, 10, 2], [11, 15, 12, 14], [5, 12, 6, 13], [13, 4, 14, 5], [16, 22, 17, 21], [18, 16, 19, 15], [22, 18, 1, 17], [3, 9, 4, 8]]"
11n_67_151,"[[3, 9, 4, 8], [6, 19, 7, 20], [20, 7, 21, 8], [1, 11, 2, 10], [9, 3, 10, 2], [11, 15, 12, 14], [5, 12, 6, 13], [13, 4, 14, 5], [16, 22, 17, 21], [18, 16, 19, 15], [22, 18, 1, 17]]"
11n_67_152,"[[22, 18, 1, 17], [3, 9, 4, 8], [6, 19, 7, 20], [20, 7, 21, 8], [1, 11, 2, 10], [9, 3, 10, 2], [11, 15, 12, 14], [5, 12, 6, 13], [13, 4, 14, 5], [16, 22, 17, 21], [18, 16, 19, 15]]"
11n_67_153,"[[18, 16, 19, 15], [22, 18, 1, 17], [3, 9, 4, 8], [6, 19, 7, 20], [20, 7, 21, 8], [1, 11, 2, 10], [9, 3, 10, 2], [11, 15, 12, 14], [5, 12, 6, 13], [13, 4, 14, 5], [16, 22, 17, 21]]"
11n_67_154,"[[17, 1, 18, 22], [19, 17, 20, 16], [1, 19, 2, 18], [4, 10, 5, 9], [7, 20, 8, 21], [21, 8, 22, 9], [2, 12, 3, 11], [10, 4, 11, 3], [12, 16, 13, 15], [6, 13, 7, 14], [14, 5, 15, 6]]"
11n_67_155,"[[14, 5, 15, 6], [17, 1, 18, 22], [19, 17, 20, 16], [1, 19, 2, 18], [4, 10, 5, 9], [7, 20, 8, 21], [21, 8, 22, 9], [2, 12, 3, 11], [10, 4, 11, 3], [12, 16, 13, 15], [6, 13, 7, 14]]"
11n_67_156,"[[6, 13, 7, 14], [14, 5, 15, 6], [17, 1, 18, 22], [19, 17, 20, 16], [1, 19, 2, 18], [4, 10, 5, 9], [7, 20, 8, 21], [21, 8, 22, 9], [2, 12, 3, 11], [10, 4, 11, 3], [12, 16, 13, 15]]"
11n_67_157,"[[12, 16, 13, 15], [6, 13, 7, 14], [14, 5, 15, 6], [17, 1, 18, 22], [19, 17, 20, 16], [1, 19, 2, 18], [4, 10, 5, 9], [7, 20, 8, 21], [21, 8, 22, 9], [2, 12, 3, 11], [10, 4, 11, 3]]"
11n_67_158,"[[10, 4, 11, 3], [12, 16, 13, 15], [6, 13, 7, 14], [14, 5, 15, 6], [17, 1, 18, 22], [19, 17, 20, 16], [1, 19, 2, 18], [4, 10, 5, 9], [7, 20, 8, 21], [21, 8, 22, 9], [2, 12, 3, 11]]"
11n_67_159,"[[2, 12, 3, 11], [10, 4, 11, 3], [12, 16, 13, 15], [6, 13, 7, 14], [14, 5, 15, 6], [17, 1, 18, 22], [19, 17, 20, 16], [1, 19, 2, 18], [4, 10, 5, 9], [7, 20, 8, 21], [21, 8, 22, 9]]"
11n_67_160,"[[21, 8, 22, 9], [2, 12, 3, 11], [10, 4, 11, 3], [12, 16, 13, 15], [6, 13, 7, 14], [14, 5, 15, 6], [17, 1, 18, 22], [19, 17, 20, 16], [1, 19, 2, 18], [4, 10, 5, 9], [7, 20, 8, 21]]"
11n_67_161,"[[7, 20, 8, 21], [21, 8, 22, 9], [2, 12, 3, 11], [10, 4, 11, 3], [12, 16, 13, 15], [6, 13, 7, 14], [14, 5, 15, 6], [17, 1, 18, 22], [19, 17, 20, 16], [1, 19, 2, 18], [4, 10, 5, 9]]"
11n_67_162,"[[4, 10, 5, 9], [7, 20, 8, 21], [21, 8, 22, 9], [2, 12, 3, 11], [10, 4, 11, 3], [12, 16, 13, 15], [6, 13, 7, 14], [14, 5, 15, 6], [17, 1, 18, 22], [19, 17, 20, 16], [1, 19, 2, 18]]"
11n_67_163,"[[1, 19, 2, 18], [4, 10, 5, 9], [7, 20, 8, 21], [21, 8, 22, 9], [2, 12, 3, 11], [10, 4, 11, 3], [12, 16, 13, 15], [6, 13, 7, 14], [14, 5, 15, 6], [17, 1, 18, 22], [19, 17, 20, 16]]"
11n_67_164,"[[19, 17, 20, 16], [1, 19, 2, 18], [4, 10, 5, 9], [7, 20, 8, 21], [21, 8, 22, 9], [2, 12, 3, 11], [10, 4, 11, 3], [12, 16, 13, 15], [6, 13, 7, 14], [14, 5, 15, 6], [17, 1, 18, 22]]"
11n_67_165,"[[18, 2, 19, 1], [20, 18, 21, 17], [2, 20, 3, 19], [5, 11, 6, 10], [8, 21, 9, 22], [22, 9, 1, 10], [3, 13, 4, 12], [11, 5, 12, 4], [13, 17, 14, 16], [7, 14, 8, 15], [15, 6, 16, 7]]"
11n_67_166,"[[15, 6, 16, 7], [18, 2, 19, 1], [20, 18, 21, 17], [2, 20, 3, 19], [5, 11, 6, 10], [8, 21, 9, 22], [22, 9, 1, 10], [3, 13, 4, 12], [11, 5, 12, 4], [13, 17, 14, 16], [7, 14, 8, 15]]"
11n_67_167,"[[7, 14, 8, 15], [15, 6, 16, 7], [18, 2, 19, 1], [20, 18, 21, 17], [2, 20, 3, 19], [5, 11, 6, 10], [8, 21, 9, 22], [22, 9, 1, 10], [3, 13, 4, 12], [11, 5, 12, 4], [13, 17, 14, 16]]"
11n_67_168,"[[13, 17, 14, 16], [7, 14, 8, 15], [15, 6, 16, 7], [18, 2, 19, 1], [20, 18, 21, 17], [2, 20, 3, 19], [5, 11, 6, 10], [8, 21, 9, 22], [22, 9, 1, 10], [3, 13, 4, 12], [11, 5, 12, 4]]"
11n_67_169,"[[11, 5, 12, 4], [13, 17, 14, 16], [7, 14, 8, 15], [15, 6, 16, 7], [18, 2, 19, 1], [20, 18, 21, 17], [2, 20, 3, 19], [5, 11, 6, 10], [8, 21, 9, 22], [22, 9, 1, 10], [3, 13, 4, 12]]"
11n_67_170,"[[3, 13, 4, 12], [11, 5, 12, 4], [13, 17, 14, 16], [7, 14, 8, 15], [15, 6, 16, 7], [18, 2, 19, 1], [20, 18, 21, 17], [2, 20, 3, 19], [5, 11, 6, 10], [8, 21, 9, 22], [22, 9, 1, 10]]"
11n_67_171,"[[22, 9, 1, 10], [3, 13, 4, 12], [11, 5, 12, 4], [13, 17, 14, 16], [7, 14, 8, 15], [15, 6, 16, 7], [18, 2, 19, 1], [20, 18, 21, 17], [2, 20, 3, 19], [5, 11, 6, 10], [8, 21, 9, 22]]"
11n_67_172,"[[8, 21, 9, 22], [22, 9, 1, 10], [3, 13, 4, 12], [11, 5, 12, 4], [13, 17, 14, 16], [7, 14, 8, 15], [15, 6, 16, 7], [18, 2, 19, 1], [20, 18, 21, 17], [2, 20, 3, 19], [5, 11, 6, 10]]"
11n_67_173,"[[5, 11, 6, 10], [8, 21, 9, 22], [22, 9, 1, 10], [3, 13, 4, 12], [11, 5, 12, 4], [13, 17, 14, 16], [7, 14, 8, 15], [15, 6, 16, 7], [18, 2, 19, 1], [20, 18, 21, 17], [2, 20, 3, 19]]"
11n_67_174,"[[2, 20, 3, 19], [5, 11, 6, 10], [8, 21, 9, 22], [22, 9, 1, 10], [3, 13, 4, 12], [11, 5, 12, 4], [13, 17, 14, 16], [7, 14, 8, 15], [15, 6, 16, 7], [18, 2, 19, 1], [20, 18, 21, 17]]"
11n_67_175,"[[20, 18, 21, 17], [2, 20, 3, 19], [5, 11, 6, 10], [8, 21, 9, 22], [22, 9, 1, 10], [3, 13, 4, 12], [11, 5, 12, 4], [13, 17, 14, 16], [7, 14, 8, 15], [15, 6, 16, 7], [18, 2, 19, 1]]"
11n_67_176,"[[19, 3, 20, 2], [21, 19, 22, 18], [3, 21, 4, 20], [6, 12, 7, 11], [9, 22, 10, 1], [1, 10, 2, 11], [4, 14, 5, 13], [12, 6, 13, 5], [14, 18, 15, 17], [8, 15, 9, 16], [16, 7, 17, 8]]"
11n_67_177,"[[16, 7, 17, 8], [19, 3, 20, 2], [21, 19, 22, 18], [3, 21, 4, 20], [6, 12, 7, 11], [9, 22, 10, 1], [1, 10, 2, 11], [4, 14, 5, 13], [12, 6, 13, 5], [14, 18, 15, 17], [8, 15, 9, 16]]"
11n_67_178,"[[8, 15, 9, 16], [16, 7, 17, 8], [19, 3, 20, 2], [21, 19, 22, 18], [3, 21, 4, 20], [6, 12, 7, 11], [9, 22, 10, 1], [1, 10, 2, 11], [4, 14, 5, 13], [12, 6, 13, 5], [14, 18, 15, 17]]"
11n_67_179,"[[14, 18, 15, 17], [8, 15, 9, 16], [16, 7, 17, 8], [19, 3, 20, 2], [21, 19, 22, 18], [3, 21, 4, 20], [6, 12, 7, 11], [9, 22, 10, 1], [1, 10, 2, 11], [4, 14, 5, 13], [12, 6, 13, 5]]"
11n_67_180,"[[12, 6, 13, 5], [14, 18, 15, 17], [8, 15, 9, 16], [16, 7, 17, 8], [19, 3, 20, 2], [21, 19, 22, 18], [3, 21, 4, 20], [6, 12, 7, 11], [9, 22, 10, 1], [1, 10, 2, 11], [4, 14, 5, 13]]"
11n_67_181,"[[4, 14, 5, 13], [12, 6, 13, 5], [14, 18, 15, 17], [8, 15, 9, 16], [16, 7, 17, 8], [19, 3, 20, 2], [21, 19, 22, 18], [3, 21, 4, 20], [6, 12, 7, 11], [9, 22, 10, 1], [1, 10, 2, 11]]"
11n_67_182,"[[1, 10, 2, 11], [4, 14, 5, 13], [12, 6, 13, 5], [14, 18, 15, 17], [8, 15, 9, 16], [16, 7, 17, 8], [19, 3, 20, 2], [21, 19, 22, 18], [3, 21, 4, 20], [6, 12, 7, 11], [9, 22, 10, 1]]"
11n_67_183,"[[9, 22, 10, 1], [1, 10, 2, 11], [4, 14, 5, 13], [12, 6, 13, 5], [14, 18, 15, 17], [8, 15, 9, 16], [16, 7, 17, 8], [19, 3, 20, 2], [21, 19, 22, 18], [3, 21, 4, 20], [6, 12, 7, 11]]"
11n_67_184,"[[6, 12, 7, 11], [9, 22, 10, 1], [1, 10, 2, 11], [4, 14, 5, 13], [12, 6, 13, 5], [14, 18, 15, 17], [8, 15, 9, 16], [16, 7, 17, 8], [19, 3, 20, 2], [21, 19, 22, 18], [3, 21, 4, 20]]"
11n_67_185,"[[3, 21, 4, 20], [6, 12, 7, 11], [9, 22, 10, 1], [1, 10, 2, 11], [4, 14, 5, 13], [12, 6, 13, 5], [14, 18, 15, 17], [8, 15, 9, 16], [16, 7, 17, 8], [19, 3, 20, 2], [21, 19, 22, 18]]"
11n_67_186,"[[21, 19, 22, 18], [3, 21, 4, 20], [6, 12, 7, 11], [9, 22, 10, 1], [1, 10, 2, 11], [4, 14, 5, 13], [12, 6, 13, 5], [14, 18, 15, 17], [8, 15, 9, 16], [16, 7, 17, 8], [19, 3, 20, 2]]"
11n_67_187,"[[20, 4, 21, 3], [22, 20, 1, 19], [4, 22, 5, 21], [7, 13, 8, 12], [10, 1, 11, 2], [2, 11, 3, 12], [5, 15, 6, 14], [13, 7, 14, 6], [15, 19, 16, 18], [9, 16, 10, 17], [17, 8, 18, 9]]"
11n_67_188,"[[17, 8, 18, 9], [20, 4, 21, 3], [22, 20, 1, 19], [4, 22, 5, 21], [7, 13, 8, 12], [10, 1, 11, 2], [2, 11, 3, 12], [5, 15, 6, 14], [13, 7, 14, 6], [15, 19, 16, 18], [9, 16, 10, 17]]"
11n_67_189,"[[9, 16, 10, 17], [17, 8, 18, 9], [20, 4, 21, 3], [22, 20, 1, 19], [4, 22, 5, 21], [7, 13, 8, 12], [10, 1, 11, 2], [2, 11, 3, 12], [5, 15, 6, 14], [13, 7, 14, 6], [15, 19, 16, 18]]"
11n_67_190,"[[15, 19, 16, 18], [9, 16, 10, 17], [17, 8, 18, 9], [20, 4, 21, 3], [22, 20, 1, 19], [4, 22, 5, 21], [7, 13, 8, 12], [10, 1, 11, 2], [2, 11, 3, 12], [5, 15, 6, 14], [13, 7, 14, 6]]"
11n_67_191,"[[13, 7, 14, 6], [15, 19, 16, 18], [9, 16, 10, 17], [17, 8, 18, 9], [20, 4, 21, 3], [22, 20, 1, 19], [4, 22, 5, 21], [7, 13, 8, 12], [10, 1, 11, 2], [2, 11, 3, 12], [5, 15, 6, 14]]"
11n_67_192,"[[5, 15, 6, 14], [13, 7, 14, 6], [15, 19, 16, 18], [9, 16, 10, 17], [17, 8, 18, 9], [20, 4, 21, 3], [22, 20, 1, 19], [4, 22, 5, 21], [7, 13, 8, 12], [10, 1, 11, 2], [2, 11, 3, 12]]"
11n_67_193,"[[2, 11, 3, 12], [5, 15, 6, 14], [13, 7, 14, 6], [15, 19, 16, 18], [9, 16, 10, 17], [17, 8, 18, 9], [20, 4, 21, 3], [22, 20, 1, 19], [4, 22, 5, 21], [7, 13, 8, 12], [10, 1, 11, 2]]"
11n_67_194,"[[10, 1, 11, 2], [2, 11, 3, 12], [5, 15, 6, 14], [13, 7, 14, 6], [15, 19, 16, 18], [9, 16, 10, 17], [17, 8, 18, 9], [20, 4, 21, 3], [22, 20, 1, 19], [4, 22, 5, 21], [7, 13, 8, 12]]"
11n_67_195,"[[7, 13, 8, 12], [10, 1, 11, 2], [2, 11, 3, 12], [5, 15, 6, 14], [13, 7, 14, 6], [15, 19, 16, 18], [9, 16, 10, 17], [17, 8, 18, 9], [20, 4, 21, 3], [22, 20, 1, 19], [4, 22, 5, 21]]"
11n_67_196,"[[4, 22, 5, 21], [7, 13, 8, 12], [10, 1, 11, 2], [2, 11, 3, 12], [5, 15, 6, 14], [13, 7, 14, 6], [15, 19, 16, 18], [9, 16, 10, 17], [17, 8, 18, 9], [20, 4, 21, 3], [22, 20, 1, 19]]"
11n_67_197,"[[22, 20, 1, 19], [4, 22, 5, 21], [7, 13, 8, 12], [10, 1, 11, 2], [2, 11, 3, 12], [5, 15, 6, 14], [13, 7, 14, 6], [15, 19, 16, 18], [9, 16, 10, 17], [17, 8, 18, 9], [20, 4, 21, 3]]"
11n_67_198,"[[21, 5, 22, 4], [1, 21, 2, 20], [5, 1, 6, 22], [8, 14, 9, 13], [11, 2, 12, 3], [3, 12, 4, 13], [6, 16, 7, 15], [14, 8, 15, 7], [16, 20, 17, 19], [10, 17, 11, 18], [18, 9, 19, 10]]"
11n_67_199,"[[18, 9, 19, 10], [21, 5, 22, 4], [1, 21, 2, 20], [5, 1, 6, 22], [8, 14, 9, 13], [11, 2, 12, 3], [3, 12, 4, 13], [6, 16, 7, 15], [14, 8, 15, 7], [16, 20, 17, 19], [10, 17, 11, 18]]"
11n_67_200,"[[10, 17, 11, 18], [18, 9, 19, 10], [21, 5, 22, 4], [1, 21, 2, 20], [5, 1, 6, 22], [8, 14, 9, 13], [11, 2, 12, 3], [3, 12, 4, 13], [6, 16, 7, 15], [14, 8, 15, 7], [16, 20, 17, 19]]"
11n_67_201,"[[16, 20, 17, 19], [10, 17, 11, 18], [18, 9, 19, 10], [21, 5, 22, 4], [1, 21, 2, 20], [5, 1, 6, 22], [8, 14, 9, 13], [11, 2, 12, 3], [3, 12, 4, 13], [6, 16, 7, 15], [14, 8, 15, 7]]"
11n_67_202,"[[14, 8, 15, 7], [16, 20, 17, 19], [10, 17, 11, 18], [18, 9, 19, 10], [21, 5, 22, 4], [1, 21, 2, 20], [5, 1, 6, 22], [8, 14, 9, 13], [11, 2, 12, 3], [3, 12, 4, 13], [6, 16, 7, 15]]"
11n_67_203,"[[6, 16, 7, 15], [14, 8, 15, 7], [16, 20, 17, 19], [10, 17, 11, 18], [18, 9, 19, 10], [21, 5, 22, 4], [1, 21, 2, 20], [5, 1, 6, 22], [8, 14, 9, 13], [11, 2, 12, 3], [3, 12, 4, 13]]"
11n_67_204,"[[3, 12, 4, 13], [6, 16, 7, 15], [14, 8, 15, 7], [16, 20, 17, 19], [10, 17, 11, 18], [18, 9, 19, 10], [21, 5, 22, 4], [1, 21, 2, 20], [5, 1, 6, 22], [8, 14, 9, 13], [11, 2, 12, 3]]"
