name,pd_notation
11n_128_0,"[[20, 13, 21, 14], [5, 3, 6, 2], [10, 17, 11, 18], [11, 4, 12, 5], [3, 12, 4, 13], [18, 2, 19, 1], [6, 20, 7, 19], [8, 16, 9, 15], [14, 8, 15, 7], [22, 10, 1, 9], [16, 21, 17, 22]]"
11n_128_1,"[[16, 21, 17, 22], [20, 13, 21, 14], [5, 3, 6, 2], [10, 17, 11, 18], [11, 4, 12, 5], [3, 12, 4, 13], [18, 2, 19, 1], [6, 20, 7, 19], [8, 16, 9, 15], [14, 8, 15, 7], [22, 10, 1, 9]]"
11n_128_2,"[[22, 10, 1, 9], [16, 21, 17, 22], [20, 13, 21, 14], [5, 3, 6, 2], [10, 17, 11, 18], [11, 4, 12, 5], [3, 12, 4, 13], [18, 2, 19, 1], [6, 20, 7, 19], [8, 16, 9, 15], [14, 8, 15, 7]]"
11n_128_3,"[[14, 8, 15, 7], [22, 10, 1, 9], [16, 21, 17, 22], [20, 13, 21, 14], [5, 3, 6, 2], [10, 17, 11, 18], [11, 4, 12, 5], [3, 12, 4, 13], [18, 2, 19, 1], [6, 20, 7, 19], [8, 16, 9, 15]]"
11n_128_4,"[[8, 16, 9, 15], [14, 8, 15, 7], [22, 10, 1, 9], [16, 21, 17, 22], [20, 13, 21, 14], [5, 3, 6, 2], [10, 17, 11, 18], [11, 4, 12, 5], [3, 12, 4, 13], [18, 2, 19, 1], [6, 20, 7, 19]]"
11n_128_5,"[[6, 20, 7, 19], [8, 16, 9, 15], [14, 8, 15, 7], [22, 10, 1, 9], [16, 21, 17, 22], [20, 13, 21, 14], [5, 3, 6, 2], [10, 17, 11, 18], [11, 4, 12, 5], [3, 12, 4, 13], [18, 2, 19, 1]]"
11n_128_6,"[[18, 2, 19, 1], [6, 20, 7, 19], [8, 16, 9, 15], [14, 8, 15, 7], [22, 10, 1, 9], [16, 21, 17, 22], [20, 13, 21, 14], [5, 3, 6, 2], [10, 17, 11, 18], [11, 4, 12, 5], [3, 12, 4, 13]]"
11n_128_7,"[[3, 12, 4, 13], [18, 2, 19, 1], [6, 20, 7, 19], [8, 16, 9, 15], [14, 8, 15, 7], [22, 10, 1, 9], [16, 21, 17, 22], [20, 13, 21, 14], [5, 3, 6, 2], [10, 17, 11, 18], [11, 4, 12, 5]]"
11n_128_8,"[[11, 4, 12, 5], [3, 12, 4, 13], [18, 2, 19, 1], [6, 20, 7, 19], [8, 16, 9, 15], [14, 8, 15, 7], [22, 10, 1, 9], [16, 21, 17, 22], [20, 13, 21, 14], [5, 3, 6, 2], [10, 17, 11, 18]]"
11n_128_9,"[[10, 17, 11, 18], [11, 4, 12, 5], [3, 12, 4, 13], [18, 2, 19, 1], [6, 20, 7, 19], [8, 16, 9, 15], [14, 8, 15, 7], [22, 10, 1, 9], [16, 21, 17, 22], [20, 13, 21, 14], [5, 3, 6, 2]]"
11n_128_10,"[[5, 3, 6, 2], [10, 17, 11, 18], [11, 4, 12, 5], [3, 12, 4, 13], [18, 2, 19, 1], [6, 20, 7, 19], [8, 16, 9, 15], [14, 8, 15, 7], [22, 10, 1, 9], [16, 21, 17, 22], [20, 13, 21, 14]]"
11n_128_11,"[[21, 14, 22, 15], [6, 4, 7, 3], [11, 18, 12, 19], [12, 5, 13, 6], [4, 13, 5, 14], [19, 3, 20, 2], [7, 21, 8, 20], [9, 17, 10, 16], [15, 9, 16, 8], [1, 11, 2, 10], [17, 22, 18, 1]]"
11n_128_12,"[[17, 22, 18, 1], [21, 14, 22, 15], [6, 4, 7, 3], [11, 18, 12, 19], [12, 5, 13, 6], [4, 13, 5, 14], [19, 3, 20, 2], [7, 21, 8, 20], [9, 17, 10, 16], [15, 9, 16, 8], [1, 11, 2, 10]]"
11n_128_13,"[[1, 11, 2, 10], [17, 22, 18, 1], [21, 14, 22, 15], [6, 4, 7, 3], [11, 18, 12, 19], [12, 5, 13, 6], [4, 13, 5, 14], [19, 3, 20, 2], [7, 21, 8, 20], [9, 17, 10, 16], [15, 9, 16, 8]]"
11n_128_14,"[[15, 9, 16, 8], [1, 11, 2, 10], [17, 22, 18, 1], [21, 14, 22, 15], [6, 4, 7, 3], [11, 18, 12, 19], [12, 5, 13, 6], [4, 13, 5, 14], [19, 3, 20, 2], [7, 21, 8, 20], [9, 17, 10, 16]]"
11n_128_15,"[[9, 17, 10, 16], [15, 9, 16, 8], [1, 11, 2, 10], [17, 22, 18, 1], [21, 14, 22, 15], [6, 4, 7, 3], [11, 18, 12, 19], [12, 5, 13, 6], [4, 13, 5, 14], [19, 3, 20, 2], [7, 21, 8, 20]]"
11n_128_16,"[[7, 21, 8, 20], [9, 17, 10, 16], [15, 9, 16, 8], [1, 11, 2, 10], [17, 22, 18, 1], [21, 14, 22, 15], [6, 4, 7, 3], [11, 18, 12, 19], [12, 5, 13, 6], [4, 13, 5, 14], [19, 3, 20, 2]]"
11n_128_17,"[[19, 3, 20, 2], [7, 21, 8, 20], [9, 17, 10, 16], [15, 9, 16, 8], [1, 11, 2, 10], [17, 22, 18, 1], [21, 14, 22, 15], [6, 4, 7, 3], [11, 18, 12, 19], [12, 5, 13, 6], [4, 13, 5, 14]]"
11n_128_18,"[[4, 13, 5, 14], [19, 3, 20, 2], [7, 21, 8, 20], [9, 17, 10, 16], [15, 9, 16, 8], [1, 11, 2, 10], [17, 22, 18, 1], [21, 14, 22, 15], [6, 4, 7, 3], [11, 18, 12, 19], [12, 5, 13, 6]]"
11n_128_19,"[[12, 5, 13, 6], [4, 13, 5, 14], [19, 3, 20, 2], [7, 21, 8, 20], [9, 17, 10, 16], [15, 9, 16, 8], [1, 11, 2, 10], [17, 22, 18, 1], [21, 14, 22, 15], [6, 4, 7, 3], [11, 18, 12, 19]]"
11n_128_20,"[[11, 18, 12, 19], [12, 5, 13, 6], [4, 13, 5, 14], [19, 3, 20, 2], [7, 21, 8, 20], [9, 17, 10, 16], [15, 9, 16, 8], [1, 11, 2, 10], [17, 22, 18, 1], [21, 14, 22, 15], [6, 4, 7, 3]]"
11n_128_21,"[[6, 4, 7, 3], [11, 18, 12, 19], [12, 5, 13, 6], [4, 13, 5, 14], [19, 3, 20, 2], [7, 21, 8, 20], [9, 17, 10, 16], [15, 9, 16, 8], [1, 11, 2, 10], [17, 22, 18, 1], [21, 14, 22, 15]]"
11n_128_22,"[[22, 15, 1, 16], [7, 5, 8, 4], [12, 19, 13, 20], [13, 6, 14, 7], [5, 14, 6, 15], [20, 4, 21, 3], [8, 22, 9, 21], [10, 18, 11, 17], [16, 10, 17, 9], [2, 12, 3, 11], [18, 1, 19, 2]]"
11n_128_23,"[[18, 1, 19, 2], [22, 15, 1, 16], [7, 5, 8, 4], [12, 19, 13, 20], [13, 6, 14, 7], [5, 14, 6, 15], [20, 4, 21, 3], [8, 22, 9, 21], [10, 18, 11, 17], [16, 10, 17, 9], [2, 12, 3, 11]]"
11n_128_24,"[[2, 12, 3, 11], [18, 1, 19, 2], [22, 15, 1, 16], [7, 5, 8, 4], [12, 19, 13, 20], [13, 6, 14, 7], [5, 14, 6, 15], [20, 4, 21, 3], [8, 22, 9, 21], [10, 18, 11, 17], [16, 10, 17, 9]]"
11n_128_25,"[[16, 10, 17, 9], [2, 12, 3, 11], [18, 1, 19, 2], [22, 15, 1, 16], [7, 5, 8, 4], [12, 19, 13, 20], [13, 6, 14, 7], [5, 14, 6, 15], [20, 4, 21, 3], [8, 22, 9, 21], [10, 18, 11, 17]]"
11n_128_26,"[[10, 18, 11, 17], [16, 10, 17, 9], [2, 12, 3, 11], [18, 1, 19, 2], [22, 15, 1, 16], [7, 5, 8, 4], [12, 19, 13, 20], [13, 6, 14, 7], [5, 14, 6, 15], [20, 4, 21, 3], [8, 22, 9, 21]]"
11n_128_27,"[[8, 22, 9, 21], [10, 18, 11, 17], [16, 10, 17, 9], [2, 12, 3, 11], [18, 1, 19, 2], [22, 15, 1, 16], [7, 5, 8, 4], [12, 19, 13, 20], [13, 6, 14, 7], [5, 14, 6, 15], [20, 4, 21, 3]]"
11n_128_28,"[[20, 4, 21, 3], [8, 22, 9, 21], [10, 18, 11, 17], [16, 10, 17, 9], [2, 12, 3, 11], [18, 1, 19, 2], [22, 15, 1, 16], [7, 5, 8, 4], [12, 19, 13, 20], [13, 6, 14, 7], [5, 14, 6, 15]]"
11n_128_29,"[[5, 14, 6, 15], [20, 4, 21, 3], [8, 22, 9, 21], [10, 18, 11, 17], [16, 10, 17, 9], [2, 12, 3, 11], [18, 1, 19, 2], [22, 15, 1, 16], [7, 5, 8, 4], [12, 19, 13, 20], [13, 6, 14, 7]]"
11n_128_30,"[[13, 6, 14, 7], [5, 14, 6, 15], [20, 4, 21, 3], [8, 22, 9, 21], [10, 18, 11, 17], [16, 10, 17, 9], [2, 12, 3, 11], [18, 1, 19, 2], [22, 15, 1, 16], [7, 5, 8, 4], [12, 19, 13, 20]]"
11n_128_31,"[[12, 19, 13, 20], [13, 6, 14, 7], [5, 14, 6, 15], [20, 4, 21, 3], [8, 22, 9, 21], [10, 18, 11, 17], [16, 10, 17, 9], [2, 12, 3, 11], [18, 1, 19, 2], [22, 15, 1, 16], [7, 5, 8, 4]]"
11n_128_32,"[[7, 5, 8, 4], [12, 19, 13, 20], [13, 6, 14, 7], [5, 14, 6, 15], [20, 4, 21, 3], [8, 22, 9, 21], [10, 18, 11, 17], [16, 10, 17, 9], [2, 12, 3, 11], [18, 1, 19, 2], [22, 15, 1, 16]]"
11n_128_33,"[[1, 16, 2, 17], [8, 6, 9, 5], [13, 20, 14, 21], [14, 7, 15, 8], [6, 15, 7, 16], [21, 5, 22, 4], [9, 1, 10, 22], [11, 19, 12, 18], [17, 11, 18, 10], [3, 13, 4, 12], [19, 2, 20, 3]]"
11n_128_34,"[[19, 2, 20, 3], [1, 16, 2, 17], [8, 6, 9, 5], [13, 20, 14, 21], [14, 7, 15, 8], [6, 15, 7, 16], [21, 5, 22, 4], [9, 1, 10, 22], [11, 19, 12, 18], [17, 11, 18, 10], [3, 13, 4, 12]]"
11n_128_35,"[[3, 13, 4, 12], [19, 2, 20, 3], [1, 16, 2, 17], [8, 6, 9, 5], [13, 20, 14, 21], [14, 7, 15, 8], [6, 15, 7, 16], [21, 5, 22, 4], [9, 1, 10, 22], [11, 19, 12, 18], [17, 11, 18, 10]]"
11n_128_36,"[[17, 11, 18, 10], [3, 13, 4, 12], [19, 2, 20, 3], [1, 16, 2, 17], [8, 6, 9, 5], [13, 20, 14, 21], [14, 7, 15, 8], [6, 15, 7, 16], [21, 5, 22, 4], [9, 1, 10, 22], [11, 19, 12, 18]]"
11n_128_37,"[[11, 19, 12, 18], [17, 11, 18, 10], [3, 13, 4, 12], [19, 2, 20, 3], [1, 16, 2, 17], [8, 6, 9, 5], [13, 20, 14, 21], [14, 7, 15, 8], [6, 15, 7, 16], [21, 5, 22, 4], [9, 1, 10, 22]]"
11n_128_38,"[[9, 1, 10, 22], [11, 19, 12, 18], [17, 11, 18, 10], [3, 13, 4, 12], [19, 2, 20, 3], [1, 16, 2, 17], [8, 6, 9, 5], [13, 20, 14, 21], [14, 7, 15, 8], [6, 15, 7, 16], [21, 5, 22, 4]]"
11n_128_39,"[[21, 5, 22, 4], [9, 1, 10, 22], [11, 19, 12, 18], [17, 11, 18, 10], [3, 13, 4, 12], [19, 2, 20, 3], [1, 16, 2, 17], [8, 6, 9, 5], [13, 20, 14, 21], [14, 7, 15, 8], [6, 15, 7, 16]]"
11n_128_40,"[[6, 15, 7, 16], [21, 5, 22, 4], [9, 1, 10, 22], [11, 19, 12, 18], [17, 11, 18, 10], [3, 13, 4, 12], [19, 2, 20, 3], [1, 16, 2, 17], [8, 6, 9, 5], [13, 20, 14, 21], [14, 7, 15, 8]]"
11n_128_41,"[[14, 7, 15, 8], [6, 15, 7, 16], [21, 5, 22, 4], [9, 1, 10, 22], [11, 19, 12, 18], [17, 11, 18, 10], [3, 13, 4, 12], [19, 2, 20, 3], [1, 16, 2, 17], [8, 6, 9, 5], [13, 20, 14, 21]]"
11n_128_42,"[[13, 20, 14, 21], [14, 7, 15, 8], [6, 15, 7, 16], [21, 5, 22, 4], [9, 1, 10, 22], [11, 19, 12, 18], [17, 11, 18, 10], [3, 13, 4, 12], [19, 2, 20, 3], [1, 16, 2, 17], [8, 6, 9, 5]]"
11n_128_43,"[[8, 6, 9, 5], [13, 20, 14, 21], [14, 7, 15, 8], [6, 15, 7, 16], [21, 5, 22, 4], [9, 1, 10, 22], [11, 19, 12, 18], [17, 11, 18, 10], [3, 13, 4, 12], [19, 2, 20, 3], [1, 16, 2, 17]]"
11n_128_44,"[[2, 17, 3, 18], [9, 7, 10, 6], [14, 21, 15, 22], [15, 8, 16, 9], [7, 16, 8, 17], [22, 6, 1, 5], [10, 2, 11, 1], [12, 20, 13, 19], [18, 12, 19, 11], [4, 14, 5, 13], [20, 3, 21, 4]]"
11n_128_45,"[[20, 3, 21, 4], [2, 17, 3, 18], [9, 7, 10, 6], [14, 21, 15, 22], [15, 8, 16, 9], [7, 16, 8, 17], [22, 6, 1, 5], [10, 2, 11, 1], [12, 20, 13, 19], [18, 12, 19, 11], [4, 14, 5, 13]]"
11n_128_46,"[[4, 14, 5, 13], [20, 3, 21, 4], [2, 17, 3, 18], [9, 7, 10, 6], [14, 21, 15, 22], [15, 8, 16, 9], [7, 16, 8, 17], [22, 6, 1, 5], [10, 2, 11, 1], [12, 20, 13, 19], [18, 12, 19, 11]]"
11n_128_47,"[[18, 12, 19, 11], [4, 14, 5, 13], [20, 3, 21, 4], [2, 17, 3, 18], [9, 7, 10, 6], [14, 21, 15, 22], [15, 8, 16, 9], [7, 16, 8, 17], [22, 6, 1, 5], [10, 2, 11, 1], [12, 20, 13, 19]]"
11n_128_48,"[[12, 20, 13, 19], [18, 12, 19, 11], [4, 14, 5, 13], [20, 3, 21, 4], [2, 17, 3, 18], [9, 7, 10, 6], [14, 21, 15, 22], [15, 8, 16, 9], [7, 16, 8, 17], [22, 6, 1, 5], [10, 2, 11, 1]]"
11n_128_49,"[[10, 2, 11, 1], [12, 20, 13, 19], [18, 12, 19, 11], [4, 14, 5, 13], [20, 3, 21, 4], [2, 17, 3, 18], [9, 7, 10, 6], [14, 21, 15, 22], [15, 8, 16, 9], [7, 16, 8, 17], [22, 6, 1, 5]]"
11n_128_50,"[[22, 6, 1, 5], [10, 2, 11, 1], [12, 20, 13, 19], [18, 12, 19, 11], [4, 14, 5, 13], [20, 3, 21, 4], [2, 17, 3, 18], [9, 7, 10, 6], [14, 21, 15, 22], [15, 8, 16, 9], [7, 16, 8, 17]]"
11n_128_51,"[[7, 16, 8, 17], [22, 6, 1, 5], [10, 2, 11, 1], [12, 20, 13, 19], [18, 12, 19, 11], [4, 14, 5, 13], [20, 3, 21, 4], [2, 17, 3, 18], [9, 7, 10, 6], [14, 21, 15, 22], [15, 8, 16, 9]]"
11n_128_52,"[[15, 8, 16, 9], [7, 16, 8, 17], [22, 6, 1, 5], [10, 2, 11, 1], [12, 20, 13, 19], [18, 12, 19, 11], [4, 14, 5, 13], [20, 3, 21, 4], [2, 17, 3, 18], [9, 7, 10, 6], [14, 21, 15, 22]]"
11n_128_53,"[[14, 21, 15, 22], [15, 8, 16, 9], [7, 16, 8, 17], [22, 6, 1, 5], [10, 2, 11, 1], [12, 20, 13, 19], [18, 12, 19, 11], [4, 14, 5, 13], [20, 3, 21, 4], [2, 17, 3, 18], [9, 7, 10, 6]]"
11n_128_54,"[[9, 7, 10, 6], [14, 21, 15, 22], [15, 8, 16, 9], [7, 16, 8, 17], [22, 6, 1, 5], [10, 2, 11, 1], [12, 20, 13, 19], [18, 12, 19, 11], [4, 14, 5, 13], [20, 3, 21, 4], [2, 17, 3, 18]]"
11n_128_55,"[[3, 18, 4, 19], [10, 8, 11, 7], [15, 22, 16, 1], [16, 9, 17, 10], [8, 17, 9, 18], [1, 7, 2, 6], [11, 3, 12, 2], [13, 21, 14, 20], [19, 13, 20, 12], [5, 15, 6, 14], [21, 4, 22, 5]]"
11n_128_56,"[[21, 4, 22, 5], [3, 18, 4, 19], [10, 8, 11, 7], [15, 22, 16, 1], [16, 9, 17, 10], [8, 17, 9, 18], [1, 7, 2, 6], [11, 3, 12, 2], [13, 21, 14, 20], [19, 13, 20, 12], [5, 15, 6, 14]]"
11n_128_57,"[[5, 15, 6, 14], [21, 4, 22, 5], [3, 18, 4, 19], [10, 8, 11, 7], [15, 22, 16, 1], [16, 9, 17, 10], [8, 17, 9, 18], [1, 7, 2, 6], [11, 3, 12, 2], [13, 21, 14, 20], [19, 13, 20, 12]]"
11n_128_58,"[[19, 13, 20, 12], [5, 15, 6, 14], [21, 4, 22, 5], [3, 18, 4, 19], [10, 8, 11, 7], [15, 22, 16, 1], [16, 9, 17, 10], [8, 17, 9, 18], [1, 7, 2, 6], [11, 3, 12, 2], [13, 21, 14, 20]]"
11n_128_59,"[[13, 21, 14, 20], [19, 13, 20, 12], [5, 15, 6, 14], [21, 4, 22, 5], [3, 18, 4, 19], [10, 8, 11, 7], [15, 22, 16, 1], [16, 9, 17, 10], [8, 17, 9, 18], [1, 7, 2, 6], [11, 3, 12, 2]]"
11n_128_60,"[[11, 3, 12, 2], [13, 21, 14, 20], [19, 13, 20, 12], [5, 15, 6, 14], [21, 4, 22, 5], [3, 18, 4, 19], [10, 8, 11, 7], [15, 22, 16, 1], [16, 9, 17, 10], [8, 17, 9, 18], [1, 7, 2, 6]]"
11n_128_61,"[[1, 7, 2, 6], [11, 3, 12, 2], [13, 21, 14, 20], [19, 13, 20, 12], [5, 15, 6, 14], [21, 4, 22, 5], [3, 18, 4, 19], [10, 8, 11, 7], [15, 22, 16, 1], [16, 9, 17, 10], [8, 17, 9, 18]]"
11n_128_62,"[[8, 17, 9, 18], [1, 7, 2, 6], [11, 3, 12, 2], [13, 21, 14, 20], [19, 13, 20, 12], [5, 15, 6, 14], [21, 4, 22, 5], [3, 18, 4, 19], [10, 8, 11, 7], [15, 22, 16, 1], [16, 9, 17, 10]]"
11n_128_63,"[[16, 9, 17, 10], [8, 17, 9, 18], [1, 7, 2, 6], [11, 3, 12, 2], [13, 21, 14, 20], [19, 13, 20, 12], [5, 15, 6, 14], [21, 4, 22, 5], [3, 18, 4, 19], [10, 8, 11, 7], [15, 22, 16, 1]]"
11n_128_64,"[[15, 22, 16, 1], [16, 9, 17, 10], [8, 17, 9, 18], [1, 7, 2, 6], [11, 3, 12, 2], [13, 21, 14, 20], [19, 13, 20, 12], [5, 15, 6, 14], [21, 4, 22, 5], [3, 18, 4, 19], [10, 8, 11, 7]]"
11n_128_65,"[[10, 8, 11, 7], [15, 22, 16, 1], [16, 9, 17, 10], [8, 17, 9, 18], [1, 7, 2, 6], [11, 3, 12, 2], [13, 21, 14, 20], [19, 13, 20, 12], [5, 15, 6, 14], [21, 4, 22, 5], [3, 18, 4, 19]]"
11n_128_66,"[[4, 19, 5, 20], [11, 9, 12, 8], [16, 1, 17, 2], [17, 10, 18, 11], [9, 18, 10, 19], [2, 8, 3, 7], [12, 4, 13, 3], [14, 22, 15, 21], [20, 14, 21, 13], [6, 16, 7, 15], [22, 5, 1, 6]]"
11n_128_67,"[[22, 5, 1, 6], [4, 19, 5, 20], [11, 9, 12, 8], [16, 1, 17, 2], [17, 10, 18, 11], [9, 18, 10, 19], [2, 8, 3, 7], [12, 4, 13, 3], [14, 22, 15, 21], [20, 14, 21, 13], [6, 16, 7, 15]]"
11n_128_68,"[[6, 16, 7, 15], [22, 5, 1, 6], [4, 19, 5, 20], [11, 9, 12, 8], [16, 1, 17, 2], [17, 10, 18, 11], [9, 18, 10, 19], [2, 8, 3, 7], [12, 4, 13, 3], [14, 22, 15, 21], [20, 14, 21, 13]]"
11n_128_69,"[[20, 14, 21, 13], [6, 16, 7, 15], [22, 5, 1, 6], [4, 19, 5, 20], [11, 9, 12, 8], [16, 1, 17, 2], [17, 10, 18, 11], [9, 18, 10, 19], [2, 8, 3, 7], [12, 4, 13, 3], [14, 22, 15, 21]]"
11n_128_70,"[[14, 22, 15, 21], [20, 14, 21, 13], [6, 16, 7, 15], [22, 5, 1, 6], [4, 19, 5, 20], [11, 9, 12, 8], [16, 1, 17, 2], [17, 10, 18, 11], [9, 18, 10, 19], [2, 8, 3, 7], [12, 4, 13, 3]]"
11n_128_71,"[[12, 4, 13, 3], [14, 22, 15, 21], [20, 14, 21, 13], [6, 16, 7, 15], [22, 5, 1, 6], [4, 19, 5, 20], [11, 9, 12, 8], [16, 1, 17, 2], [17, 10, 18, 11], [9, 18, 10, 19], [2, 8, 3, 7]]"
11n_128_72,"[[2, 8, 3, 7], [12, 4, 13, 3], [14, 22, 15, 21], [20, 14, 21, 13], [6, 16, 7, 15], [22, 5, 1, 6], [4, 19, 5, 20], [11, 9, 12, 8], [16, 1, 17, 2], [17, 10, 18, 11], [9, 18, 10, 19]]"
11n_128_73,"[[9, 18, 10, 19], [2, 8, 3, 7], [12, 4, 13, 3], [14, 22, 15, 21], [20, 14, 21, 13], [6, 16, 7, 15], [22, 5, 1, 6], [4, 19, 5, 20], [11, 9, 12, 8], [16, 1, 17, 2], [17, 10, 18, 11]]"
11n_128_74,"[[17, 10, 18, 11], [9, 18, 10, 19], [2, 8, 3, 7], [12, 4, 13, 3], [14, 22, 15, 21], [20, 14, 21, 13], [6, 16, 7, 15], [22, 5, 1, 6], [4, 19, 5, 20], [11, 9, 12, 8], [16, 1, 17, 2]]"
11n_128_75,"[[16, 1, 17, 2], [17, 10, 18, 11], [9, 18, 10, 19], [2, 8, 3, 7], [12, 4, 13, 3], [14, 22, 15, 21], [20, 14, 21, 13], [6, 16, 7, 15], [22, 5, 1, 6], [4, 19, 5, 20], [11, 9, 12, 8]]"
11n_128_76,"[[11, 9, 12, 8], [16, 1, 17, 2], [17, 10, 18, 11], [9, 18, 10, 19], [2, 8, 3, 7], [12, 4, 13, 3], [14, 22, 15, 21], [20, 14, 21, 13], [6, 16, 7, 15], [22, 5, 1, 6], [4, 19, 5, 20]]"
11n_128_77,"[[5, 20, 6, 21], [12, 10, 13, 9], [17, 2, 18, 3], [18, 11, 19, 12], [10, 19, 11, 20], [3, 9, 4, 8], [13, 5, 14, 4], [15, 1, 16, 22], [21, 15, 22, 14], [7, 17, 8, 16], [1, 6, 2, 7]]"
11n_128_78,"[[1, 6, 2, 7], [5, 20, 6, 21], [12, 10, 13, 9], [17, 2, 18, 3], [18, 11, 19, 12], [10, 19, 11, 20], [3, 9, 4, 8], [13, 5, 14, 4], [15, 1, 16, 22], [21, 15, 22, 14], [7, 17, 8, 16]]"
11n_128_79,"[[7, 17, 8, 16], [1, 6, 2, 7], [5, 20, 6, 21], [12, 10, 13, 9], [17, 2, 18, 3], [18, 11, 19, 12], [10, 19, 11, 20], [3, 9, 4, 8], [13, 5, 14, 4], [15, 1, 16, 22], [21, 15, 22, 14]]"
11n_128_80,"[[21, 15, 22, 14], [7, 17, 8, 16], [1, 6, 2, 7], [5, 20, 6, 21], [12, 10, 13, 9], [17, 2, 18, 3], [18, 11, 19, 12], [10, 19, 11, 20], [3, 9, 4, 8], [13, 5, 14, 4], [15, 1, 16, 22]]"
11n_128_81,"[[15, 1, 16, 22], [21, 15, 22, 14], [7, 17, 8, 16], [1, 6, 2, 7], [5, 20, 6, 21], [12, 10, 13, 9], [17, 2, 18, 3], [18, 11, 19, 12], [10, 19, 11, 20], [3, 9, 4, 8], [13, 5, 14, 4]]"
11n_128_82,"[[13, 5, 14, 4], [15, 1, 16, 22], [21, 15, 22, 14], [7, 17, 8, 16], [1, 6, 2, 7], [5, 20, 6, 21], [12, 10, 13, 9], [17, 2, 18, 3], [18, 11, 19, 12], [10, 19, 11, 20], [3, 9, 4, 8]]"
11n_128_83,"[[3, 9, 4, 8], [13, 5, 14, 4], [15, 1, 16, 22], [21, 15, 22, 14], [7, 17, 8, 16], [1, 6, 2, 7], [5, 20, 6, 21], [12, 10, 13, 9], [17, 2, 18, 3], [18, 11, 19, 12], [10, 19, 11, 20]]"
11n_128_84,"[[10, 19, 11, 20], [3, 9, 4, 8], [13, 5, 14, 4], [15, 1, 16, 22], [21, 15, 22, 14], [7, 17, 8, 16], [1, 6, 2, 7], [5, 20, 6, 21], [12, 10, 13, 9], [17, 2, 18, 3], [18, 11, 19, 12]]"
11n_128_85,"[[18, 11, 19, 12], [10, 19, 11, 20], [3, 9, 4, 8], [13, 5, 14, 4], [15, 1, 16, 22], [21, 15, 22, 14], [7, 17, 8, 16], [1, 6, 2, 7], [5, 20, 6, 21], [12, 10, 13, 9], [17, 2, 18, 3]]"
11n_128_86,"[[17, 2, 18, 3], [18, 11, 19, 12], [10, 19, 11, 20], [3, 9, 4, 8], [13, 5, 14, 4], [15, 1, 16, 22], [21, 15, 22, 14], [7, 17, 8, 16], [1, 6, 2, 7], [5, 20, 6, 21], [12, 10, 13, 9]]"
11n_128_87,"[[12, 10, 13, 9], [17, 2, 18, 3], [18, 11, 19, 12], [10, 19, 11, 20], [3, 9, 4, 8], [13, 5, 14, 4], [15, 1, 16, 22], [21, 15, 22, 14], [7, 17, 8, 16], [1, 6, 2, 7], [5, 20, 6, 21]]"
11n_128_88,"[[6, 21, 7, 22], [13, 11, 14, 10], [18, 3, 19, 4], [19, 12, 20, 13], [11, 20, 12, 21], [4, 10, 5, 9], [14, 6, 15, 5], [16, 2, 17, 1], [22, 16, 1, 15], [8, 18, 9, 17], [2, 7, 3, 8]]"
11n_128_89,"[[2, 7, 3, 8], [6, 21, 7, 22], [13, 11, 14, 10], [18, 3, 19, 4], [19, 12, 20, 13], [11, 20, 12, 21], [4, 10, 5, 9], [14, 6, 15, 5], [16, 2, 17, 1], [22, 16, 1, 15], [8, 18, 9, 17]]"
11n_128_90,"[[8, 18, 9, 17], [2, 7, 3, 8], [6, 21, 7, 22], [13, 11, 14, 10], [18, 3, 19, 4], [19, 12, 20, 13], [11, 20, 12, 21], [4, 10, 5, 9], [14, 6, 15, 5], [16, 2, 17, 1], [22, 16, 1, 15]]"
11n_128_91,"[[22, 16, 1, 15], [8, 18, 9, 17], [2, 7, 3, 8], [6, 21, 7, 22], [13, 11, 14, 10], [18, 3, 19, 4], [19, 12, 20, 13], [11, 20, 12, 21], [4, 10, 5, 9], [14, 6, 15, 5], [16, 2, 17, 1]]"
11n_128_92,"[[16, 2, 17, 1], [22, 16, 1, 15], [8, 18, 9, 17], [2, 7, 3, 8], [6, 21, 7, 22], [13, 11, 14, 10], [18, 3, 19, 4], [19, 12, 20, 13], [11, 20, 12, 21], [4, 10, 5, 9], [14, 6, 15, 5]]"
11n_128_93,"[[14, 6, 15, 5], [16, 2, 17, 1], [22, 16, 1, 15], [8, 18, 9, 17], [2, 7, 3, 8], [6, 21, 7, 22], [13, 11, 14, 10], [18, 3, 19, 4], [19, 12, 20, 13], [11, 20, 12, 21], [4, 10, 5, 9]]"
11n_128_94,"[[4, 10, 5, 9], [14, 6, 15, 5], [16, 2, 17, 1], [22, 16, 1, 15], [8, 18, 9, 17], [2, 7, 3, 8], [6, 21, 7, 22], [13, 11, 14, 10], [18, 3, 19, 4], [19, 12, 20, 13], [11, 20, 12, 21]]"
11n_128_95,"[[11, 20, 12, 21], [4, 10, 5, 9], [14, 6, 15, 5], [16, 2, 17, 1], [22, 16, 1, 15], [8, 18, 9, 17], [2, 7, 3, 8], [6, 21, 7, 22], [13, 11, 14, 10], [18, 3, 19, 4], [19, 12, 20, 13]]"
11n_128_96,"[[19, 12, 20, 13], [11, 20, 12, 21], [4, 10, 5, 9], [14, 6, 15, 5], [16, 2, 17, 1], [22, 16, 1, 15], [8, 18, 9, 17], [2, 7, 3, 8], [6, 21, 7, 22], [13, 11, 14, 10], [18, 3, 19, 4]]"
11n_128_97,"[[18, 3, 19, 4], [19, 12, 20, 13], [11, 20, 12, 21], [4, 10, 5, 9], [14, 6, 15, 5], [16, 2, 17, 1], [22, 16, 1, 15], [8, 18, 9, 17], [2, 7, 3, 8], [6, 21, 7, 22], [13, 11, 14, 10]]"
11n_128_98,"[[13, 11, 14, 10], [18, 3, 19, 4], [19, 12, 20, 13], [11, 20, 12, 21], [4, 10, 5, 9], [14, 6, 15, 5], [16, 2, 17, 1], [22, 16, 1, 15], [8, 18, 9, 17], [2, 7, 3, 8], [6, 21, 7, 22]]"
11n_128_99,"[[7, 22, 8, 1], [14, 12, 15, 11], [19, 4, 20, 5], [20, 13, 21, 14], [12, 21, 13, 22], [5, 11, 6, 10], [15, 7, 16, 6], [17, 3, 18, 2], [1, 17, 2, 16], [9, 19, 10, 18], [3, 8, 4, 9]]"
11n_128_100,"[[3, 8, 4, 9], [7, 22, 8, 1], [14, 12, 15, 11], [19, 4, 20, 5], [20, 13, 21, 14], [12, 21, 13, 22], [5, 11, 6, 10], [15, 7, 16, 6], [17, 3, 18, 2], [1, 17, 2, 16], [9, 19, 10, 18]]"
11n_128_101,"[[9, 19, 10, 18], [3, 8, 4, 9], [7, 22, 8, 1], [14, 12, 15, 11], [19, 4, 20, 5], [20, 13, 21, 14], [12, 21, 13, 22], [5, 11, 6, 10], [15, 7, 16, 6], [17, 3, 18, 2], [1, 17, 2, 16]]"
11n_128_102,"[[1, 17, 2, 16], [9, 19, 10, 18], [3, 8, 4, 9], [7, 22, 8, 1], [14, 12, 15, 11], [19, 4, 20, 5], [20, 13, 21, 14], [12, 21, 13, 22], [5, 11, 6, 10], [15, 7, 16, 6], [17, 3, 18, 2]]"
11n_128_103,"[[17, 3, 18, 2], [1, 17, 2, 16], [9, 19, 10, 18], [3, 8, 4, 9], [7, 22, 8, 1], [14, 12, 15, 11], [19, 4, 20, 5], [20, 13, 21, 14], [12, 21, 13, 22], [5, 11, 6, 10], [15, 7, 16, 6]]"
11n_128_104,"[[15, 7, 16, 6], [17, 3, 18, 2], [1, 17, 2, 16], [9, 19, 10, 18], [3, 8, 4, 9], [7, 22, 8, 1], [14, 12, 15, 11], [19, 4, 20, 5], [20, 13, 21, 14], [12, 21, 13, 22], [5, 11, 6, 10]]"
11n_128_105,"[[5, 11, 6, 10], [15, 7, 16, 6], [17, 3, 18, 2], [1, 17, 2, 16], [9, 19, 10, 18], [3, 8, 4, 9], [7, 22, 8, 1], [14, 12, 15, 11], [19, 4, 20, 5], [20, 13, 21, 14], [12, 21, 13, 22]]"
11n_128_106,"[[12, 21, 13, 22], [5, 11, 6, 10], [15, 7, 16, 6], [17, 3, 18, 2], [1, 17, 2, 16], [9, 19, 10, 18], [3, 8, 4, 9], [7, 22, 8, 1], [14, 12, 15, 11], [19, 4, 20, 5], [20, 13, 21, 14]]"
11n_128_107,"[[20, 13, 21, 14], [12, 21, 13, 22], [5, 11, 6, 10], [15, 7, 16, 6], [17, 3, 18, 2], [1, 17, 2, 16], [9, 19, 10, 18], [3, 8, 4, 9], [7, 22, 8, 1], [14, 12, 15, 11], [19, 4, 20, 5]]"
11n_128_108,"[[19, 4, 20, 5], [20, 13, 21, 14], [12, 21, 13, 22], [5, 11, 6, 10], [15, 7, 16, 6], [17, 3, 18, 2], [1, 17, 2, 16], [9, 19, 10, 18], [3, 8, 4, 9], [7, 22, 8, 1], [14, 12, 15, 11]]"
11n_128_109,"[[14, 12, 15, 11], [19, 4, 20, 5], [20, 13, 21, 14], [12, 21, 13, 22], [5, 11, 6, 10], [15, 7, 16, 6], [17, 3, 18, 2], [1, 17, 2, 16], [9, 19, 10, 18], [3, 8, 4, 9], [7, 22, 8, 1]]"
11n_128_110,"[[8, 1, 9, 2], [15, 13, 16, 12], [20, 5, 21, 6], [21, 14, 22, 15], [13, 22, 14, 1], [6, 12, 7, 11], [16, 8, 17, 7], [18, 4, 19, 3], [2, 18, 3, 17], [10, 20, 11, 19], [4, 9, 5, 10]]"
11n_128_111,"[[4, 9, 5, 10], [8, 1, 9, 2], [15, 13, 16, 12], [20, 5, 21, 6], [21, 14, 22, 15], [13, 22, 14, 1], [6, 12, 7, 11], [16, 8, 17, 7], [18, 4, 19, 3], [2, 18, 3, 17], [10, 20, 11, 19]]"
11n_128_112,"[[10, 20, 11, 19], [4, 9, 5, 10], [8, 1, 9, 2], [15, 13, 16, 12], [20, 5, 21, 6], [21, 14, 22, 15], [13, 22, 14, 1], [6, 12, 7, 11], [16, 8, 17, 7], [18, 4, 19, 3], [2, 18, 3, 17]]"
11n_128_113,"[[2, 18, 3, 17], [10, 20, 11, 19], [4, 9, 5, 10], [8, 1, 9, 2], [15, 13, 16, 12], [20, 5, 21, 6], [21, 14, 22, 15], [13, 22, 14, 1], [6, 12, 7, 11], [16, 8, 17, 7], [18, 4, 19, 3]]"
11n_128_114,"[[18, 4, 19, 3], [2, 18, 3, 17], [10, 20, 11, 19], [4, 9, 5, 10], [8, 1, 9, 2], [15, 13, 16, 12], [20, 5, 21, 6], [21, 14, 22, 15], [13, 22, 14, 1], [6, 12, 7, 11], [16, 8, 17, 7]]"
11n_128_115,"[[16, 8, 17, 7], [18, 4, 19, 3], [2, 18, 3, 17], [10, 20, 11, 19], [4, 9, 5, 10], [8, 1, 9, 2], [15, 13, 16, 12], [20, 5, 21, 6], [21, 14, 22, 15], [13, 22, 14, 1], [6, 12, 7, 11]]"
11n_128_116,"[[6, 12, 7, 11], [16, 8, 17, 7], [18, 4, 19, 3], [2, 18, 3, 17], [10, 20, 11, 19], [4, 9, 5, 10], [8, 1, 9, 2], [15, 13, 16, 12], [20, 5, 21, 6], [21, 14, 22, 15], [13, 22, 14, 1]]"
11n_128_117,"[[13, 22, 14, 1], [6, 12, 7, 11], [16, 8, 17, 7], [18, 4, 19, 3], [2, 18, 3, 17], [10, 20, 11, 19], [4, 9, 5, 10], [8, 1, 9, 2], [15, 13, 16, 12], [20, 5, 21, 6], [21, 14, 22, 15]]"
11n_128_118,"[[21, 14, 22, 15], [13, 22, 14, 1], [6, 12, 7, 11], [16, 8, 17, 7], [18, 4, 19, 3], [2, 18, 3, 17], [10, 20, 11, 19], [4, 9, 5, 10], [8, 1, 9, 2], [15, 13, 16, 12], [20, 5, 21, 6]]"
11n_128_119,"[[20, 5, 21, 6], [21, 14, 22, 15], [13, 22, 14, 1], [6, 12, 7, 11], [16, 8, 17, 7], [18, 4, 19, 3], [2, 18, 3, 17], [10, 20, 11, 19], [4, 9, 5, 10], [8, 1, 9, 2], [15, 13, 16, 12]]"
11n_128_120,"[[15, 13, 16, 12], [20, 5, 21, 6], [21, 14, 22, 15], [13, 22, 14, 1], [6, 12, 7, 11], [16, 8, 17, 7], [18, 4, 19, 3], [2, 18, 3, 17], [10, 20, 11, 19], [4, 9, 5, 10], [8, 1, 9, 2]]"
11n_128_121,"[[9, 2, 10, 3], [16, 14, 17, 13], [21, 6, 22, 7], [22, 15, 1, 16], [14, 1, 15, 2], [7, 13, 8, 12], [17, 9, 18, 8], [19, 5, 20, 4], [3, 19, 4, 18], [11, 21, 12, 20], [5, 10, 6, 11]]"
11n_128_122,"[[5, 10, 6, 11], [9, 2, 10, 3], [16, 14, 17, 13], [21, 6, 22, 7], [22, 15, 1, 16], [14, 1, 15, 2], [7, 13, 8, 12], [17, 9, 18, 8], [19, 5, 20, 4], [3, 19, 4, 18], [11, 21, 12, 20]]"
11n_128_123,"[[11, 21, 12, 20], [5, 10, 6, 11], [9, 2, 10, 3], [16, 14, 17, 13], [21, 6, 22, 7], [22, 15, 1, 16], [14, 1, 15, 2], [7, 13, 8, 12], [17, 9, 18, 8], [19, 5, 20, 4], [3, 19, 4, 18]]"
11n_128_124,"[[3, 19, 4, 18], [11, 21, 12, 20], [5, 10, 6, 11], [9, 2, 10, 3], [16, 14, 17, 13], [21, 6, 22, 7], [22, 15, 1, 16], [14, 1, 15, 2], [7, 13, 8, 12], [17, 9, 18, 8], [19, 5, 20, 4]]"
11n_128_125,"[[19, 5, 20, 4], [3, 19, 4, 18], [11, 21, 12, 20], [5, 10, 6, 11], [9, 2, 10, 3], [16, 14, 17, 13], [21, 6, 22, 7], [22, 15, 1, 16], [14, 1, 15, 2], [7, 13, 8, 12], [17, 9, 18, 8]]"
11n_128_126,"[[17, 9, 18, 8], [19, 5, 20, 4], [3, 19, 4, 18], [11, 21, 12, 20], [5, 10, 6, 11], [9, 2, 10, 3], [16, 14, 17, 13], [21, 6, 22, 7], [22, 15, 1, 16], [14, 1, 15, 2], [7, 13, 8, 12]]"
11n_128_127,"[[7, 13, 8, 12], [17, 9, 18, 8], [19, 5, 20, 4], [3, 19, 4, 18], [11, 21, 12, 20], [5, 10, 6, 11], [9, 2, 10, 3], [16, 14, 17, 13], [21, 6, 22, 7], [22, 15, 1, 16], [14, 1, 15, 2]]"
11n_128_128,"[[14, 1, 15, 2], [7, 13, 8, 12], [17, 9, 18, 8], [19, 5, 20, 4], [3, 19, 4, 18], [11, 21, 12, 20], [5, 10, 6, 11], [9, 2, 10, 3], [16, 14, 17, 13], [21, 6, 22, 7], [22, 15, 1, 16]]"
11n_128_129,"[[22, 15, 1, 16], [14, 1, 15, 2], [7, 13, 8, 12], [17, 9, 18, 8], [19, 5, 20, 4], [3, 19, 4, 18], [11, 21, 12, 20], [5, 10, 6, 11], [9, 2, 10, 3], [16, 14, 17, 13], [21, 6, 22, 7]]"
11n_128_130,"[[21, 6, 22, 7], [22, 15, 1, 16], [14, 1, 15, 2], [7, 13, 8, 12], [17, 9, 18, 8], [19, 5, 20, 4], [3, 19, 4, 18], [11, 21, 12, 20], [5, 10, 6, 11], [9, 2, 10, 3], [16, 14, 17, 13]]"
11n_128_131,"[[16, 14, 17, 13], [21, 6, 22, 7], [22, 15, 1, 16], [14, 1, 15, 2], [7, 13, 8, 12], [17, 9, 18, 8], [19, 5, 20, 4], [3, 19, 4, 18], [11, 21, 12, 20], [5, 10, 6, 11], [9, 2, 10, 3]]"
11n_128_132,"[[10, 3, 11, 4], [17, 15, 18, 14], [22, 7, 1, 8], [1, 16, 2, 17], [15, 2, 16, 3], [8, 14, 9, 13], [18, 10, 19, 9], [20, 6, 21, 5], [4, 20, 5, 19], [12, 22, 13, 21], [6, 11, 7, 12]]"
11n_128_133,"[[6, 11, 7, 12], [10, 3, 11, 4], [17, 15, 18, 14], [22, 7, 1, 8], [1, 16, 2, 17], [15, 2, 16, 3], [8, 14, 9, 13], [18, 10, 19, 9], [20, 6, 21, 5], [4, 20, 5, 19], [12, 22, 13, 21]]"
11n_128_134,"[[12, 22, 13, 21], [6, 11, 7, 12], [10, 3, 11, 4], [17, 15, 18, 14], [22, 7, 1, 8], [1, 16, 2, 17], [15, 2, 16, 3], [8, 14, 9, 13], [18, 10, 19, 9], [20, 6, 21, 5], [4, 20, 5, 19]]"
11n_128_135,"[[4, 20, 5, 19], [12, 22, 13, 21], [6, 11, 7, 12], [10, 3, 11, 4], [17, 15, 18, 14], [22, 7, 1, 8], [1, 16, 2, 17], [15, 2, 16, 3], [8, 14, 9, 13], [18, 10, 19, 9], [20, 6, 21, 5]]"
11n_128_136,"[[20, 6, 21, 5], [4, 20, 5, 19], [12, 22, 13, 21], [6, 11, 7, 12], [10, 3, 11, 4], [17, 15, 18, 14], [22, 7, 1, 8], [1, 16, 2, 17], [15, 2, 16, 3], [8, 14, 9, 13], [18, 10, 19, 9]]"
11n_128_137,"[[18, 10, 19, 9], [20, 6, 21, 5], [4, 20, 5, 19], [12, 22, 13, 21], [6, 11, 7, 12], [10, 3, 11, 4], [17, 15, 18, 14], [22, 7, 1, 8], [1, 16, 2, 17], [15, 2, 16, 3], [8, 14, 9, 13]]"
11n_128_138,"[[8, 14, 9, 13], [18, 10, 19, 9], [20, 6, 21, 5], [4, 20, 5, 19], [12, 22, 13, 21], [6, 11, 7, 12], [10, 3, 11, 4], [17, 15, 18, 14], [22, 7, 1, 8], [1, 16, 2, 17], [15, 2, 16, 3]]"
11n_128_139,"[[15, 2, 16, 3], [8, 14, 9, 13], [18, 10, 19, 9], [20, 6, 21, 5], [4, 20, 5, 19], [12, 22, 13, 21], [6, 11, 7, 12], [10, 3, 11, 4], [17, 15, 18, 14], [22, 7, 1, 8], [1, 16, 2, 17]]"
11n_128_140,"[[1, 16, 2, 17], [15, 2, 16, 3], [8, 14, 9, 13], [18, 10, 19, 9], [20, 6, 21, 5], [4, 20, 5, 19], [12, 22, 13, 21], [6, 11, 7, 12], [10, 3, 11, 4], [17, 15, 18, 14], [22, 7, 1, 8]]"
11n_128_141,"[[22, 7, 1, 8], [1, 16, 2, 17], [15, 2, 16, 3], [8, 14, 9, 13], [18, 10, 19, 9], [20, 6, 21, 5], [4, 20, 5, 19], [12, 22, 13, 21], [6, 11, 7, 12], [10, 3, 11, 4], [17, 15, 18, 14]]"
11n_128_142,"[[17, 15, 18, 14], [22, 7, 1, 8], [1, 16, 2, 17], [15, 2, 16, 3], [8, 14, 9, 13], [18, 10, 19, 9], [20, 6, 21, 5], [4, 20, 5, 19], [12, 22, 13, 21], [6, 11, 7, 12], [10, 3, 11, 4]]"
11n_128_143,"[[11, 4, 12, 5], [18, 16, 19, 15], [1, 8, 2, 9], [2, 17, 3, 18], [16, 3, 17, 4], [9, 15, 10, 14], [19, 11, 20, 10], [21, 7, 22, 6], [5, 21, 6, 20], [13, 1, 14, 22], [7, 12, 8, 13]]"
11n_128_144,"[[7, 12, 8, 13], [11, 4, 12, 5], [18, 16, 19, 15], [1, 8, 2, 9], [2, 17, 3, 18], [16, 3, 17, 4], [9, 15, 10, 14], [19, 11, 20, 10], [21, 7, 22, 6], [5, 21, 6, 20], [13, 1, 14, 22]]"
11n_128_145,"[[13, 1, 14, 22], [7, 12, 8, 13], [11, 4, 12, 5], [18, 16, 19, 15], [1, 8, 2, 9], [2, 17, 3, 18], [16, 3, 17, 4], [9, 15, 10, 14], [19, 11, 20, 10], [21, 7, 22, 6], [5, 21, 6, 20]]"
11n_128_146,"[[5, 21, 6, 20], [13, 1, 14, 22], [7, 12, 8, 13], [11, 4, 12, 5], [18, 16, 19, 15], [1, 8, 2, 9], [2, 17, 3, 18], [16, 3, 17, 4], [9, 15, 10, 14], [19, 11, 20, 10], [21, 7, 22, 6]]"
11n_128_147,"[[21, 7, 22, 6], [5, 21, 6, 20], [13, 1, 14, 22], [7, 12, 8, 13], [11, 4, 12, 5], [18, 16, 19, 15], [1, 8, 2, 9], [2, 17, 3, 18], [16, 3, 17, 4], [9, 15, 10, 14], [19, 11, 20, 10]]"
11n_128_148,"[[19, 11, 20, 10], [21, 7, 22, 6], [5, 21, 6, 20], [13, 1, 14, 22], [7, 12, 8, 13], [11, 4, 12, 5], [18, 16, 19, 15], [1, 8, 2, 9], [2, 17, 3, 18], [16, 3, 17, 4], [9, 15, 10, 14]]"
11n_128_149,"[[9, 15, 10, 14], [19, 11, 20, 10], [21, 7, 22, 6], [5, 21, 6, 20], [13, 1, 14, 22], [7, 12, 8, 13], [11, 4, 12, 5], [18, 16, 19, 15], [1, 8, 2, 9], [2, 17, 3, 18], [16, 3, 17, 4]]"
11n_128_150,"[[16, 3, 17, 4], [9, 15, 10, 14], [19, 11, 20, 10], [21, 7, 22, 6], [5, 21, 6, 20], [13, 1, 14, 22], [7, 12, 8, 13], [11, 4, 12, 5], [18, 16, 19, 15], [1, 8, 2, 9], [2, 17, 3, 18]]"
11n_128_151,"[[2, 17, 3, 18], [16, 3, 17, 4], [9, 15, 10, 14], [19, 11, 20, 10], [21, 7, 22, 6], [5, 21, 6, 20], [13, 1, 14, 22], [7, 12, 8, 13], [11, 4, 12, 5], [18, 16, 19, 15], [1, 8, 2, 9]]"
11n_128_152,"[[1, 8, 2, 9], [2, 17, 3, 18], [16, 3, 17, 4], [9, 15, 10, 14], [19, 11, 20, 10], [21, 7, 22, 6], [5, 21, 6, 20], [13, 1, 14, 22], [7, 12, 8, 13], [11, 4, 12, 5], [18, 16, 19, 15]]"
11n_128_153,"[[18, 16, 19, 15], [1, 8, 2, 9], [2, 17, 3, 18], [16, 3, 17, 4], [9, 15, 10, 14], [19, 11, 20, 10], [21, 7, 22, 6], [5, 21, 6, 20], [13, 1, 14, 22], [7, 12, 8, 13], [11, 4, 12, 5]]"
11n_128_154,"[[12, 5, 13, 6], [19, 17, 20, 16], [2, 9, 3, 10], [3, 18, 4, 19], [17, 4, 18, 5], [10, 16, 11, 15], [20, 12, 21, 11], [22, 8, 1, 7], [6, 22, 7, 21], [14, 2, 15, 1], [8, 13, 9, 14]]"
11n_128_155,"[[8, 13, 9, 14], [12, 5, 13, 6], [19, 17, 20, 16], [2, 9, 3, 10], [3, 18, 4, 19], [17, 4, 18, 5], [10, 16, 11, 15], [20, 12, 21, 11], [22, 8, 1, 7], [6, 22, 7, 21], [14, 2, 15, 1]]"
11n_128_156,"[[14, 2, 15, 1], [8, 13, 9, 14], [12, 5, 13, 6], [19, 17, 20, 16], [2, 9, 3, 10], [3, 18, 4, 19], [17, 4, 18, 5], [10, 16, 11, 15], [20, 12, 21, 11], [22, 8, 1, 7], [6, 22, 7, 21]]"
11n_128_157,"[[6, 22, 7, 21], [14, 2, 15, 1], [8, 13, 9, 14], [12, 5, 13, 6], [19, 17, 20, 16], [2, 9, 3, 10], [3, 18, 4, 19], [17, 4, 18, 5], [10, 16, 11, 15], [20, 12, 21, 11], [22, 8, 1, 7]]"
11n_128_158,"[[22, 8, 1, 7], [6, 22, 7, 21], [14, 2, 15, 1], [8, 13, 9, 14], [12, 5, 13, 6], [19, 17, 20, 16], [2, 9, 3, 10], [3, 18, 4, 19], [17, 4, 18, 5], [10, 16, 11, 15], [20, 12, 21, 11]]"
11n_128_159,"[[20, 12, 21, 11], [22, 8, 1, 7], [6, 22, 7, 21], [14, 2, 15, 1], [8, 13, 9, 14], [12, 5, 13, 6], [19, 17, 20, 16], [2, 9, 3, 10], [3, 18, 4, 19], [17, 4, 18, 5], [10, 16, 11, 15]]"
11n_128_160,"[[10, 16, 11, 15], [20, 12, 21, 11], [22, 8, 1, 7], [6, 22, 7, 21], [14, 2, 15, 1], [8, 13, 9, 14], [12, 5, 13, 6], [19, 17, 20, 16], [2, 9, 3, 10], [3, 18, 4, 19], [17, 4, 18, 5]]"
11n_128_161,"[[17, 4, 18, 5], [10, 16, 11, 15], [20, 12, 21, 11], [22, 8, 1, 7], [6, 22, 7, 21], [14, 2, 15, 1], [8, 13, 9, 14], [12, 5, 13, 6], [19, 17, 20, 16], [2, 9, 3, 10], [3, 18, 4, 19]]"
11n_128_162,"[[3, 18, 4, 19], [17, 4, 18, 5], [10, 16, 11, 15], [20, 12, 21, 11], [22, 8, 1, 7], [6, 22, 7, 21], [14, 2, 15, 1], [8, 13, 9, 14], [12, 5, 13, 6], [19, 17, 20, 16], [2, 9, 3, 10]]"
11n_128_163,"[[2, 9, 3, 10], [3, 18, 4, 19], [17, 4, 18, 5], [10, 16, 11, 15], [20, 12, 21, 11], [22, 8, 1, 7], [6, 22, 7, 21], [14, 2, 15, 1], [8, 13, 9, 14], [12, 5, 13, 6], [19, 17, 20, 16]]"
11n_128_164,"[[19, 17, 20, 16], [2, 9, 3, 10], [3, 18, 4, 19], [17, 4, 18, 5], [10, 16, 11, 15], [20, 12, 21, 11], [22, 8, 1, 7], [6, 22, 7, 21], [14, 2, 15, 1], [8, 13, 9, 14], [12, 5, 13, 6]]"
11n_128_165,"[[13, 6, 14, 7], [20, 18, 21, 17], [3, 10, 4, 11], [4, 19, 5, 20], [18, 5, 19, 6], [11, 17, 12, 16], [21, 13, 22, 12], [1, 9, 2, 8], [7, 1, 8, 22], [15, 3, 16, 2], [9, 14, 10, 15]]"
11n_128_166,"[[9, 14, 10, 15], [13, 6, 14, 7], [20, 18, 21, 17], [3, 10, 4, 11], [4, 19, 5, 20], [18, 5, 19, 6], [11, 17, 12, 16], [21, 13, 22, 12], [1, 9, 2, 8], [7, 1, 8, 22], [15, 3, 16, 2]]"
11n_128_167,"[[15, 3, 16, 2], [9, 14, 10, 15], [13, 6, 14, 7], [20, 18, 21, 17], [3, 10, 4, 11], [4, 19, 5, 20], [18, 5, 19, 6], [11, 17, 12, 16], [21, 13, 22, 12], [1, 9, 2, 8], [7, 1, 8, 22]]"
11n_128_168,"[[7, 1, 8, 22], [15, 3, 16, 2], [9, 14, 10, 15], [13, 6, 14, 7], [20, 18, 21, 17], [3, 10, 4, 11], [4, 19, 5, 20], [18, 5, 19, 6], [11, 17, 12, 16], [21, 13, 22, 12], [1, 9, 2, 8]]"
11n_128_169,"[[1, 9, 2, 8], [7, 1, 8, 22], [15, 3, 16, 2], [9, 14, 10, 15], [13, 6, 14, 7], [20, 18, 21, 17], [3, 10, 4, 11], [4, 19, 5, 20], [18, 5, 19, 6], [11, 17, 12, 16], [21, 13, 22, 12]]"
11n_128_170,"[[21, 13, 22, 12], [1, 9, 2, 8], [7, 1, 8, 22], [15, 3, 16, 2], [9, 14, 10, 15], [13, 6, 14, 7], [20, 18, 21, 17], [3, 10, 4, 11], [4, 19, 5, 20], [18, 5, 19, 6], [11, 17, 12, 16]]"
11n_128_171,"[[11, 17, 12, 16], [21, 13, 22, 12], [1, 9, 2, 8], [7, 1, 8, 22], [15, 3, 16, 2], [9, 14, 10, 15], [13, 6, 14, 7], [20, 18, 21, 17], [3, 10, 4, 11], [4, 19, 5, 20], [18, 5, 19, 6]]"
11n_128_172,"[[18, 5, 19, 6], [11, 17, 12, 16], [21, 13, 22, 12], [1, 9, 2, 8], [7, 1, 8, 22], [15, 3, 16, 2], [9, 14, 10, 15], [13, 6, 14, 7], [20, 18, 21, 17], [3, 10, 4, 11], [4, 19, 5, 20]]"
11n_128_173,"[[4, 19, 5, 20], [18, 5, 19, 6], [11, 17, 12, 16], [21, 13, 22, 12], [1, 9, 2, 8], [7, 1, 8, 22], [15, 3, 16, 2], [9, 14, 10, 15], [13, 6, 14, 7], [20, 18, 21, 17], [3, 10, 4, 11]]"
11n_128_174,"[[3, 10, 4, 11], [4, 19, 5, 20], [18, 5, 19, 6], [11, 17, 12, 16], [21, 13, 22, 12], [1, 9, 2, 8], [7, 1, 8, 22], [15, 3, 16, 2], [9, 14, 10, 15], [13, 6, 14, 7], [20, 18, 21, 17]]"
11n_128_175,"[[20, 18, 21, 17], [3, 10, 4, 11], [4, 19, 5, 20], [18, 5, 19, 6], [11, 17, 12, 16], [21, 13, 22, 12], [1, 9, 2, 8], [7, 1, 8, 22], [15, 3, 16, 2], [9, 14, 10, 15], [13, 6, 14, 7]]"
11n_128_176,"[[14, 7, 15, 8], [21, 19, 22, 18], [4, 11, 5, 12], [5, 20, 6, 21], [19, 6, 20, 7], [12, 18, 13, 17], [22, 14, 1, 13], [2, 10, 3, 9], [8, 2, 9, 1], [16, 4, 17, 3], [10, 15, 11, 16]]"
11n_128_177,"[[10, 15, 11, 16], [14, 7, 15, 8], [21, 19, 22, 18], [4, 11, 5, 12], [5, 20, 6, 21], [19, 6, 20, 7], [12, 18, 13, 17], [22, 14, 1, 13], [2, 10, 3, 9], [8, 2, 9, 1], [16, 4, 17, 3]]"
11n_128_178,"[[16, 4, 17, 3], [10, 15, 11, 16], [14, 7, 15, 8], [21, 19, 22, 18], [4, 11, 5, 12], [5, 20, 6, 21], [19, 6, 20, 7], [12, 18, 13, 17], [22, 14, 1, 13], [2, 10, 3, 9], [8, 2, 9, 1]]"
11n_128_179,"[[8, 2, 9, 1], [16, 4, 17, 3], [10, 15, 11, 16], [14, 7, 15, 8], [21, 19, 22, 18], [4, 11, 5, 12], [5, 20, 6, 21], [19, 6, 20, 7], [12, 18, 13, 17], [22, 14, 1, 13], [2, 10, 3, 9]]"
11n_128_180,"[[2, 10, 3, 9], [8, 2, 9, 1], [16, 4, 17, 3], [10, 15, 11, 16], [14, 7, 15, 8], [21, 19, 22, 18], [4, 11, 5, 12], [5, 20, 6, 21], [19, 6, 20, 7], [12, 18, 13, 17], [22, 14, 1, 13]]"
11n_128_181,"[[22, 14, 1, 13], [2, 10, 3, 9], [8, 2, 9, 1], [16, 4, 17, 3], [10, 15, 11, 16], [14, 7, 15, 8], [21, 19, 22, 18], [4, 11, 5, 12], [5, 20, 6, 21], [19, 6, 20, 7], [12, 18, 13, 17]]"
11n_128_182,"[[12, 18, 13, 17], [22, 14, 1, 13], [2, 10, 3, 9], [8, 2, 9, 1], [16, 4, 17, 3], [10, 15, 11, 16], [14, 7, 15, 8], [21, 19, 22, 18], [4, 11, 5, 12], [5, 20, 6, 21], [19, 6, 20, 7]]"
11n_128_183,"[[19, 6, 20, 7], [12, 18, 13, 17], [22, 14, 1, 13], [2, 10, 3, 9], [8, 2, 9, 1], [16, 4, 17, 3], [10, 15, 11, 16], [14, 7, 15, 8], [21, 19, 22, 18], [4, 11, 5, 12], [5, 20, 6, 21]]"
11n_128_184,"[[5, 20, 6, 21], [19, 6, 20, 7], [12, 18, 13, 17], [22, 14, 1, 13], [2, 10, 3, 9], [8, 2, 9, 1], [16, 4, 17, 3], [10, 15, 11, 16], [14, 7, 15, 8], [21, 19, 22, 18], [4, 11, 5, 12]]"
11n_128_185,"[[4, 11, 5, 12], [5, 20, 6, 21], [19, 6, 20, 7], [12, 18, 13, 17], [22, 14, 1, 13], [2, 10, 3, 9], [8, 2, 9, 1], [16, 4, 17, 3], [10, 15, 11, 16], [14, 7, 15, 8], [21, 19, 22, 18]]"
11n_128_186,"[[21, 19, 22, 18], [4, 11, 5, 12], [5, 20, 6, 21], [19, 6, 20, 7], [12, 18, 13, 17], [22, 14, 1, 13], [2, 10, 3, 9], [8, 2, 9, 1], [16, 4, 17, 3], [10, 15, 11, 16], [14, 7, 15, 8]]"
11n_128_187,"[[15, 8, 16, 9], [22, 20, 1, 19], [5, 12, 6, 13], [6, 21, 7, 22], [20, 7, 21, 8], [13, 19, 14, 18], [1, 15, 2, 14], [3, 11, 4, 10], [9, 3, 10, 2], [17, 5, 18, 4], [11, 16, 12, 17]]"
11n_128_188,"[[11, 16, 12, 17], [15, 8, 16, 9], [22, 20, 1, 19], [5, 12, 6, 13], [6, 21, 7, 22], [20, 7, 21, 8], [13, 19, 14, 18], [1, 15, 2, 14], [3, 11, 4, 10], [9, 3, 10, 2], [17, 5, 18, 4]]"
11n_128_189,"[[17, 5, 18, 4], [11, 16, 12, 17], [15, 8, 16, 9], [22, 20, 1, 19], [5, 12, 6, 13], [6, 21, 7, 22], [20, 7, 21, 8], [13, 19, 14, 18], [1, 15, 2, 14], [3, 11, 4, 10], [9, 3, 10, 2]]"
11n_128_190,"[[9, 3, 10, 2], [17, 5, 18, 4], [11, 16, 12, 17], [15, 8, 16, 9], [22, 20, 1, 19], [5, 12, 6, 13], [6, 21, 7, 22], [20, 7, 21, 8], [13, 19, 14, 18], [1, 15, 2, 14], [3, 11, 4, 10]]"
11n_128_191,"[[3, 11, 4, 10], [9, 3, 10, 2], [17, 5, 18, 4], [11, 16, 12, 17], [15, 8, 16, 9], [22, 20, 1, 19], [5, 12, 6, 13], [6, 21, 7, 22], [20, 7, 21, 8], [13, 19, 14, 18], [1, 15, 2, 14]]"
11n_128_192,"[[1, 15, 2, 14], [3, 11, 4, 10], [9, 3, 10, 2], [17, 5, 18, 4], [11, 16, 12, 17], [15, 8, 16, 9], [22, 20, 1, 19], [5, 12, 6, 13], [6, 21, 7, 22], [20, 7, 21, 8], [13, 19, 14, 18]]"
11n_128_193,"[[13, 19, 14, 18], [1, 15, 2, 14], [3, 11, 4, 10], [9, 3, 10, 2], [17, 5, 18, 4], [11, 16, 12, 17], [15, 8, 16, 9], [22, 20, 1, 19], [5, 12, 6, 13], [6, 21, 7, 22], [20, 7, 21, 8]]"
11n_128_194,"[[20, 7, 21, 8], [13, 19, 14, 18], [1, 15, 2, 14], [3, 11, 4, 10], [9, 3, 10, 2], [17, 5, 18, 4], [11, 16, 12, 17], [15, 8, 16, 9], [22, 20, 1, 19], [5, 12, 6, 13], [6, 21, 7, 22]]"
11n_128_195,"[[6, 21, 7, 22], [20, 7, 21, 8], [13, 19, 14, 18], [1, 15, 2, 14], [3, 11, 4, 10], [9, 3, 10, 2], [17, 5, 18, 4], [11, 16, 12, 17], [15, 8, 16, 9], [22, 20, 1, 19], [5, 12, 6, 13]]"
11n_128_196,"[[5, 12, 6, 13], [6, 21, 7, 22], [20, 7, 21, 8], [13, 19, 14, 18], [1, 15, 2, 14], [3, 11, 4, 10], [9, 3, 10, 2], [17, 5, 18, 4], [11, 16, 12, 17], [15, 8, 16, 9], [22, 20, 1, 19]]"
11n_128_197,"[[22, 20, 1, 19], [5, 12, 6, 13], [6, 21, 7, 22], [20, 7, 21, 8], [13, 19, 14, 18], [1, 15, 2, 14], [3, 11, 4, 10], [9, 3, 10, 2], [17, 5, 18, 4], [11, 16, 12, 17], [15, 8, 16, 9]]"
11n_128_198,"[[16, 9, 17, 10], [1, 21, 2, 20], [6, 13, 7, 14], [7, 22, 8, 1], [21, 8, 22, 9], [14, 20, 15, 19], [2, 16, 3, 15], [4, 12, 5, 11], [10, 4, 11, 3], [18, 6, 19, 5], [12, 17, 13, 18]]"
11n_128_199,"[[12, 17, 13, 18], [16, 9, 17, 10], [1, 21, 2, 20], [6, 13, 7, 14], [7, 22, 8, 1], [21, 8, 22, 9], [14, 20, 15, 19], [2, 16, 3, 15], [4, 12, 5, 11], [10, 4, 11, 3], [18, 6, 19, 5]]"
11n_128_200,"[[18, 6, 19, 5], [12, 17, 13, 18], [16, 9, 17, 10], [1, 21, 2, 20], [6, 13, 7, 14], [7, 22, 8, 1], [21, 8, 22, 9], [14, 20, 15, 19], [2, 16, 3, 15], [4, 12, 5, 11], [10, 4, 11, 3]]"
11n_128_201,"[[10, 4, 11, 3], [18, 6, 19, 5], [12, 17, 13, 18], [16, 9, 17, 10], [1, 21, 2, 20], [6, 13, 7, 14], [7, 22, 8, 1], [21, 8, 22, 9], [14, 20, 15, 19], [2, 16, 3, 15], [4, 12, 5, 11]]"
11n_128_202,"[[4, 12, 5, 11], [10, 4, 11, 3], [18, 6, 19, 5], [12, 17, 13, 18], [16, 9, 17, 10], [1, 21, 2, 20], [6, 13, 7, 14], [7, 22, 8, 1], [21, 8, 22, 9], [14, 20, 15, 19], [2, 16, 3, 15]]"
11n_128_203,"[[2, 16, 3, 15], [4, 12, 5, 11], [10, 4, 11, 3], [18, 6, 19, 5], [12, 17, 13, 18], [16, 9, 17, 10], [1, 21, 2, 20], [6, 13, 7, 14], [7, 22, 8, 1], [21, 8, 22, 9], [14, 20, 15, 19]]"
