name,pd_notation
12a_1254_0,"[[24, 17, 1, 18], [2, 10, 3, 9], [4, 13, 5, 14], [6, 15, 7, 16], [8, 2, 9, 1], [10, 20, 11, 19], [12, 22, 13, 21], [14, 5, 15, 6], [16, 23, 17, 24], [18, 3, 19, 4], [20, 12, 21, 11], [22, 8, 23, 7]]"
12a_1254_1,"[[22, 8, 23, 7], [24, 17, 1, 18], [2, 10, 3, 9], [4, 13, 5, 14], [6, 15, 7, 16], [8, 2, 9, 1], [10, 20, 11, 19], [12, 22, 13, 21], [14, 5, 15, 6], [16, 23, 17, 24], [18, 3, 19, 4], [20, 12, 21, 11]]"
12a_1254_2,"[[20, 12, 21, 11], [22, 8, 23, 7], [24, 17, 1, 18], [2, 10, 3, 9], [4, 13, 5, 14], [6, 15, 7, 16], [8, 2, 9, 1], [10, 20, 11, 19], [12, 22, 13, 21], [14, 5, 15, 6], [16, 23, 17, 24], [18, 3, 19, 4]]"
12a_1254_3,"[[18, 3, 19, 4], [20, 12, 21, 11], [22, 8, 23, 7], [24, 17, 1, 18], [2, 10, 3, 9], [4, 13, 5, 14], [6, 15, 7, 16], [8, 2, 9, 1], [10, 20, 11, 19], [12, 22, 13, 21], [14, 5, 15, 6], [16, 23, 17, 24]]"
12a_1254_4,"[[16, 23, 17, 24], [18, 3, 19, 4], [20, 12, 21, 11], [22, 8, 23, 7], [24, 17, 1, 18], [2, 10, 3, 9], [4, 13, 5, 14], [6, 15, 7, 16], [8, 2, 9, 1], [10, 20, 11, 19], [12, 22, 13, 21], [14, 5, 15, 6]]"
12a_1254_5,"[[14, 5, 15, 6], [16, 23, 17, 24], [18, 3, 19, 4], [20, 12, 21, 11], [22, 8, 23, 7], [24, 17, 1, 18], [2, 10, 3, 9], [4, 13, 5, 14], [6, 15, 7, 16], [8, 2, 9, 1], [10, 20, 11, 19], [12, 22, 13, 21]]"
12a_1254_6,"[[12, 22, 13, 21], [14, 5, 15, 6], [16, 23, 17, 24], [18, 3, 19, 4], [20, 12, 21, 11], [22, 8, 23, 7], [24, 17, 1, 18], [2, 10, 3, 9], [4, 13, 5, 14], [6, 15, 7, 16], [8, 2, 9, 1], [10, 20, 11, 19]]"
12a_1254_7,"[[10, 20, 11, 19], [12, 22, 13, 21], [14, 5, 15, 6], [16, 23, 17, 24], [18, 3, 19, 4], [20, 12, 21, 11], [22, 8, 23, 7], [24, 17, 1, 18], [2, 10, 3, 9], [4, 13, 5, 14], [6, 15, 7, 16], [8, 2, 9, 1]]"
12a_1254_8,"[[8, 2, 9, 1], [10, 20, 11, 19], [12, 22, 13, 21], [14, 5, 15, 6], [16, 23, 17, 24], [18, 3, 19, 4], [20, 12, 21, 11], [22, 8, 23, 7], [24, 17, 1, 18], [2, 10, 3, 9], [4, 13, 5, 14], [6, 15, 7, 16]]"
12a_1254_9,"[[6, 15, 7, 16], [8, 2, 9, 1], [10, 20, 11, 19], [12, 22, 13, 21], [14, 5, 15, 6], [16, 23, 17, 24], [18, 3, 19, 4], [20, 12, 21, 11], [22, 8, 23, 7], [24, 17, 1, 18], [2, 10, 3, 9], [4, 13, 5, 14]]"
12a_1254_10,"[[4, 13, 5, 14], [6, 15, 7, 16], [8, 2, 9, 1], [10, 20, 11, 19], [12, 22, 13, 21], [14, 5, 15, 6], [16, 23, 17, 24], [18, 3, 19, 4], [20, 12, 21, 11], [22, 8, 23, 7], [24, 17, 1, 18], [2, 10, 3, 9]]"
12a_1254_11,"[[2, 10, 3, 9], [4, 13, 5, 14], [6, 15, 7, 16], [8, 2, 9, 1], [10, 20, 11, 19], [12, 22, 13, 21], [14, 5, 15, 6], [16, 23, 17, 24], [18, 3, 19, 4], [20, 12, 21, 11], [22, 8, 23, 7], [24, 17, 1, 18]]"
12a_1254_12,"[[1, 18, 2, 19], [3, 11, 4, 10], [5, 14, 6, 15], [7, 16, 8, 17], [9, 3, 10, 2], [11, 21, 12, 20], [13, 23, 14, 22], [15, 6, 16, 7], [17, 24, 18, 1], [19, 4, 20, 5], [21, 13, 22, 12], [23, 9, 24, 8]]"
12a_1254_13,"[[23, 9, 24, 8], [1, 18, 2, 19], [3, 11, 4, 10], [5, 14, 6, 15], [7, 16, 8, 17], [9, 3, 10, 2], [11, 21, 12, 20], [13, 23, 14, 22], [15, 6, 16, 7], [17, 24, 18, 1], [19, 4, 20, 5], [21, 13, 22, 12]]"
12a_1254_14,"[[21, 13, 22, 12], [23, 9, 24, 8], [1, 18, 2, 19], [3, 11, 4, 10], [5, 14, 6, 15], [7, 16, 8, 17], [9, 3, 10, 2], [11, 21, 12, 20], [13, 23, 14, 22], [15, 6, 16, 7], [17, 24, 18, 1], [19, 4, 20, 5]]"
12a_1254_15,"[[19, 4, 20, 5], [21, 13, 22, 12], [23, 9, 24, 8], [1, 18, 2, 19], [3, 11, 4, 10], [5, 14, 6, 15], [7, 16, 8, 17], [9, 3, 10, 2], [11, 21, 12, 20], [13, 23, 14, 22], [15, 6, 16, 7], [17, 24, 18, 1]]"
12a_1254_16,"[[17, 24, 18, 1], [19, 4, 20, 5], [21, 13, 22, 12], [23, 9, 24, 8], [1, 18, 2, 19], [3, 11, 4, 10], [5, 14, 6, 15], [7, 16, 8, 17], [9, 3, 10, 2], [11, 21, 12, 20], [13, 23, 14, 22], [15, 6, 16, 7]]"
12a_1254_17,"[[15, 6, 16, 7], [17, 24, 18, 1], [19, 4, 20, 5], [21, 13, 22, 12], [23, 9, 24, 8], [1, 18, 2, 19], [3, 11, 4, 10], [5, 14, 6, 15], [7, 16, 8, 17], [9, 3, 10, 2], [11, 21, 12, 20], [13, 23, 14, 22]]"
12a_1254_18,"[[13, 23, 14, 22], [15, 6, 16, 7], [17, 24, 18, 1], [19, 4, 20, 5], [21, 13, 22, 12], [23, 9, 24, 8], [1, 18, 2, 19], [3, 11, 4, 10], [5, 14, 6, 15], [7, 16, 8, 17], [9, 3, 10, 2], [11, 21, 12, 20]]"
12a_1254_19,"[[11, 21, 12, 20], [13, 23, 14, 22], [15, 6, 16, 7], [17, 24, 18, 1], [19, 4, 20, 5], [21, 13, 22, 12], [23, 9, 24, 8], [1, 18, 2, 19], [3, 11, 4, 10], [5, 14, 6, 15], [7, 16, 8, 17], [9, 3, 10, 2]]"
12a_1254_20,"[[9, 3, 10, 2], [11, 21, 12, 20], [13, 23, 14, 22], [15, 6, 16, 7], [17, 24, 18, 1], [19, 4, 20, 5], [21, 13, 22, 12], [23, 9, 24, 8], [1, 18, 2, 19], [3, 11, 4, 10], [5, 14, 6, 15], [7, 16, 8, 17]]"
12a_1254_21,"[[7, 16, 8, 17], [9, 3, 10, 2], [11, 21, 12, 20], [13, 23, 14, 22], [15, 6, 16, 7], [17, 24, 18, 1], [19, 4, 20, 5], [21, 13, 22, 12], [23, 9, 24, 8], [1, 18, 2, 19], [3, 11, 4, 10], [5, 14, 6, 15]]"
12a_1254_22,"[[5, 14, 6, 15], [7, 16, 8, 17], [9, 3, 10, 2], [11, 21, 12, 20], [13, 23, 14, 22], [15, 6, 16, 7], [17, 24, 18, 1], [19, 4, 20, 5], [21, 13, 22, 12], [23, 9, 24, 8], [1, 18, 2, 19], [3, 11, 4, 10]]"
12a_1254_23,"[[3, 11, 4, 10], [5, 14, 6, 15], [7, 16, 8, 17], [9, 3, 10, 2], [11, 21, 12, 20], [13, 23, 14, 22], [15, 6, 16, 7], [17, 24, 18, 1], [19, 4, 20, 5], [21, 13, 22, 12], [23, 9, 24, 8], [1, 18, 2, 19]]"
12a_1254_24,"[[2, 19, 3, 20], [4, 12, 5, 11], [6, 15, 7, 16], [8, 17, 9, 18], [10, 4, 11, 3], [12, 22, 13, 21], [14, 24, 15, 23], [16, 7, 17, 8], [18, 1, 19, 2], [20, 5, 21, 6], [22, 14, 23, 13], [24, 10, 1, 9]]"
12a_1254_25,"[[24, 10, 1, 9], [2, 19, 3, 20], [4, 12, 5, 11], [6, 15, 7, 16], [8, 17, 9, 18], [10, 4, 11, 3], [12, 22, 13, 21], [14, 24, 15, 23], [16, 7, 17, 8], [18, 1, 19, 2], [20, 5, 21, 6], [22, 14, 23, 13]]"
12a_1254_26,"[[22, 14, 23, 13], [24, 10, 1, 9], [2, 19, 3, 20], [4, 12, 5, 11], [6, 15, 7, 16], [8, 17, 9, 18], [10, 4, 11, 3], [12, 22, 13, 21], [14, 24, 15, 23], [16, 7, 17, 8], [18, 1, 19, 2], [20, 5, 21, 6]]"
12a_1254_27,"[[20, 5, 21, 6], [22, 14, 23, 13], [24, 10, 1, 9], [2, 19, 3, 20], [4, 12, 5, 11], [6, 15, 7, 16], [8, 17, 9, 18], [10, 4, 11, 3], [12, 22, 13, 21], [14, 24, 15, 23], [16, 7, 17, 8], [18, 1, 19, 2]]"
12a_1254_28,"[[18, 1, 19, 2], [20, 5, 21, 6], [22, 14, 23, 13], [24, 10, 1, 9], [2, 19, 3, 20], [4, 12, 5, 11], [6, 15, 7, 16], [8, 17, 9, 18], [10, 4, 11, 3], [12, 22, 13, 21], [14, 24, 15, 23], [16, 7, 17, 8]]"
12a_1254_29,"[[16, 7, 17, 8], [18, 1, 19, 2], [20, 5, 21, 6], [22, 14, 23, 13], [24, 10, 1, 9], [2, 19, 3, 20], [4, 12, 5, 11], [6, 15, 7, 16], [8, 17, 9, 18], [10, 4, 11, 3], [12, 22, 13, 21], [14, 24, 15, 23]]"
12a_1254_30,"[[14, 24, 15, 23], [16, 7, 17, 8], [18, 1, 19, 2], [20, 5, 21, 6], [22, 14, 23, 13], [24, 10, 1, 9], [2, 19, 3, 20], [4, 12, 5, 11], [6, 15, 7, 16], [8, 17, 9, 18], [10, 4, 11, 3], [12, 22, 13, 21]]"
12a_1254_31,"[[12, 22, 13, 21], [14, 24, 15, 23], [16, 7, 17, 8], [18, 1, 19, 2], [20, 5, 21, 6], [22, 14, 23, 13], [24, 10, 1, 9], [2, 19, 3, 20], [4, 12, 5, 11], [6, 15, 7, 16], [8, 17, 9, 18], [10, 4, 11, 3]]"
12a_1254_32,"[[10, 4, 11, 3], [12, 22, 13, 21], [14, 24, 15, 23], [16, 7, 17, 8], [18, 1, 19, 2], [20, 5, 21, 6], [22, 14, 23, 13], [24, 10, 1, 9], [2, 19, 3, 20], [4, 12, 5, 11], [6, 15, 7, 16], [8, 17, 9, 18]]"
12a_1254_33,"[[8, 17, 9, 18], [10, 4, 11, 3], [12, 22, 13, 21], [14, 24, 15, 23], [16, 7, 17, 8], [18, 1, 19, 2], [20, 5, 21, 6], [22, 14, 23, 13], [24, 10, 1, 9], [2, 19, 3, 20], [4, 12, 5, 11], [6, 15, 7, 16]]"
12a_1254_34,"[[6, 15, 7, 16], [8, 17, 9, 18], [10, 4, 11, 3], [12, 22, 13, 21], [14, 24, 15, 23], [16, 7, 17, 8], [18, 1, 19, 2], [20, 5, 21, 6], [22, 14, 23, 13], [24, 10, 1, 9], [2, 19, 3, 20], [4, 12, 5, 11]]"
12a_1254_35,"[[4, 12, 5, 11], [6, 15, 7, 16], [8, 17, 9, 18], [10, 4, 11, 3], [12, 22, 13, 21], [14, 24, 15, 23], [16, 7, 17, 8], [18, 1, 19, 2], [20, 5, 21, 6], [22, 14, 23, 13], [24, 10, 1, 9], [2, 19, 3, 20]]"
12a_1254_36,"[[3, 20, 4, 21], [5, 13, 6, 12], [7, 16, 8, 17], [9, 18, 10, 19], [11, 5, 12, 4], [13, 23, 14, 22], [15, 1, 16, 24], [17, 8, 18, 9], [19, 2, 20, 3], [21, 6, 22, 7], [23, 15, 24, 14], [1, 11, 2, 10]]"
12a_1254_37,"[[1, 11, 2, 10], [3, 20, 4, 21], [5, 13, 6, 12], [7, 16, 8, 17], [9, 18, 10, 19], [11, 5, 12, 4], [13, 23, 14, 22], [15, 1, 16, 24], [17, 8, 18, 9], [19, 2, 20, 3], [21, 6, 22, 7], [23, 15, 24, 14]]"
12a_1254_38,"[[23, 15, 24, 14], [1, 11, 2, 10], [3, 20, 4, 21], [5, 13, 6, 12], [7, 16, 8, 17], [9, 18, 10, 19], [11, 5, 12, 4], [13, 23, 14, 22], [15, 1, 16, 24], [17, 8, 18, 9], [19, 2, 20, 3], [21, 6, 22, 7]]"
12a_1254_39,"[[21, 6, 22, 7], [23, 15, 24, 14], [1, 11, 2, 10], [3, 20, 4, 21], [5, 13, 6, 12], [7, 16, 8, 17], [9, 18, 10, 19], [11, 5, 12, 4], [13, 23, 14, 22], [15, 1, 16, 24], [17, 8, 18, 9], [19, 2, 20, 3]]"
12a_1254_40,"[[19, 2, 20, 3], [21, 6, 22, 7], [23, 15, 24, 14], [1, 11, 2, 10], [3, 20, 4, 21], [5, 13, 6, 12], [7, 16, 8, 17], [9, 18, 10, 19], [11, 5, 12, 4], [13, 23, 14, 22], [15, 1, 16, 24], [17, 8, 18, 9]]"
12a_1254_41,"[[17, 8, 18, 9], [19, 2, 20, 3], [21, 6, 22, 7], [23, 15, 24, 14], [1, 11, 2, 10], [3, 20, 4, 21], [5, 13, 6, 12], [7, 16, 8, 17], [9, 18, 10, 19], [11, 5, 12, 4], [13, 23, 14, 22], [15, 1, 16, 24]]"
12a_1254_42,"[[15, 1, 16, 24], [17, 8, 18, 9], [19, 2, 20, 3], [21, 6, 22, 7], [23, 15, 24, 14], [1, 11, 2, 10], [3, 20, 4, 21], [5, 13, 6, 12], [7, 16, 8, 17], [9, 18, 10, 19], [11, 5, 12, 4], [13, 23, 14, 22]]"
12a_1254_43,"[[13, 23, 14, 22], [15, 1, 16, 24], [17, 8, 18, 9], [19, 2, 20, 3], [21, 6, 22, 7], [23, 15, 24, 14], [1, 11, 2, 10], [3, 20, 4, 21], [5, 13, 6, 12], [7, 16, 8, 17], [9, 18, 10, 19], [11, 5, 12, 4]]"
12a_1254_44,"[[11, 5, 12, 4], [13, 23, 14, 22], [15, 1, 16, 24], [17, 8, 18, 9], [19, 2, 20, 3], [21, 6, 22, 7], [23, 15, 24, 14], [1, 11, 2, 10], [3, 20, 4, 21], [5, 13, 6, 12], [7, 16, 8, 17], [9, 18, 10, 19]]"
12a_1254_45,"[[9, 18, 10, 19], [11, 5, 12, 4], [13, 23, 14, 22], [15, 1, 16, 24], [17, 8, 18, 9], [19, 2, 20, 3], [21, 6, 22, 7], [23, 15, 24, 14], [1, 11, 2, 10], [3, 20, 4, 21], [5, 13, 6, 12], [7, 16, 8, 17]]"
12a_1254_46,"[[7, 16, 8, 17], [9, 18, 10, 19], [11, 5, 12, 4], [13, 23, 14, 22], [15, 1, 16, 24], [17, 8, 18, 9], [19, 2, 20, 3], [21, 6, 22, 7], [23, 15, 24, 14], [1, 11, 2, 10], [3, 20, 4, 21], [5, 13, 6, 12]]"
12a_1254_47,"[[5, 13, 6, 12], [7, 16, 8, 17], [9, 18, 10, 19], [11, 5, 12, 4], [13, 23, 14, 22], [15, 1, 16, 24], [17, 8, 18, 9], [19, 2, 20, 3], [21, 6, 22, 7], [23, 15, 24, 14], [1, 11, 2, 10], [3, 20, 4, 21]]"
12a_1254_48,"[[4, 21, 5, 22], [6, 14, 7, 13], [8, 17, 9, 18], [10, 19, 11, 20], [12, 6, 13, 5], [14, 24, 15, 23], [16, 2, 17, 1], [18, 9, 19, 10], [20, 3, 21, 4], [22, 7, 23, 8], [24, 16, 1, 15], [2, 12, 3, 11]]"
12a_1254_49,"[[2, 12, 3, 11], [4, 21, 5, 22], [6, 14, 7, 13], [8, 17, 9, 18], [10, 19, 11, 20], [12, 6, 13, 5], [14, 24, 15, 23], [16, 2, 17, 1], [18, 9, 19, 10], [20, 3, 21, 4], [22, 7, 23, 8], [24, 16, 1, 15]]"
12a_1254_50,"[[24, 16, 1, 15], [2, 12, 3, 11], [4, 21, 5, 22], [6, 14, 7, 13], [8, 17, 9, 18], [10, 19, 11, 20], [12, 6, 13, 5], [14, 24, 15, 23], [16, 2, 17, 1], [18, 9, 19, 10], [20, 3, 21, 4], [22, 7, 23, 8]]"
12a_1254_51,"[[22, 7, 23, 8], [24, 16, 1, 15], [2, 12, 3, 11], [4, 21, 5, 22], [6, 14, 7, 13], [8, 17, 9, 18], [10, 19, 11, 20], [12, 6, 13, 5], [14, 24, 15, 23], [16, 2, 17, 1], [18, 9, 19, 10], [20, 3, 21, 4]]"
12a_1254_52,"[[20, 3, 21, 4], [22, 7, 23, 8], [24, 16, 1, 15], [2, 12, 3, 11], [4, 21, 5, 22], [6, 14, 7, 13], [8, 17, 9, 18], [10, 19, 11, 20], [12, 6, 13, 5], [14, 24, 15, 23], [16, 2, 17, 1], [18, 9, 19, 10]]"
12a_1254_53,"[[18, 9, 19, 10], [20, 3, 21, 4], [22, 7, 23, 8], [24, 16, 1, 15], [2, 12, 3, 11], [4, 21, 5, 22], [6, 14, 7, 13], [8, 17, 9, 18], [10, 19, 11, 20], [12, 6, 13, 5], [14, 24, 15, 23], [16, 2, 17, 1]]"
12a_1254_54,"[[16, 2, 17, 1], [18, 9, 19, 10], [20, 3, 21, 4], [22, 7, 23, 8], [24, 16, 1, 15], [2, 12, 3, 11], [4, 21, 5, 22], [6, 14, 7, 13], [8, 17, 9, 18], [10, 19, 11, 20], [12, 6, 13, 5], [14, 24, 15, 23]]"
12a_1254_55,"[[14, 24, 15, 23], [16, 2, 17, 1], [18, 9, 19, 10], [20, 3, 21, 4], [22, 7, 23, 8], [24, 16, 1, 15], [2, 12, 3, 11], [4, 21, 5, 22], [6, 14, 7, 13], [8, 17, 9, 18], [10, 19, 11, 20], [12, 6, 13, 5]]"
12a_1254_56,"[[12, 6, 13, 5], [14, 24, 15, 23], [16, 2, 17, 1], [18, 9, 19, 10], [20, 3, 21, 4], [22, 7, 23, 8], [24, 16, 1, 15], [2, 12, 3, 11], [4, 21, 5, 22], [6, 14, 7, 13], [8, 17, 9, 18], [10, 19, 11, 20]]"
12a_1254_57,"[[10, 19, 11, 20], [12, 6, 13, 5], [14, 24, 15, 23], [16, 2, 17, 1], [18, 9, 19, 10], [20, 3, 21, 4], [22, 7, 23, 8], [24, 16, 1, 15], [2, 12, 3, 11], [4, 21, 5, 22], [6, 14, 7, 13], [8, 17, 9, 18]]"
12a_1254_58,"[[8, 17, 9, 18], [10, 19, 11, 20], [12, 6, 13, 5], [14, 24, 15, 23], [16, 2, 17, 1], [18, 9, 19, 10], [20, 3, 21, 4], [22, 7, 23, 8], [24, 16, 1, 15], [2, 12, 3, 11], [4, 21, 5, 22], [6, 14, 7, 13]]"
12a_1254_59,"[[6, 14, 7, 13], [8, 17, 9, 18], [10, 19, 11, 20], [12, 6, 13, 5], [14, 24, 15, 23], [16, 2, 17, 1], [18, 9, 19, 10], [20, 3, 21, 4], [22, 7, 23, 8], [24, 16, 1, 15], [2, 12, 3, 11], [4, 21, 5, 22]]"
12a_1254_60,"[[5, 22, 6, 23], [7, 15, 8, 14], [9, 18, 10, 19], [11, 20, 12, 21], [13, 7, 14, 6], [15, 1, 16, 24], [17, 3, 18, 2], [19, 10, 20, 11], [21, 4, 22, 5], [23, 8, 24, 9], [1, 17, 2, 16], [3, 13, 4, 12]]"
12a_1254_61,"[[3, 13, 4, 12], [5, 22, 6, 23], [7, 15, 8, 14], [9, 18, 10, 19], [11, 20, 12, 21], [13, 7, 14, 6], [15, 1, 16, 24], [17, 3, 18, 2], [19, 10, 20, 11], [21, 4, 22, 5], [23, 8, 24, 9], [1, 17, 2, 16]]"
12a_1254_62,"[[1, 17, 2, 16], [3, 13, 4, 12], [5, 22, 6, 23], [7, 15, 8, 14], [9, 18, 10, 19], [11, 20, 12, 21], [13, 7, 14, 6], [15, 1, 16, 24], [17, 3, 18, 2], [19, 10, 20, 11], [21, 4, 22, 5], [23, 8, 24, 9]]"
12a_1254_63,"[[23, 8, 24, 9], [1, 17, 2, 16], [3, 13, 4, 12], [5, 22, 6, 23], [7, 15, 8, 14], [9, 18, 10, 19], [11, 20, 12, 21], [13, 7, 14, 6], [15, 1, 16, 24], [17, 3, 18, 2], [19, 10, 20, 11], [21, 4, 22, 5]]"
12a_1254_64,"[[21, 4, 22, 5], [23, 8, 24, 9], [1, 17, 2, 16], [3, 13, 4, 12], [5, 22, 6, 23], [7, 15, 8, 14], [9, 18, 10, 19], [11, 20, 12, 21], [13, 7, 14, 6], [15, 1, 16, 24], [17, 3, 18, 2], [19, 10, 20, 11]]"
12a_1254_65,"[[19, 10, 20, 11], [21, 4, 22, 5], [23, 8, 24, 9], [1, 17, 2, 16], [3, 13, 4, 12], [5, 22, 6, 23], [7, 15, 8, 14], [9, 18, 10, 19], [11, 20, 12, 21], [13, 7, 14, 6], [15, 1, 16, 24], [17, 3, 18, 2]]"
12a_1254_66,"[[17, 3, 18, 2], [19, 10, 20, 11], [21, 4, 22, 5], [23, 8, 24, 9], [1, 17, 2, 16], [3, 13, 4, 12], [5, 22, 6, 23], [7, 15, 8, 14], [9, 18, 10, 19], [11, 20, 12, 21], [13, 7, 14, 6], [15, 1, 16, 24]]"
12a_1254_67,"[[15, 1, 16, 24], [17, 3, 18, 2], [19, 10, 20, 11], [21, 4, 22, 5], [23, 8, 24, 9], [1, 17, 2, 16], [3, 13, 4, 12], [5, 22, 6, 23], [7, 15, 8, 14], [9, 18, 10, 19], [11, 20, 12, 21], [13, 7, 14, 6]]"
12a_1254_68,"[[13, 7, 14, 6], [15, 1, 16, 24], [17, 3, 18, 2], [19, 10, 20, 11], [21, 4, 22, 5], [23, 8, 24, 9], [1, 17, 2, 16], [3, 13, 4, 12], [5, 22, 6, 23], [7, 15, 8, 14], [9, 18, 10, 19], [11, 20, 12, 21]]"
12a_1254_69,"[[11, 20, 12, 21], [13, 7, 14, 6], [15, 1, 16, 24], [17, 3, 18, 2], [19, 10, 20, 11], [21, 4, 22, 5], [23, 8, 24, 9], [1, 17, 2, 16], [3, 13, 4, 12], [5, 22, 6, 23], [7, 15, 8, 14], [9, 18, 10, 19]]"
12a_1254_70,"[[9, 18, 10, 19], [11, 20, 12, 21], [13, 7, 14, 6], [15, 1, 16, 24], [17, 3, 18, 2], [19, 10, 20, 11], [21, 4, 22, 5], [23, 8, 24, 9], [1, 17, 2, 16], [3, 13, 4, 12], [5, 22, 6, 23], [7, 15, 8, 14]]"
12a_1254_71,"[[7, 15, 8, 14], [9, 18, 10, 19], [11, 20, 12, 21], [13, 7, 14, 6], [15, 1, 16, 24], [17, 3, 18, 2], [19, 10, 20, 11], [21, 4, 22, 5], [23, 8, 24, 9], [1, 17, 2, 16], [3, 13, 4, 12], [5, 22, 6, 23]]"
12a_1254_72,"[[6, 23, 7, 24], [8, 16, 9, 15], [10, 19, 11, 20], [12, 21, 13, 22], [14, 8, 15, 7], [16, 2, 17, 1], [18, 4, 19, 3], [20, 11, 21, 12], [22, 5, 23, 6], [24, 9, 1, 10], [2, 18, 3, 17], [4, 14, 5, 13]]"
12a_1254_73,"[[4, 14, 5, 13], [6, 23, 7, 24], [8, 16, 9, 15], [10, 19, 11, 20], [12, 21, 13, 22], [14, 8, 15, 7], [16, 2, 17, 1], [18, 4, 19, 3], [20, 11, 21, 12], [22, 5, 23, 6], [24, 9, 1, 10], [2, 18, 3, 17]]"
12a_1254_74,"[[2, 18, 3, 17], [4, 14, 5, 13], [6, 23, 7, 24], [8, 16, 9, 15], [10, 19, 11, 20], [12, 21, 13, 22], [14, 8, 15, 7], [16, 2, 17, 1], [18, 4, 19, 3], [20, 11, 21, 12], [22, 5, 23, 6], [24, 9, 1, 10]]"
12a_1254_75,"[[24, 9, 1, 10], [2, 18, 3, 17], [4, 14, 5, 13], [6, 23, 7, 24], [8, 16, 9, 15], [10, 19, 11, 20], [12, 21, 13, 22], [14, 8, 15, 7], [16, 2, 17, 1], [18, 4, 19, 3], [20, 11, 21, 12], [22, 5, 23, 6]]"
12a_1254_76,"[[22, 5, 23, 6], [24, 9, 1, 10], [2, 18, 3, 17], [4, 14, 5, 13], [6, 23, 7, 24], [8, 16, 9, 15], [10, 19, 11, 20], [12, 21, 13, 22], [14, 8, 15, 7], [16, 2, 17, 1], [18, 4, 19, 3], [20, 11, 21, 12]]"
12a_1254_77,"[[20, 11, 21, 12], [22, 5, 23, 6], [24, 9, 1, 10], [2, 18, 3, 17], [4, 14, 5, 13], [6, 23, 7, 24], [8, 16, 9, 15], [10, 19, 11, 20], [12, 21, 13, 22], [14, 8, 15, 7], [16, 2, 17, 1], [18, 4, 19, 3]]"
12a_1254_78,"[[18, 4, 19, 3], [20, 11, 21, 12], [22, 5, 23, 6], [24, 9, 1, 10], [2, 18, 3, 17], [4, 14, 5, 13], [6, 23, 7, 24], [8, 16, 9, 15], [10, 19, 11, 20], [12, 21, 13, 22], [14, 8, 15, 7], [16, 2, 17, 1]]"
12a_1254_79,"[[16, 2, 17, 1], [18, 4, 19, 3], [20, 11, 21, 12], [22, 5, 23, 6], [24, 9, 1, 10], [2, 18, 3, 17], [4, 14, 5, 13], [6, 23, 7, 24], [8, 16, 9, 15], [10, 19, 11, 20], [12, 21, 13, 22], [14, 8, 15, 7]]"
12a_1254_80,"[[14, 8, 15, 7], [16, 2, 17, 1], [18, 4, 19, 3], [20, 11, 21, 12], [22, 5, 23, 6], [24, 9, 1, 10], [2, 18, 3, 17], [4, 14, 5, 13], [6, 23, 7, 24], [8, 16, 9, 15], [10, 19, 11, 20], [12, 21, 13, 22]]"
12a_1254_81,"[[12, 21, 13, 22], [14, 8, 15, 7], [16, 2, 17, 1], [18, 4, 19, 3], [20, 11, 21, 12], [22, 5, 23, 6], [24, 9, 1, 10], [2, 18, 3, 17], [4, 14, 5, 13], [6, 23, 7, 24], [8, 16, 9, 15], [10, 19, 11, 20]]"
12a_1254_82,"[[10, 19, 11, 20], [12, 21, 13, 22], [14, 8, 15, 7], [16, 2, 17, 1], [18, 4, 19, 3], [20, 11, 21, 12], [22, 5, 23, 6], [24, 9, 1, 10], [2, 18, 3, 17], [4, 14, 5, 13], [6, 23, 7, 24], [8, 16, 9, 15]]"
12a_1254_83,"[[8, 16, 9, 15], [10, 19, 11, 20], [12, 21, 13, 22], [14, 8, 15, 7], [16, 2, 17, 1], [18, 4, 19, 3], [20, 11, 21, 12], [22, 5, 23, 6], [24, 9, 1, 10], [2, 18, 3, 17], [4, 14, 5, 13], [6, 23, 7, 24]]"
12a_1254_84,"[[7, 24, 8, 1], [9, 17, 10, 16], [11, 20, 12, 21], [13, 22, 14, 23], [15, 9, 16, 8], [17, 3, 18, 2], [19, 5, 20, 4], [21, 12, 22, 13], [23, 6, 24, 7], [1, 10, 2, 11], [3, 19, 4, 18], [5, 15, 6, 14]]"
12a_1254_85,"[[5, 15, 6, 14], [7, 24, 8, 1], [9, 17, 10, 16], [11, 20, 12, 21], [13, 22, 14, 23], [15, 9, 16, 8], [17, 3, 18, 2], [19, 5, 20, 4], [21, 12, 22, 13], [23, 6, 24, 7], [1, 10, 2, 11], [3, 19, 4, 18]]"
12a_1254_86,"[[3, 19, 4, 18], [5, 15, 6, 14], [7, 24, 8, 1], [9, 17, 10, 16], [11, 20, 12, 21], [13, 22, 14, 23], [15, 9, 16, 8], [17, 3, 18, 2], [19, 5, 20, 4], [21, 12, 22, 13], [23, 6, 24, 7], [1, 10, 2, 11]]"
12a_1254_87,"[[1, 10, 2, 11], [3, 19, 4, 18], [5, 15, 6, 14], [7, 24, 8, 1], [9, 17, 10, 16], [11, 20, 12, 21], [13, 22, 14, 23], [15, 9, 16, 8], [17, 3, 18, 2], [19, 5, 20, 4], [21, 12, 22, 13], [23, 6, 24, 7]]"
12a_1254_88,"[[23, 6, 24, 7], [1, 10, 2, 11], [3, 19, 4, 18], [5, 15, 6, 14], [7, 24, 8, 1], [9, 17, 10, 16], [11, 20, 12, 21], [13, 22, 14, 23], [15, 9, 16, 8], [17, 3, 18, 2], [19, 5, 20, 4], [21, 12, 22, 13]]"
12a_1254_89,"[[21, 12, 22, 13], [23, 6, 24, 7], [1, 10, 2, 11], [3, 19, 4, 18], [5, 15, 6, 14], [7, 24, 8, 1], [9, 17, 10, 16], [11, 20, 12, 21], [13, 22, 14, 23], [15, 9, 16, 8], [17, 3, 18, 2], [19, 5, 20, 4]]"
12a_1254_90,"[[19, 5, 20, 4], [21, 12, 22, 13], [23, 6, 24, 7], [1, 10, 2, 11], [3, 19, 4, 18], [5, 15, 6, 14], [7, 24, 8, 1], [9, 17, 10, 16], [11, 20, 12, 21], [13, 22, 14, 23], [15, 9, 16, 8], [17, 3, 18, 2]]"
12a_1254_91,"[[17, 3, 18, 2], [19, 5, 20, 4], [21, 12, 22, 13], [23, 6, 24, 7], [1, 10, 2, 11], [3, 19, 4, 18], [5, 15, 6, 14], [7, 24, 8, 1], [9, 17, 10, 16], [11, 20, 12, 21], [13, 22, 14, 23], [15, 9, 16, 8]]"
12a_1254_92,"[[15, 9, 16, 8], [17, 3, 18, 2], [19, 5, 20, 4], [21, 12, 22, 13], [23, 6, 24, 7], [1, 10, 2, 11], [3, 19, 4, 18], [5, 15, 6, 14], [7, 24, 8, 1], [9, 17, 10, 16], [11, 20, 12, 21], [13, 22, 14, 23]]"
12a_1254_93,"[[13, 22, 14, 23], [15, 9, 16, 8], [17, 3, 18, 2], [19, 5, 20, 4], [21, 12, 22, 13], [23, 6, 24, 7], [1, 10, 2, 11], [3, 19, 4, 18], [5, 15, 6, 14], [7, 24, 8, 1], [9, 17, 10, 16], [11, 20, 12, 21]]"
12a_1254_94,"[[11, 20, 12, 21], [13, 22, 14, 23], [15, 9, 16, 8], [17, 3, 18, 2], [19, 5, 20, 4], [21, 12, 22, 13], [23, 6, 24, 7], [1, 10, 2, 11], [3, 19, 4, 18], [5, 15, 6, 14], [7, 24, 8, 1], [9, 17, 10, 16]]"
12a_1254_95,"[[9, 17, 10, 16], [11, 20, 12, 21], [13, 22, 14, 23], [15, 9, 16, 8], [17, 3, 18, 2], [19, 5, 20, 4], [21, 12, 22, 13], [23, 6, 24, 7], [1, 10, 2, 11], [3, 19, 4, 18], [5, 15, 6, 14], [7, 24, 8, 1]]"
12a_1254_96,"[[8, 1, 9, 2], [10, 18, 11, 17], [12, 21, 13, 22], [14, 23, 15, 24], [16, 10, 17, 9], [18, 4, 19, 3], [20, 6, 21, 5], [22, 13, 23, 14], [24, 7, 1, 8], [2, 11, 3, 12], [4, 20, 5, 19], [6, 16, 7, 15]]"
12a_1254_97,"[[6, 16, 7, 15], [8, 1, 9, 2], [10, 18, 11, 17], [12, 21, 13, 22], [14, 23, 15, 24], [16, 10, 17, 9], [18, 4, 19, 3], [20, 6, 21, 5], [22, 13, 23, 14], [24, 7, 1, 8], [2, 11, 3, 12], [4, 20, 5, 19]]"
12a_1254_98,"[[4, 20, 5, 19], [6, 16, 7, 15], [8, 1, 9, 2], [10, 18, 11, 17], [12, 21, 13, 22], [14, 23, 15, 24], [16, 10, 17, 9], [18, 4, 19, 3], [20, 6, 21, 5], [22, 13, 23, 14], [24, 7, 1, 8], [2, 11, 3, 12]]"
12a_1254_99,"[[2, 11, 3, 12], [4, 20, 5, 19], [6, 16, 7, 15], [8, 1, 9, 2], [10, 18, 11, 17], [12, 21, 13, 22], [14, 23, 15, 24], [16, 10, 17, 9], [18, 4, 19, 3], [20, 6, 21, 5], [22, 13, 23, 14], [24, 7, 1, 8]]"
12a_1254_100,"[[24, 7, 1, 8], [2, 11, 3, 12], [4, 20, 5, 19], [6, 16, 7, 15], [8, 1, 9, 2], [10, 18, 11, 17], [12, 21, 13, 22], [14, 23, 15, 24], [16, 10, 17, 9], [18, 4, 19, 3], [20, 6, 21, 5], [22, 13, 23, 14]]"
12a_1254_101,"[[22, 13, 23, 14], [24, 7, 1, 8], [2, 11, 3, 12], [4, 20, 5, 19], [6, 16, 7, 15], [8, 1, 9, 2], [10, 18, 11, 17], [12, 21, 13, 22], [14, 23, 15, 24], [16, 10, 17, 9], [18, 4, 19, 3], [20, 6, 21, 5]]"
12a_1254_102,"[[20, 6, 21, 5], [22, 13, 23, 14], [24, 7, 1, 8], [2, 11, 3, 12], [4, 20, 5, 19], [6, 16, 7, 15], [8, 1, 9, 2], [10, 18, 11, 17], [12, 21, 13, 22], [14, 23, 15, 24], [16, 10, 17, 9], [18, 4, 19, 3]]"
12a_1254_103,"[[18, 4, 19, 3], [20, 6, 21, 5], [22, 13, 23, 14], [24, 7, 1, 8], [2, 11, 3, 12], [4, 20, 5, 19], [6, 16, 7, 15], [8, 1, 9, 2], [10, 18, 11, 17], [12, 21, 13, 22], [14, 23, 15, 24], [16, 10, 17, 9]]"
12a_1254_104,"[[16, 10, 17, 9], [18, 4, 19, 3], [20, 6, 21, 5], [22, 13, 23, 14], [24, 7, 1, 8], [2, 11, 3, 12], [4, 20, 5, 19], [6, 16, 7, 15], [8, 1, 9, 2], [10, 18, 11, 17], [12, 21, 13, 22], [14, 23, 15, 24]]"
12a_1254_105,"[[14, 23, 15, 24], [16, 10, 17, 9], [18, 4, 19, 3], [20, 6, 21, 5], [22, 13, 23, 14], [24, 7, 1, 8], [2, 11, 3, 12], [4, 20, 5, 19], [6, 16, 7, 15], [8, 1, 9, 2], [10, 18, 11, 17], [12, 21, 13, 22]]"
12a_1254_106,"[[12, 21, 13, 22], [14, 23, 15, 24], [16, 10, 17, 9], [18, 4, 19, 3], [20, 6, 21, 5], [22, 13, 23, 14], [24, 7, 1, 8], [2, 11, 3, 12], [4, 20, 5, 19], [6, 16, 7, 15], [8, 1, 9, 2], [10, 18, 11, 17]]"
12a_1254_107,"[[10, 18, 11, 17], [12, 21, 13, 22], [14, 23, 15, 24], [16, 10, 17, 9], [18, 4, 19, 3], [20, 6, 21, 5], [22, 13, 23, 14], [24, 7, 1, 8], [2, 11, 3, 12], [4, 20, 5, 19], [6, 16, 7, 15], [8, 1, 9, 2]]"
12a_1254_108,"[[9, 2, 10, 3], [11, 19, 12, 18], [13, 22, 14, 23], [15, 24, 16, 1], [17, 11, 18, 10], [19, 5, 20, 4], [21, 7, 22, 6], [23, 14, 24, 15], [1, 8, 2, 9], [3, 12, 4, 13], [5, 21, 6, 20], [7, 17, 8, 16]]"
12a_1254_109,"[[7, 17, 8, 16], [9, 2, 10, 3], [11, 19, 12, 18], [13, 22, 14, 23], [15, 24, 16, 1], [17, 11, 18, 10], [19, 5, 20, 4], [21, 7, 22, 6], [23, 14, 24, 15], [1, 8, 2, 9], [3, 12, 4, 13], [5, 21, 6, 20]]"
12a_1254_110,"[[5, 21, 6, 20], [7, 17, 8, 16], [9, 2, 10, 3], [11, 19, 12, 18], [13, 22, 14, 23], [15, 24, 16, 1], [17, 11, 18, 10], [19, 5, 20, 4], [21, 7, 22, 6], [23, 14, 24, 15], [1, 8, 2, 9], [3, 12, 4, 13]]"
12a_1254_111,"[[3, 12, 4, 13], [5, 21, 6, 20], [7, 17, 8, 16], [9, 2, 10, 3], [11, 19, 12, 18], [13, 22, 14, 23], [15, 24, 16, 1], [17, 11, 18, 10], [19, 5, 20, 4], [21, 7, 22, 6], [23, 14, 24, 15], [1, 8, 2, 9]]"
12a_1254_112,"[[1, 8, 2, 9], [3, 12, 4, 13], [5, 21, 6, 20], [7, 17, 8, 16], [9, 2, 10, 3], [11, 19, 12, 18], [13, 22, 14, 23], [15, 24, 16, 1], [17, 11, 18, 10], [19, 5, 20, 4], [21, 7, 22, 6], [23, 14, 24, 15]]"
12a_1254_113,"[[23, 14, 24, 15], [1, 8, 2, 9], [3, 12, 4, 13], [5, 21, 6, 20], [7, 17, 8, 16], [9, 2, 10, 3], [11, 19, 12, 18], [13, 22, 14, 23], [15, 24, 16, 1], [17, 11, 18, 10], [19, 5, 20, 4], [21, 7, 22, 6]]"
12a_1254_114,"[[21, 7, 22, 6], [23, 14, 24, 15], [1, 8, 2, 9], [3, 12, 4, 13], [5, 21, 6, 20], [7, 17, 8, 16], [9, 2, 10, 3], [11, 19, 12, 18], [13, 22, 14, 23], [15, 24, 16, 1], [17, 11, 18, 10], [19, 5, 20, 4]]"
12a_1254_115,"[[19, 5, 20, 4], [21, 7, 22, 6], [23, 14, 24, 15], [1, 8, 2, 9], [3, 12, 4, 13], [5, 21, 6, 20], [7, 17, 8, 16], [9, 2, 10, 3], [11, 19, 12, 18], [13, 22, 14, 23], [15, 24, 16, 1], [17, 11, 18, 10]]"
12a_1254_116,"[[17, 11, 18, 10], [19, 5, 20, 4], [21, 7, 22, 6], [23, 14, 24, 15], [1, 8, 2, 9], [3, 12, 4, 13], [5, 21, 6, 20], [7, 17, 8, 16], [9, 2, 10, 3], [11, 19, 12, 18], [13, 22, 14, 23], [15, 24, 16, 1]]"
12a_1254_117,"[[15, 24, 16, 1], [17, 11, 18, 10], [19, 5, 20, 4], [21, 7, 22, 6], [23, 14, 24, 15], [1, 8, 2, 9], [3, 12, 4, 13], [5, 21, 6, 20], [7, 17, 8, 16], [9, 2, 10, 3], [11, 19, 12, 18], [13, 22, 14, 23]]"
12a_1254_118,"[[13, 22, 14, 23], [15, 24, 16, 1], [17, 11, 18, 10], [19, 5, 20, 4], [21, 7, 22, 6], [23, 14, 24, 15], [1, 8, 2, 9], [3, 12, 4, 13], [5, 21, 6, 20], [7, 17, 8, 16], [9, 2, 10, 3], [11, 19, 12, 18]]"
12a_1254_119,"[[11, 19, 12, 18], [13, 22, 14, 23], [15, 24, 16, 1], [17, 11, 18, 10], [19, 5, 20, 4], [21, 7, 22, 6], [23, 14, 24, 15], [1, 8, 2, 9], [3, 12, 4, 13], [5, 21, 6, 20], [7, 17, 8, 16], [9, 2, 10, 3]]"
12a_1254_120,"[[10, 3, 11, 4], [12, 20, 13, 19], [14, 23, 15, 24], [16, 1, 17, 2], [18, 12, 19, 11], [20, 6, 21, 5], [22, 8, 23, 7], [24, 15, 1, 16], [2, 9, 3, 10], [4, 13, 5, 14], [6, 22, 7, 21], [8, 18, 9, 17]]"
12a_1254_121,"[[8, 18, 9, 17], [10, 3, 11, 4], [12, 20, 13, 19], [14, 23, 15, 24], [16, 1, 17, 2], [18, 12, 19, 11], [20, 6, 21, 5], [22, 8, 23, 7], [24, 15, 1, 16], [2, 9, 3, 10], [4, 13, 5, 14], [6, 22, 7, 21]]"
12a_1254_122,"[[6, 22, 7, 21], [8, 18, 9, 17], [10, 3, 11, 4], [12, 20, 13, 19], [14, 23, 15, 24], [16, 1, 17, 2], [18, 12, 19, 11], [20, 6, 21, 5], [22, 8, 23, 7], [24, 15, 1, 16], [2, 9, 3, 10], [4, 13, 5, 14]]"
12a_1254_123,"[[4, 13, 5, 14], [6, 22, 7, 21], [8, 18, 9, 17], [10, 3, 11, 4], [12, 20, 13, 19], [14, 23, 15, 24], [16, 1, 17, 2], [18, 12, 19, 11], [20, 6, 21, 5], [22, 8, 23, 7], [24, 15, 1, 16], [2, 9, 3, 10]]"
12a_1254_124,"[[2, 9, 3, 10], [4, 13, 5, 14], [6, 22, 7, 21], [8, 18, 9, 17], [10, 3, 11, 4], [12, 20, 13, 19], [14, 23, 15, 24], [16, 1, 17, 2], [18, 12, 19, 11], [20, 6, 21, 5], [22, 8, 23, 7], [24, 15, 1, 16]]"
12a_1254_125,"[[24, 15, 1, 16], [2, 9, 3, 10], [4, 13, 5, 14], [6, 22, 7, 21], [8, 18, 9, 17], [10, 3, 11, 4], [12, 20, 13, 19], [14, 23, 15, 24], [16, 1, 17, 2], [18, 12, 19, 11], [20, 6, 21, 5], [22, 8, 23, 7]]"
12a_1254_126,"[[22, 8, 23, 7], [24, 15, 1, 16], [2, 9, 3, 10], [4, 13, 5, 14], [6, 22, 7, 21], [8, 18, 9, 17], [10, 3, 11, 4], [12, 20, 13, 19], [14, 23, 15, 24], [16, 1, 17, 2], [18, 12, 19, 11], [20, 6, 21, 5]]"
12a_1254_127,"[[20, 6, 21, 5], [22, 8, 23, 7], [24, 15, 1, 16], [2, 9, 3, 10], [4, 13, 5, 14], [6, 22, 7, 21], [8, 18, 9, 17], [10, 3, 11, 4], [12, 20, 13, 19], [14, 23, 15, 24], [16, 1, 17, 2], [18, 12, 19, 11]]"
12a_1254_128,"[[18, 12, 19, 11], [20, 6, 21, 5], [22, 8, 23, 7], [24, 15, 1, 16], [2, 9, 3, 10], [4, 13, 5, 14], [6, 22, 7, 21], [8, 18, 9, 17], [10, 3, 11, 4], [12, 20, 13, 19], [14, 23, 15, 24], [16, 1, 17, 2]]"
12a_1254_129,"[[16, 1, 17, 2], [18, 12, 19, 11], [20, 6, 21, 5], [22, 8, 23, 7], [24, 15, 1, 16], [2, 9, 3, 10], [4, 13, 5, 14], [6, 22, 7, 21], [8, 18, 9, 17], [10, 3, 11, 4], [12, 20, 13, 19], [14, 23, 15, 24]]"
12a_1254_130,"[[14, 23, 15, 24], [16, 1, 17, 2], [18, 12, 19, 11], [20, 6, 21, 5], [22, 8, 23, 7], [24, 15, 1, 16], [2, 9, 3, 10], [4, 13, 5, 14], [6, 22, 7, 21], [8, 18, 9, 17], [10, 3, 11, 4], [12, 20, 13, 19]]"
12a_1254_131,"[[12, 20, 13, 19], [14, 23, 15, 24], [16, 1, 17, 2], [18, 12, 19, 11], [20, 6, 21, 5], [22, 8, 23, 7], [24, 15, 1, 16], [2, 9, 3, 10], [4, 13, 5, 14], [6, 22, 7, 21], [8, 18, 9, 17], [10, 3, 11, 4]]"
12a_1254_132,"[[11, 4, 12, 5], [13, 21, 14, 20], [15, 24, 16, 1], [17, 2, 18, 3], [19, 13, 20, 12], [21, 7, 22, 6], [23, 9, 24, 8], [1, 16, 2, 17], [3, 10, 4, 11], [5, 14, 6, 15], [7, 23, 8, 22], [9, 19, 10, 18]]"
12a_1254_133,"[[9, 19, 10, 18], [11, 4, 12, 5], [13, 21, 14, 20], [15, 24, 16, 1], [17, 2, 18, 3], [19, 13, 20, 12], [21, 7, 22, 6], [23, 9, 24, 8], [1, 16, 2, 17], [3, 10, 4, 11], [5, 14, 6, 15], [7, 23, 8, 22]]"
12a_1254_134,"[[7, 23, 8, 22], [9, 19, 10, 18], [11, 4, 12, 5], [13, 21, 14, 20], [15, 24, 16, 1], [17, 2, 18, 3], [19, 13, 20, 12], [21, 7, 22, 6], [23, 9, 24, 8], [1, 16, 2, 17], [3, 10, 4, 11], [5, 14, 6, 15]]"
12a_1254_135,"[[5, 14, 6, 15], [7, 23, 8, 22], [9, 19, 10, 18], [11, 4, 12, 5], [13, 21, 14, 20], [15, 24, 16, 1], [17, 2, 18, 3], [19, 13, 20, 12], [21, 7, 22, 6], [23, 9, 24, 8], [1, 16, 2, 17], [3, 10, 4, 11]]"
12a_1254_136,"[[3, 10, 4, 11], [5, 14, 6, 15], [7, 23, 8, 22], [9, 19, 10, 18], [11, 4, 12, 5], [13, 21, 14, 20], [15, 24, 16, 1], [17, 2, 18, 3], [19, 13, 20, 12], [21, 7, 22, 6], [23, 9, 24, 8], [1, 16, 2, 17]]"
12a_1254_137,"[[1, 16, 2, 17], [3, 10, 4, 11], [5, 14, 6, 15], [7, 23, 8, 22], [9, 19, 10, 18], [11, 4, 12, 5], [13, 21, 14, 20], [15, 24, 16, 1], [17, 2, 18, 3], [19, 13, 20, 12], [21, 7, 22, 6], [23, 9, 24, 8]]"
12a_1254_138,"[[23, 9, 24, 8], [1, 16, 2, 17], [3, 10, 4, 11], [5, 14, 6, 15], [7, 23, 8, 22], [9, 19, 10, 18], [11, 4, 12, 5], [13, 21, 14, 20], [15, 24, 16, 1], [17, 2, 18, 3], [19, 13, 20, 12], [21, 7, 22, 6]]"
12a_1254_139,"[[21, 7, 22, 6], [23, 9, 24, 8], [1, 16, 2, 17], [3, 10, 4, 11], [5, 14, 6, 15], [7, 23, 8, 22], [9, 19, 10, 18], [11, 4, 12, 5], [13, 21, 14, 20], [15, 24, 16, 1], [17, 2, 18, 3], [19, 13, 20, 12]]"
12a_1254_140,"[[19, 13, 20, 12], [21, 7, 22, 6], [23, 9, 24, 8], [1, 16, 2, 17], [3, 10, 4, 11], [5, 14, 6, 15], [7, 23, 8, 22], [9, 19, 10, 18], [11, 4, 12, 5], [13, 21, 14, 20], [15, 24, 16, 1], [17, 2, 18, 3]]"
12a_1254_141,"[[17, 2, 18, 3], [19, 13, 20, 12], [21, 7, 22, 6], [23, 9, 24, 8], [1, 16, 2, 17], [3, 10, 4, 11], [5, 14, 6, 15], [7, 23, 8, 22], [9, 19, 10, 18], [11, 4, 12, 5], [13, 21, 14, 20], [15, 24, 16, 1]]"
12a_1254_142,"[[15, 24, 16, 1], [17, 2, 18, 3], [19, 13, 20, 12], [21, 7, 22, 6], [23, 9, 24, 8], [1, 16, 2, 17], [3, 10, 4, 11], [5, 14, 6, 15], [7, 23, 8, 22], [9, 19, 10, 18], [11, 4, 12, 5], [13, 21, 14, 20]]"
12a_1254_143,"[[13, 21, 14, 20], [15, 24, 16, 1], [17, 2, 18, 3], [19, 13, 20, 12], [21, 7, 22, 6], [23, 9, 24, 8], [1, 16, 2, 17], [3, 10, 4, 11], [5, 14, 6, 15], [7, 23, 8, 22], [9, 19, 10, 18], [11, 4, 12, 5]]"
12a_1254_144,"[[12, 5, 13, 6], [14, 22, 15, 21], [16, 1, 17, 2], [18, 3, 19, 4], [20, 14, 21, 13], [22, 8, 23, 7], [24, 10, 1, 9], [2, 17, 3, 18], [4, 11, 5, 12], [6, 15, 7, 16], [8, 24, 9, 23], [10, 20, 11, 19]]"
12a_1254_145,"[[10, 20, 11, 19], [12, 5, 13, 6], [14, 22, 15, 21], [16, 1, 17, 2], [18, 3, 19, 4], [20, 14, 21, 13], [22, 8, 23, 7], [24, 10, 1, 9], [2, 17, 3, 18], [4, 11, 5, 12], [6, 15, 7, 16], [8, 24, 9, 23]]"
12a_1254_146,"[[8, 24, 9, 23], [10, 20, 11, 19], [12, 5, 13, 6], [14, 22, 15, 21], [16, 1, 17, 2], [18, 3, 19, 4], [20, 14, 21, 13], [22, 8, 23, 7], [24, 10, 1, 9], [2, 17, 3, 18], [4, 11, 5, 12], [6, 15, 7, 16]]"
12a_1254_147,"[[6, 15, 7, 16], [8, 24, 9, 23], [10, 20, 11, 19], [12, 5, 13, 6], [14, 22, 15, 21], [16, 1, 17, 2], [18, 3, 19, 4], [20, 14, 21, 13], [22, 8, 23, 7], [24, 10, 1, 9], [2, 17, 3, 18], [4, 11, 5, 12]]"
12a_1254_148,"[[4, 11, 5, 12], [6, 15, 7, 16], [8, 24, 9, 23], [10, 20, 11, 19], [12, 5, 13, 6], [14, 22, 15, 21], [16, 1, 17, 2], [18, 3, 19, 4], [20, 14, 21, 13], [22, 8, 23, 7], [24, 10, 1, 9], [2, 17, 3, 18]]"
12a_1254_149,"[[2, 17, 3, 18], [4, 11, 5, 12], [6, 15, 7, 16], [8, 24, 9, 23], [10, 20, 11, 19], [12, 5, 13, 6], [14, 22, 15, 21], [16, 1, 17, 2], [18, 3, 19, 4], [20, 14, 21, 13], [22, 8, 23, 7], [24, 10, 1, 9]]"
12a_1254_150,"[[24, 10, 1, 9], [2, 17, 3, 18], [4, 11, 5, 12], [6, 15, 7, 16], [8, 24, 9, 23], [10, 20, 11, 19], [12, 5, 13, 6], [14, 22, 15, 21], [16, 1, 17, 2], [18, 3, 19, 4], [20, 14, 21, 13], [22, 8, 23, 7]]"
12a_1254_151,"[[22, 8, 23, 7], [24, 10, 1, 9], [2, 17, 3, 18], [4, 11, 5, 12], [6, 15, 7, 16], [8, 24, 9, 23], [10, 20, 11, 19], [12, 5, 13, 6], [14, 22, 15, 21], [16, 1, 17, 2], [18, 3, 19, 4], [20, 14, 21, 13]]"
12a_1254_152,"[[20, 14, 21, 13], [22, 8, 23, 7], [24, 10, 1, 9], [2, 17, 3, 18], [4, 11, 5, 12], [6, 15, 7, 16], [8, 24, 9, 23], [10, 20, 11, 19], [12, 5, 13, 6], [14, 22, 15, 21], [16, 1, 17, 2], [18, 3, 19, 4]]"
12a_1254_153,"[[18, 3, 19, 4], [20, 14, 21, 13], [22, 8, 23, 7], [24, 10, 1, 9], [2, 17, 3, 18], [4, 11, 5, 12], [6, 15, 7, 16], [8, 24, 9, 23], [10, 20, 11, 19], [12, 5, 13, 6], [14, 22, 15, 21], [16, 1, 17, 2]]"
12a_1254_154,"[[16, 1, 17, 2], [18, 3, 19, 4], [20, 14, 21, 13], [22, 8, 23, 7], [24, 10, 1, 9], [2, 17, 3, 18], [4, 11, 5, 12], [6, 15, 7, 16], [8, 24, 9, 23], [10, 20, 11, 19], [12, 5, 13, 6], [14, 22, 15, 21]]"
12a_1254_155,"[[14, 22, 15, 21], [16, 1, 17, 2], [18, 3, 19, 4], [20, 14, 21, 13], [22, 8, 23, 7], [24, 10, 1, 9], [2, 17, 3, 18], [4, 11, 5, 12], [6, 15, 7, 16], [8, 24, 9, 23], [10, 20, 11, 19], [12, 5, 13, 6]]"
12a_1254_156,"[[13, 6, 14, 7], [15, 23, 16, 22], [17, 2, 18, 3], [19, 4, 20, 5], [21, 15, 22, 14], [23, 9, 24, 8], [1, 11, 2, 10], [3, 18, 4, 19], [5, 12, 6, 13], [7, 16, 8, 17], [9, 1, 10, 24], [11, 21, 12, 20]]"
12a_1254_157,"[[11, 21, 12, 20], [13, 6, 14, 7], [15, 23, 16, 22], [17, 2, 18, 3], [19, 4, 20, 5], [21, 15, 22, 14], [23, 9, 24, 8], [1, 11, 2, 10], [3, 18, 4, 19], [5, 12, 6, 13], [7, 16, 8, 17], [9, 1, 10, 24]]"
12a_1254_158,"[[9, 1, 10, 24], [11, 21, 12, 20], [13, 6, 14, 7], [15, 23, 16, 22], [17, 2, 18, 3], [19, 4, 20, 5], [21, 15, 22, 14], [23, 9, 24, 8], [1, 11, 2, 10], [3, 18, 4, 19], [5, 12, 6, 13], [7, 16, 8, 17]]"
12a_1254_159,"[[7, 16, 8, 17], [9, 1, 10, 24], [11, 21, 12, 20], [13, 6, 14, 7], [15, 23, 16, 22], [17, 2, 18, 3], [19, 4, 20, 5], [21, 15, 22, 14], [23, 9, 24, 8], [1, 11, 2, 10], [3, 18, 4, 19], [5, 12, 6, 13]]"
12a_1254_160,"[[5, 12, 6, 13], [7, 16, 8, 17], [9, 1, 10, 24], [11, 21, 12, 20], [13, 6, 14, 7], [15, 23, 16, 22], [17, 2, 18, 3], [19, 4, 20, 5], [21, 15, 22, 14], [23, 9, 24, 8], [1, 11, 2, 10], [3, 18, 4, 19]]"
12a_1254_161,"[[3, 18, 4, 19], [5, 12, 6, 13], [7, 16, 8, 17], [9, 1, 10, 24], [11, 21, 12, 20], [13, 6, 14, 7], [15, 23, 16, 22], [17, 2, 18, 3], [19, 4, 20, 5], [21, 15, 22, 14], [23, 9, 24, 8], [1, 11, 2, 10]]"
12a_1254_162,"[[1, 11, 2, 10], [3, 18, 4, 19], [5, 12, 6, 13], [7, 16, 8, 17], [9, 1, 10, 24], [11, 21, 12, 20], [13, 6, 14, 7], [15, 23, 16, 22], [17, 2, 18, 3], [19, 4, 20, 5], [21, 15, 22, 14], [23, 9, 24, 8]]"
12a_1254_163,"[[23, 9, 24, 8], [1, 11, 2, 10], [3, 18, 4, 19], [5, 12, 6, 13], [7, 16, 8, 17], [9, 1, 10, 24], [11, 21, 12, 20], [13, 6, 14, 7], [15, 23, 16, 22], [17, 2, 18, 3], [19, 4, 20, 5], [21, 15, 22, 14]]"
12a_1254_164,"[[21, 15, 22, 14], [23, 9, 24, 8], [1, 11, 2, 10], [3, 18, 4, 19], [5, 12, 6, 13], [7, 16, 8, 17], [9, 1, 10, 24], [11, 21, 12, 20], [13, 6, 14, 7], [15, 23, 16, 22], [17, 2, 18, 3], [19, 4, 20, 5]]"
12a_1254_165,"[[19, 4, 20, 5], [21, 15, 22, 14], [23, 9, 24, 8], [1, 11, 2, 10], [3, 18, 4, 19], [5, 12, 6, 13], [7, 16, 8, 17], [9, 1, 10, 24], [11, 21, 12, 20], [13, 6, 14, 7], [15, 23, 16, 22], [17, 2, 18, 3]]"
12a_1254_166,"[[17, 2, 18, 3], [19, 4, 20, 5], [21, 15, 22, 14], [23, 9, 24, 8], [1, 11, 2, 10], [3, 18, 4, 19], [5, 12, 6, 13], [7, 16, 8, 17], [9, 1, 10, 24], [11, 21, 12, 20], [13, 6, 14, 7], [15, 23, 16, 22]]"
12a_1254_167,"[[15, 23, 16, 22], [17, 2, 18, 3], [19, 4, 20, 5], [21, 15, 22, 14], [23, 9, 24, 8], [1, 11, 2, 10], [3, 18, 4, 19], [5, 12, 6, 13], [7, 16, 8, 17], [9, 1, 10, 24], [11, 21, 12, 20], [13, 6, 14, 7]]"
12a_1254_168,"[[14, 7, 15, 8], [16, 24, 17, 23], [18, 3, 19, 4], [20, 5, 21, 6], [22, 16, 23, 15], [24, 10, 1, 9], [2, 12, 3, 11], [4, 19, 5, 20], [6, 13, 7, 14], [8, 17, 9, 18], [10, 2, 11, 1], [12, 22, 13, 21]]"
12a_1254_169,"[[12, 22, 13, 21], [14, 7, 15, 8], [16, 24, 17, 23], [18, 3, 19, 4], [20, 5, 21, 6], [22, 16, 23, 15], [24, 10, 1, 9], [2, 12, 3, 11], [4, 19, 5, 20], [6, 13, 7, 14], [8, 17, 9, 18], [10, 2, 11, 1]]"
12a_1254_170,"[[10, 2, 11, 1], [12, 22, 13, 21], [14, 7, 15, 8], [16, 24, 17, 23], [18, 3, 19, 4], [20, 5, 21, 6], [22, 16, 23, 15], [24, 10, 1, 9], [2, 12, 3, 11], [4, 19, 5, 20], [6, 13, 7, 14], [8, 17, 9, 18]]"
12a_1254_171,"[[8, 17, 9, 18], [10, 2, 11, 1], [12, 22, 13, 21], [14, 7, 15, 8], [16, 24, 17, 23], [18, 3, 19, 4], [20, 5, 21, 6], [22, 16, 23, 15], [24, 10, 1, 9], [2, 12, 3, 11], [4, 19, 5, 20], [6, 13, 7, 14]]"
12a_1254_172,"[[6, 13, 7, 14], [8, 17, 9, 18], [10, 2, 11, 1], [12, 22, 13, 21], [14, 7, 15, 8], [16, 24, 17, 23], [18, 3, 19, 4], [20, 5, 21, 6], [22, 16, 23, 15], [24, 10, 1, 9], [2, 12, 3, 11], [4, 19, 5, 20]]"
12a_1254_173,"[[4, 19, 5, 20], [6, 13, 7, 14], [8, 17, 9, 18], [10, 2, 11, 1], [12, 22, 13, 21], [14, 7, 15, 8], [16, 24, 17, 23], [18, 3, 19, 4], [20, 5, 21, 6], [22, 16, 23, 15], [24, 10, 1, 9], [2, 12, 3, 11]]"
12a_1254_174,"[[2, 12, 3, 11], [4, 19, 5, 20], [6, 13, 7, 14], [8, 17, 9, 18], [10, 2, 11, 1], [12, 22, 13, 21], [14, 7, 15, 8], [16, 24, 17, 23], [18, 3, 19, 4], [20, 5, 21, 6], [22, 16, 23, 15], [24, 10, 1, 9]]"
12a_1254_175,"[[24, 10, 1, 9], [2, 12, 3, 11], [4, 19, 5, 20], [6, 13, 7, 14], [8, 17, 9, 18], [10, 2, 11, 1], [12, 22, 13, 21], [14, 7, 15, 8], [16, 24, 17, 23], [18, 3, 19, 4], [20, 5, 21, 6], [22, 16, 23, 15]]"
12a_1254_176,"[[22, 16, 23, 15], [24, 10, 1, 9], [2, 12, 3, 11], [4, 19, 5, 20], [6, 13, 7, 14], [8, 17, 9, 18], [10, 2, 11, 1], [12, 22, 13, 21], [14, 7, 15, 8], [16, 24, 17, 23], [18, 3, 19, 4], [20, 5, 21, 6]]"
12a_1254_177,"[[20, 5, 21, 6], [22, 16, 23, 15], [24, 10, 1, 9], [2, 12, 3, 11], [4, 19, 5, 20], [6, 13, 7, 14], [8, 17, 9, 18], [10, 2, 11, 1], [12, 22, 13, 21], [14, 7, 15, 8], [16, 24, 17, 23], [18, 3, 19, 4]]"
12a_1254_178,"[[18, 3, 19, 4], [20, 5, 21, 6], [22, 16, 23, 15], [24, 10, 1, 9], [2, 12, 3, 11], [4, 19, 5, 20], [6, 13, 7, 14], [8, 17, 9, 18], [10, 2, 11, 1], [12, 22, 13, 21], [14, 7, 15, 8], [16, 24, 17, 23]]"
12a_1254_179,"[[16, 24, 17, 23], [18, 3, 19, 4], [20, 5, 21, 6], [22, 16, 23, 15], [24, 10, 1, 9], [2, 12, 3, 11], [4, 19, 5, 20], [6, 13, 7, 14], [8, 17, 9, 18], [10, 2, 11, 1], [12, 22, 13, 21], [14, 7, 15, 8]]"
12a_1254_180,"[[15, 8, 16, 9], [17, 1, 18, 24], [19, 4, 20, 5], [21, 6, 22, 7], [23, 17, 24, 16], [1, 11, 2, 10], [3, 13, 4, 12], [5, 20, 6, 21], [7, 14, 8, 15], [9, 18, 10, 19], [11, 3, 12, 2], [13, 23, 14, 22]]"
12a_1254_181,"[[13, 23, 14, 22], [15, 8, 16, 9], [17, 1, 18, 24], [19, 4, 20, 5], [21, 6, 22, 7], [23, 17, 24, 16], [1, 11, 2, 10], [3, 13, 4, 12], [5, 20, 6, 21], [7, 14, 8, 15], [9, 18, 10, 19], [11, 3, 12, 2]]"
12a_1254_182,"[[11, 3, 12, 2], [13, 23, 14, 22], [15, 8, 16, 9], [17, 1, 18, 24], [19, 4, 20, 5], [21, 6, 22, 7], [23, 17, 24, 16], [1, 11, 2, 10], [3, 13, 4, 12], [5, 20, 6, 21], [7, 14, 8, 15], [9, 18, 10, 19]]"
12a_1254_183,"[[9, 18, 10, 19], [11, 3, 12, 2], [13, 23, 14, 22], [15, 8, 16, 9], [17, 1, 18, 24], [19, 4, 20, 5], [21, 6, 22, 7], [23, 17, 24, 16], [1, 11, 2, 10], [3, 13, 4, 12], [5, 20, 6, 21], [7, 14, 8, 15]]"
12a_1254_184,"[[7, 14, 8, 15], [9, 18, 10, 19], [11, 3, 12, 2], [13, 23, 14, 22], [15, 8, 16, 9], [17, 1, 18, 24], [19, 4, 20, 5], [21, 6, 22, 7], [23, 17, 24, 16], [1, 11, 2, 10], [3, 13, 4, 12], [5, 20, 6, 21]]"
12a_1254_185,"[[5, 20, 6, 21], [7, 14, 8, 15], [9, 18, 10, 19], [11, 3, 12, 2], [13, 23, 14, 22], [15, 8, 16, 9], [17, 1, 18, 24], [19, 4, 20, 5], [21, 6, 22, 7], [23, 17, 24, 16], [1, 11, 2, 10], [3, 13, 4, 12]]"
