name,pd_notation
12a_1214_0,"[[24, 18, 1, 17], [2, 10, 3, 9], [4, 12, 5, 11], [6, 14, 7, 13], [8, 19, 9, 20], [10, 4, 11, 3], [12, 6, 13, 5], [14, 22, 15, 21], [16, 24, 17, 23], [18, 2, 19, 1], [20, 7, 21, 8], [22, 16, 23, 15]]"
12a_1214_1,"[[22, 16, 23, 15], [24, 18, 1, 17], [2, 10, 3, 9], [4, 12, 5, 11], [6, 14, 7, 13], [8, 19, 9, 20], [10, 4, 11, 3], [12, 6, 13, 5], [14, 22, 15, 21], [16, 24, 17, 23], [18, 2, 19, 1], [20, 7, 21, 8]]"
12a_1214_2,"[[20, 7, 21, 8], [22, 16, 23, 15], [24, 18, 1, 17], [2, 10, 3, 9], [4, 12, 5, 11], [6, 14, 7, 13], [8, 19, 9, 20], [10, 4, 11, 3], [12, 6, 13, 5], [14, 22, 15, 21], [16, 24, 17, 23], [18, 2, 19, 1]]"
12a_1214_3,"[[18, 2, 19, 1], [20, 7, 21, 8], [22, 16, 23, 15], [24, 18, 1, 17], [2, 10, 3, 9], [4, 12, 5, 11], [6, 14, 7, 13], [8, 19, 9, 20], [10, 4, 11, 3], [12, 6, 13, 5], [14, 22, 15, 21], [16, 24, 17, 23]]"
12a_1214_4,"[[16, 24, 17, 23], [18, 2, 19, 1], [20, 7, 21, 8], [22, 16, 23, 15], [24, 18, 1, 17], [2, 10, 3, 9], [4, 12, 5, 11], [6, 14, 7, 13], [8, 19, 9, 20], [10, 4, 11, 3], [12, 6, 13, 5], [14, 22, 15, 21]]"
12a_1214_5,"[[14, 22, 15, 21], [16, 24, 17, 23], [18, 2, 19, 1], [20, 7, 21, 8], [22, 16, 23, 15], [24, 18, 1, 17], [2, 10, 3, 9], [4, 12, 5, 11], [6, 14, 7, 13], [8, 19, 9, 20], [10, 4, 11, 3], [12, 6, 13, 5]]"
12a_1214_6,"[[12, 6, 13, 5], [14, 22, 15, 21], [16, 24, 17, 23], [18, 2, 19, 1], [20, 7, 21, 8], [22, 16, 23, 15], [24, 18, 1, 17], [2, 10, 3, 9], [4, 12, 5, 11], [6, 14, 7, 13], [8, 19, 9, 20], [10, 4, 11, 3]]"
12a_1214_7,"[[10, 4, 11, 3], [12, 6, 13, 5], [14, 22, 15, 21], [16, 24, 17, 23], [18, 2, 19, 1], [20, 7, 21, 8], [22, 16, 23, 15], [24, 18, 1, 17], [2, 10, 3, 9], [4, 12, 5, 11], [6, 14, 7, 13], [8, 19, 9, 20]]"
12a_1214_8,"[[8, 19, 9, 20], [10, 4, 11, 3], [12, 6, 13, 5], [14, 22, 15, 21], [16, 24, 17, 23], [18, 2, 19, 1], [20, 7, 21, 8], [22, 16, 23, 15], [24, 18, 1, 17], [2, 10, 3, 9], [4, 12, 5, 11], [6, 14, 7, 13]]"
12a_1214_9,"[[6, 14, 7, 13], [8, 19, 9, 20], [10, 4, 11, 3], [12, 6, 13, 5], [14, 22, 15, 21], [16, 24, 17, 23], [18, 2, 19, 1], [20, 7, 21, 8], [22, 16, 23, 15], [24, 18, 1, 17], [2, 10, 3, 9], [4, 12, 5, 11]]"
12a_1214_10,"[[4, 12, 5, 11], [6, 14, 7, 13], [8, 19, 9, 20], [10, 4, 11, 3], [12, 6, 13, 5], [14, 22, 15, 21], [16, 24, 17, 23], [18, 2, 19, 1], [20, 7, 21, 8], [22, 16, 23, 15], [24, 18, 1, 17], [2, 10, 3, 9]]"
12a_1214_11,"[[2, 10, 3, 9], [4, 12, 5, 11], [6, 14, 7, 13], [8, 19, 9, 20], [10, 4, 11, 3], [12, 6, 13, 5], [14, 22, 15, 21], [16, 24, 17, 23], [18, 2, 19, 1], [20, 7, 21, 8], [22, 16, 23, 15], [24, 18, 1, 17]]"
12a_1214_12,"[[1, 19, 2, 18], [3, 11, 4, 10], [5, 13, 6, 12], [7, 15, 8, 14], [9, 20, 10, 21], [11, 5, 12, 4], [13, 7, 14, 6], [15, 23, 16, 22], [17, 1, 18, 24], [19, 3, 20, 2], [21, 8, 22, 9], [23, 17, 24, 16]]"
12a_1214_13,"[[23, 17, 24, 16], [1, 19, 2, 18], [3, 11, 4, 10], [5, 13, 6, 12], [7, 15, 8, 14], [9, 20, 10, 21], [11, 5, 12, 4], [13, 7, 14, 6], [15, 23, 16, 22], [17, 1, 18, 24], [19, 3, 20, 2], [21, 8, 22, 9]]"
12a_1214_14,"[[21, 8, 22, 9], [23, 17, 24, 16], [1, 19, 2, 18], [3, 11, 4, 10], [5, 13, 6, 12], [7, 15, 8, 14], [9, 20, 10, 21], [11, 5, 12, 4], [13, 7, 14, 6], [15, 23, 16, 22], [17, 1, 18, 24], [19, 3, 20, 2]]"
12a_1214_15,"[[19, 3, 20, 2], [21, 8, 22, 9], [23, 17, 24, 16], [1, 19, 2, 18], [3, 11, 4, 10], [5, 13, 6, 12], [7, 15, 8, 14], [9, 20, 10, 21], [11, 5, 12, 4], [13, 7, 14, 6], [15, 23, 16, 22], [17, 1, 18, 24]]"
12a_1214_16,"[[17, 1, 18, 24], [19, 3, 20, 2], [21, 8, 22, 9], [23, 17, 24, 16], [1, 19, 2, 18], [3, 11, 4, 10], [5, 13, 6, 12], [7, 15, 8, 14], [9, 20, 10, 21], [11, 5, 12, 4], [13, 7, 14, 6], [15, 23, 16, 22]]"
12a_1214_17,"[[15, 23, 16, 22], [17, 1, 18, 24], [19, 3, 20, 2], [21, 8, 22, 9], [23, 17, 24, 16], [1, 19, 2, 18], [3, 11, 4, 10], [5, 13, 6, 12], [7, 15, 8, 14], [9, 20, 10, 21], [11, 5, 12, 4], [13, 7, 14, 6]]"
12a_1214_18,"[[13, 7, 14, 6], [15, 23, 16, 22], [17, 1, 18, 24], [19, 3, 20, 2], [21, 8, 22, 9], [23, 17, 24, 16], [1, 19, 2, 18], [3, 11, 4, 10], [5, 13, 6, 12], [7, 15, 8, 14], [9, 20, 10, 21], [11, 5, 12, 4]]"
12a_1214_19,"[[11, 5, 12, 4], [13, 7, 14, 6], [15, 23, 16, 22], [17, 1, 18, 24], [19, 3, 20, 2], [21, 8, 22, 9], [23, 17, 24, 16], [1, 19, 2, 18], [3, 11, 4, 10], [5, 13, 6, 12], [7, 15, 8, 14], [9, 20, 10, 21]]"
12a_1214_20,"[[9, 20, 10, 21], [11, 5, 12, 4], [13, 7, 14, 6], [15, 23, 16, 22], [17, 1, 18, 24], [19, 3, 20, 2], [21, 8, 22, 9], [23, 17, 24, 16], [1, 19, 2, 18], [3, 11, 4, 10], [5, 13, 6, 12], [7, 15, 8, 14]]"
12a_1214_21,"[[7, 15, 8, 14], [9, 20, 10, 21], [11, 5, 12, 4], [13, 7, 14, 6], [15, 23, 16, 22], [17, 1, 18, 24], [19, 3, 20, 2], [21, 8, 22, 9], [23, 17, 24, 16], [1, 19, 2, 18], [3, 11, 4, 10], [5, 13, 6, 12]]"
12a_1214_22,"[[5, 13, 6, 12], [7, 15, 8, 14], [9, 20, 10, 21], [11, 5, 12, 4], [13, 7, 14, 6], [15, 23, 16, 22], [17, 1, 18, 24], [19, 3, 20, 2], [21, 8, 22, 9], [23, 17, 24, 16], [1, 19, 2, 18], [3, 11, 4, 10]]"
12a_1214_23,"[[3, 11, 4, 10], [5, 13, 6, 12], [7, 15, 8, 14], [9, 20, 10, 21], [11, 5, 12, 4], [13, 7, 14, 6], [15, 23, 16, 22], [17, 1, 18, 24], [19, 3, 20, 2], [21, 8, 22, 9], [23, 17, 24, 16], [1, 19, 2, 18]]"
12a_1214_24,"[[2, 20, 3, 19], [4, 12, 5, 11], [6, 14, 7, 13], [8, 16, 9, 15], [10, 21, 11, 22], [12, 6, 13, 5], [14, 8, 15, 7], [16, 24, 17, 23], [18, 2, 19, 1], [20, 4, 21, 3], [22, 9, 23, 10], [24, 18, 1, 17]]"
12a_1214_25,"[[24, 18, 1, 17], [2, 20, 3, 19], [4, 12, 5, 11], [6, 14, 7, 13], [8, 16, 9, 15], [10, 21, 11, 22], [12, 6, 13, 5], [14, 8, 15, 7], [16, 24, 17, 23], [18, 2, 19, 1], [20, 4, 21, 3], [22, 9, 23, 10]]"
12a_1214_26,"[[22, 9, 23, 10], [24, 18, 1, 17], [2, 20, 3, 19], [4, 12, 5, 11], [6, 14, 7, 13], [8, 16, 9, 15], [10, 21, 11, 22], [12, 6, 13, 5], [14, 8, 15, 7], [16, 24, 17, 23], [18, 2, 19, 1], [20, 4, 21, 3]]"
12a_1214_27,"[[20, 4, 21, 3], [22, 9, 23, 10], [24, 18, 1, 17], [2, 20, 3, 19], [4, 12, 5, 11], [6, 14, 7, 13], [8, 16, 9, 15], [10, 21, 11, 22], [12, 6, 13, 5], [14, 8, 15, 7], [16, 24, 17, 23], [18, 2, 19, 1]]"
12a_1214_28,"[[18, 2, 19, 1], [20, 4, 21, 3], [22, 9, 23, 10], [24, 18, 1, 17], [2, 20, 3, 19], [4, 12, 5, 11], [6, 14, 7, 13], [8, 16, 9, 15], [10, 21, 11, 22], [12, 6, 13, 5], [14, 8, 15, 7], [16, 24, 17, 23]]"
12a_1214_29,"[[16, 24, 17, 23], [18, 2, 19, 1], [20, 4, 21, 3], [22, 9, 23, 10], [24, 18, 1, 17], [2, 20, 3, 19], [4, 12, 5, 11], [6, 14, 7, 13], [8, 16, 9, 15], [10, 21, 11, 22], [12, 6, 13, 5], [14, 8, 15, 7]]"
12a_1214_30,"[[14, 8, 15, 7], [16, 24, 17, 23], [18, 2, 19, 1], [20, 4, 21, 3], [22, 9, 23, 10], [24, 18, 1, 17], [2, 20, 3, 19], [4, 12, 5, 11], [6, 14, 7, 13], [8, 16, 9, 15], [10, 21, 11, 22], [12, 6, 13, 5]]"
12a_1214_31,"[[12, 6, 13, 5], [14, 8, 15, 7], [16, 24, 17, 23], [18, 2, 19, 1], [20, 4, 21, 3], [22, 9, 23, 10], [24, 18, 1, 17], [2, 20, 3, 19], [4, 12, 5, 11], [6, 14, 7, 13], [8, 16, 9, 15], [10, 21, 11, 22]]"
12a_1214_32,"[[10, 21, 11, 22], [12, 6, 13, 5], [14, 8, 15, 7], [16, 24, 17, 23], [18, 2, 19, 1], [20, 4, 21, 3], [22, 9, 23, 10], [24, 18, 1, 17], [2, 20, 3, 19], [4, 12, 5, 11], [6, 14, 7, 13], [8, 16, 9, 15]]"
12a_1214_33,"[[8, 16, 9, 15], [10, 21, 11, 22], [12, 6, 13, 5], [14, 8, 15, 7], [16, 24, 17, 23], [18, 2, 19, 1], [20, 4, 21, 3], [22, 9, 23, 10], [24, 18, 1, 17], [2, 20, 3, 19], [4, 12, 5, 11], [6, 14, 7, 13]]"
12a_1214_34,"[[6, 14, 7, 13], [8, 16, 9, 15], [10, 21, 11, 22], [12, 6, 13, 5], [14, 8, 15, 7], [16, 24, 17, 23], [18, 2, 19, 1], [20, 4, 21, 3], [22, 9, 23, 10], [24, 18, 1, 17], [2, 20, 3, 19], [4, 12, 5, 11]]"
12a_1214_35,"[[4, 12, 5, 11], [6, 14, 7, 13], [8, 16, 9, 15], [10, 21, 11, 22], [12, 6, 13, 5], [14, 8, 15, 7], [16, 24, 17, 23], [18, 2, 19, 1], [20, 4, 21, 3], [22, 9, 23, 10], [24, 18, 1, 17], [2, 20, 3, 19]]"
12a_1214_36,"[[3, 21, 4, 20], [5, 13, 6, 12], [7, 15, 8, 14], [9, 17, 10, 16], [11, 22, 12, 23], [13, 7, 14, 6], [15, 9, 16, 8], [17, 1, 18, 24], [19, 3, 20, 2], [21, 5, 22, 4], [23, 10, 24, 11], [1, 19, 2, 18]]"
12a_1214_37,"[[1, 19, 2, 18], [3, 21, 4, 20], [5, 13, 6, 12], [7, 15, 8, 14], [9, 17, 10, 16], [11, 22, 12, 23], [13, 7, 14, 6], [15, 9, 16, 8], [17, 1, 18, 24], [19, 3, 20, 2], [21, 5, 22, 4], [23, 10, 24, 11]]"
12a_1214_38,"[[23, 10, 24, 11], [1, 19, 2, 18], [3, 21, 4, 20], [5, 13, 6, 12], [7, 15, 8, 14], [9, 17, 10, 16], [11, 22, 12, 23], [13, 7, 14, 6], [15, 9, 16, 8], [17, 1, 18, 24], [19, 3, 20, 2], [21, 5, 22, 4]]"
12a_1214_39,"[[21, 5, 22, 4], [23, 10, 24, 11], [1, 19, 2, 18], [3, 21, 4, 20], [5, 13, 6, 12], [7, 15, 8, 14], [9, 17, 10, 16], [11, 22, 12, 23], [13, 7, 14, 6], [15, 9, 16, 8], [17, 1, 18, 24], [19, 3, 20, 2]]"
12a_1214_40,"[[19, 3, 20, 2], [21, 5, 22, 4], [23, 10, 24, 11], [1, 19, 2, 18], [3, 21, 4, 20], [5, 13, 6, 12], [7, 15, 8, 14], [9, 17, 10, 16], [11, 22, 12, 23], [13, 7, 14, 6], [15, 9, 16, 8], [17, 1, 18, 24]]"
12a_1214_41,"[[17, 1, 18, 24], [19, 3, 20, 2], [21, 5, 22, 4], [23, 10, 24, 11], [1, 19, 2, 18], [3, 21, 4, 20], [5, 13, 6, 12], [7, 15, 8, 14], [9, 17, 10, 16], [11, 22, 12, 23], [13, 7, 14, 6], [15, 9, 16, 8]]"
12a_1214_42,"[[15, 9, 16, 8], [17, 1, 18, 24], [19, 3, 20, 2], [21, 5, 22, 4], [23, 10, 24, 11], [1, 19, 2, 18], [3, 21, 4, 20], [5, 13, 6, 12], [7, 15, 8, 14], [9, 17, 10, 16], [11, 22, 12, 23], [13, 7, 14, 6]]"
12a_1214_43,"[[13, 7, 14, 6], [15, 9, 16, 8], [17, 1, 18, 24], [19, 3, 20, 2], [21, 5, 22, 4], [23, 10, 24, 11], [1, 19, 2, 18], [3, 21, 4, 20], [5, 13, 6, 12], [7, 15, 8, 14], [9, 17, 10, 16], [11, 22, 12, 23]]"
12a_1214_44,"[[11, 22, 12, 23], [13, 7, 14, 6], [15, 9, 16, 8], [17, 1, 18, 24], [19, 3, 20, 2], [21, 5, 22, 4], [23, 10, 24, 11], [1, 19, 2, 18], [3, 21, 4, 20], [5, 13, 6, 12], [7, 15, 8, 14], [9, 17, 10, 16]]"
12a_1214_45,"[[9, 17, 10, 16], [11, 22, 12, 23], [13, 7, 14, 6], [15, 9, 16, 8], [17, 1, 18, 24], [19, 3, 20, 2], [21, 5, 22, 4], [23, 10, 24, 11], [1, 19, 2, 18], [3, 21, 4, 20], [5, 13, 6, 12], [7, 15, 8, 14]]"
12a_1214_46,"[[7, 15, 8, 14], [9, 17, 10, 16], [11, 22, 12, 23], [13, 7, 14, 6], [15, 9, 16, 8], [17, 1, 18, 24], [19, 3, 20, 2], [21, 5, 22, 4], [23, 10, 24, 11], [1, 19, 2, 18], [3, 21, 4, 20], [5, 13, 6, 12]]"
12a_1214_47,"[[5, 13, 6, 12], [7, 15, 8, 14], [9, 17, 10, 16], [11, 22, 12, 23], [13, 7, 14, 6], [15, 9, 16, 8], [17, 1, 18, 24], [19, 3, 20, 2], [21, 5, 22, 4], [23, 10, 24, 11], [1, 19, 2, 18], [3, 21, 4, 20]]"
12a_1214_48,"[[4, 22, 5, 21], [6, 14, 7, 13], [8, 16, 9, 15], [10, 18, 11, 17], [12, 23, 13, 24], [14, 8, 15, 7], [16, 10, 17, 9], [18, 2, 19, 1], [20, 4, 21, 3], [22, 6, 23, 5], [24, 11, 1, 12], [2, 20, 3, 19]]"
12a_1214_49,"[[2, 20, 3, 19], [4, 22, 5, 21], [6, 14, 7, 13], [8, 16, 9, 15], [10, 18, 11, 17], [12, 23, 13, 24], [14, 8, 15, 7], [16, 10, 17, 9], [18, 2, 19, 1], [20, 4, 21, 3], [22, 6, 23, 5], [24, 11, 1, 12]]"
12a_1214_50,"[[24, 11, 1, 12], [2, 20, 3, 19], [4, 22, 5, 21], [6, 14, 7, 13], [8, 16, 9, 15], [10, 18, 11, 17], [12, 23, 13, 24], [14, 8, 15, 7], [16, 10, 17, 9], [18, 2, 19, 1], [20, 4, 21, 3], [22, 6, 23, 5]]"
12a_1214_51,"[[22, 6, 23, 5], [24, 11, 1, 12], [2, 20, 3, 19], [4, 22, 5, 21], [6, 14, 7, 13], [8, 16, 9, 15], [10, 18, 11, 17], [12, 23, 13, 24], [14, 8, 15, 7], [16, 10, 17, 9], [18, 2, 19, 1], [20, 4, 21, 3]]"
12a_1214_52,"[[20, 4, 21, 3], [22, 6, 23, 5], [24, 11, 1, 12], [2, 20, 3, 19], [4, 22, 5, 21], [6, 14, 7, 13], [8, 16, 9, 15], [10, 18, 11, 17], [12, 23, 13, 24], [14, 8, 15, 7], [16, 10, 17, 9], [18, 2, 19, 1]]"
12a_1214_53,"[[18, 2, 19, 1], [20, 4, 21, 3], [22, 6, 23, 5], [24, 11, 1, 12], [2, 20, 3, 19], [4, 22, 5, 21], [6, 14, 7, 13], [8, 16, 9, 15], [10, 18, 11, 17], [12, 23, 13, 24], [14, 8, 15, 7], [16, 10, 17, 9]]"
12a_1214_54,"[[16, 10, 17, 9], [18, 2, 19, 1], [20, 4, 21, 3], [22, 6, 23, 5], [24, 11, 1, 12], [2, 20, 3, 19], [4, 22, 5, 21], [6, 14, 7, 13], [8, 16, 9, 15], [10, 18, 11, 17], [12, 23, 13, 24], [14, 8, 15, 7]]"
12a_1214_55,"[[14, 8, 15, 7], [16, 10, 17, 9], [18, 2, 19, 1], [20, 4, 21, 3], [22, 6, 23, 5], [24, 11, 1, 12], [2, 20, 3, 19], [4, 22, 5, 21], [6, 14, 7, 13], [8, 16, 9, 15], [10, 18, 11, 17], [12, 23, 13, 24]]"
12a_1214_56,"[[12, 23, 13, 24], [14, 8, 15, 7], [16, 10, 17, 9], [18, 2, 19, 1], [20, 4, 21, 3], [22, 6, 23, 5], [24, 11, 1, 12], [2, 20, 3, 19], [4, 22, 5, 21], [6, 14, 7, 13], [8, 16, 9, 15], [10, 18, 11, 17]]"
12a_1214_57,"[[10, 18, 11, 17], [12, 23, 13, 24], [14, 8, 15, 7], [16, 10, 17, 9], [18, 2, 19, 1], [20, 4, 21, 3], [22, 6, 23, 5], [24, 11, 1, 12], [2, 20, 3, 19], [4, 22, 5, 21], [6, 14, 7, 13], [8, 16, 9, 15]]"
12a_1214_58,"[[8, 16, 9, 15], [10, 18, 11, 17], [12, 23, 13, 24], [14, 8, 15, 7], [16, 10, 17, 9], [18, 2, 19, 1], [20, 4, 21, 3], [22, 6, 23, 5], [24, 11, 1, 12], [2, 20, 3, 19], [4, 22, 5, 21], [6, 14, 7, 13]]"
12a_1214_59,"[[6, 14, 7, 13], [8, 16, 9, 15], [10, 18, 11, 17], [12, 23, 13, 24], [14, 8, 15, 7], [16, 10, 17, 9], [18, 2, 19, 1], [20, 4, 21, 3], [22, 6, 23, 5], [24, 11, 1, 12], [2, 20, 3, 19], [4, 22, 5, 21]]"
12a_1214_60,"[[5, 23, 6, 22], [7, 15, 8, 14], [9, 17, 10, 16], [11, 19, 12, 18], [13, 24, 14, 1], [15, 9, 16, 8], [17, 11, 18, 10], [19, 3, 20, 2], [21, 5, 22, 4], [23, 7, 24, 6], [1, 12, 2, 13], [3, 21, 4, 20]]"
12a_1214_61,"[[3, 21, 4, 20], [5, 23, 6, 22], [7, 15, 8, 14], [9, 17, 10, 16], [11, 19, 12, 18], [13, 24, 14, 1], [15, 9, 16, 8], [17, 11, 18, 10], [19, 3, 20, 2], [21, 5, 22, 4], [23, 7, 24, 6], [1, 12, 2, 13]]"
12a_1214_62,"[[1, 12, 2, 13], [3, 21, 4, 20], [5, 23, 6, 22], [7, 15, 8, 14], [9, 17, 10, 16], [11, 19, 12, 18], [13, 24, 14, 1], [15, 9, 16, 8], [17, 11, 18, 10], [19, 3, 20, 2], [21, 5, 22, 4], [23, 7, 24, 6]]"
12a_1214_63,"[[23, 7, 24, 6], [1, 12, 2, 13], [3, 21, 4, 20], [5, 23, 6, 22], [7, 15, 8, 14], [9, 17, 10, 16], [11, 19, 12, 18], [13, 24, 14, 1], [15, 9, 16, 8], [17, 11, 18, 10], [19, 3, 20, 2], [21, 5, 22, 4]]"
12a_1214_64,"[[21, 5, 22, 4], [23, 7, 24, 6], [1, 12, 2, 13], [3, 21, 4, 20], [5, 23, 6, 22], [7, 15, 8, 14], [9, 17, 10, 16], [11, 19, 12, 18], [13, 24, 14, 1], [15, 9, 16, 8], [17, 11, 18, 10], [19, 3, 20, 2]]"
12a_1214_65,"[[19, 3, 20, 2], [21, 5, 22, 4], [23, 7, 24, 6], [1, 12, 2, 13], [3, 21, 4, 20], [5, 23, 6, 22], [7, 15, 8, 14], [9, 17, 10, 16], [11, 19, 12, 18], [13, 24, 14, 1], [15, 9, 16, 8], [17, 11, 18, 10]]"
12a_1214_66,"[[17, 11, 18, 10], [19, 3, 20, 2], [21, 5, 22, 4], [23, 7, 24, 6], [1, 12, 2, 13], [3, 21, 4, 20], [5, 23, 6, 22], [7, 15, 8, 14], [9, 17, 10, 16], [11, 19, 12, 18], [13, 24, 14, 1], [15, 9, 16, 8]]"
12a_1214_67,"[[15, 9, 16, 8], [17, 11, 18, 10], [19, 3, 20, 2], [21, 5, 22, 4], [23, 7, 24, 6], [1, 12, 2, 13], [3, 21, 4, 20], [5, 23, 6, 22], [7, 15, 8, 14], [9, 17, 10, 16], [11, 19, 12, 18], [13, 24, 14, 1]]"
12a_1214_68,"[[13, 24, 14, 1], [15, 9, 16, 8], [17, 11, 18, 10], [19, 3, 20, 2], [21, 5, 22, 4], [23, 7, 24, 6], [1, 12, 2, 13], [3, 21, 4, 20], [5, 23, 6, 22], [7, 15, 8, 14], [9, 17, 10, 16], [11, 19, 12, 18]]"
12a_1214_69,"[[11, 19, 12, 18], [13, 24, 14, 1], [15, 9, 16, 8], [17, 11, 18, 10], [19, 3, 20, 2], [21, 5, 22, 4], [23, 7, 24, 6], [1, 12, 2, 13], [3, 21, 4, 20], [5, 23, 6, 22], [7, 15, 8, 14], [9, 17, 10, 16]]"
12a_1214_70,"[[9, 17, 10, 16], [11, 19, 12, 18], [13, 24, 14, 1], [15, 9, 16, 8], [17, 11, 18, 10], [19, 3, 20, 2], [21, 5, 22, 4], [23, 7, 24, 6], [1, 12, 2, 13], [3, 21, 4, 20], [5, 23, 6, 22], [7, 15, 8, 14]]"
12a_1214_71,"[[7, 15, 8, 14], [9, 17, 10, 16], [11, 19, 12, 18], [13, 24, 14, 1], [15, 9, 16, 8], [17, 11, 18, 10], [19, 3, 20, 2], [21, 5, 22, 4], [23, 7, 24, 6], [1, 12, 2, 13], [3, 21, 4, 20], [5, 23, 6, 22]]"
12a_1214_72,"[[6, 24, 7, 23], [8, 16, 9, 15], [10, 18, 11, 17], [12, 20, 13, 19], [14, 1, 15, 2], [16, 10, 17, 9], [18, 12, 19, 11], [20, 4, 21, 3], [22, 6, 23, 5], [24, 8, 1, 7], [2, 13, 3, 14], [4, 22, 5, 21]]"
12a_1214_73,"[[4, 22, 5, 21], [6, 24, 7, 23], [8, 16, 9, 15], [10, 18, 11, 17], [12, 20, 13, 19], [14, 1, 15, 2], [16, 10, 17, 9], [18, 12, 19, 11], [20, 4, 21, 3], [22, 6, 23, 5], [24, 8, 1, 7], [2, 13, 3, 14]]"
12a_1214_74,"[[2, 13, 3, 14], [4, 22, 5, 21], [6, 24, 7, 23], [8, 16, 9, 15], [10, 18, 11, 17], [12, 20, 13, 19], [14, 1, 15, 2], [16, 10, 17, 9], [18, 12, 19, 11], [20, 4, 21, 3], [22, 6, 23, 5], [24, 8, 1, 7]]"
12a_1214_75,"[[24, 8, 1, 7], [2, 13, 3, 14], [4, 22, 5, 21], [6, 24, 7, 23], [8, 16, 9, 15], [10, 18, 11, 17], [12, 20, 13, 19], [14, 1, 15, 2], [16, 10, 17, 9], [18, 12, 19, 11], [20, 4, 21, 3], [22, 6, 23, 5]]"
12a_1214_76,"[[22, 6, 23, 5], [24, 8, 1, 7], [2, 13, 3, 14], [4, 22, 5, 21], [6, 24, 7, 23], [8, 16, 9, 15], [10, 18, 11, 17], [12, 20, 13, 19], [14, 1, 15, 2], [16, 10, 17, 9], [18, 12, 19, 11], [20, 4, 21, 3]]"
12a_1214_77,"[[20, 4, 21, 3], [22, 6, 23, 5], [24, 8, 1, 7], [2, 13, 3, 14], [4, 22, 5, 21], [6, 24, 7, 23], [8, 16, 9, 15], [10, 18, 11, 17], [12, 20, 13, 19], [14, 1, 15, 2], [16, 10, 17, 9], [18, 12, 19, 11]]"
12a_1214_78,"[[18, 12, 19, 11], [20, 4, 21, 3], [22, 6, 23, 5], [24, 8, 1, 7], [2, 13, 3, 14], [4, 22, 5, 21], [6, 24, 7, 23], [8, 16, 9, 15], [10, 18, 11, 17], [12, 20, 13, 19], [14, 1, 15, 2], [16, 10, 17, 9]]"
12a_1214_79,"[[16, 10, 17, 9], [18, 12, 19, 11], [20, 4, 21, 3], [22, 6, 23, 5], [24, 8, 1, 7], [2, 13, 3, 14], [4, 22, 5, 21], [6, 24, 7, 23], [8, 16, 9, 15], [10, 18, 11, 17], [12, 20, 13, 19], [14, 1, 15, 2]]"
12a_1214_80,"[[14, 1, 15, 2], [16, 10, 17, 9], [18, 12, 19, 11], [20, 4, 21, 3], [22, 6, 23, 5], [24, 8, 1, 7], [2, 13, 3, 14], [4, 22, 5, 21], [6, 24, 7, 23], [8, 16, 9, 15], [10, 18, 11, 17], [12, 20, 13, 19]]"
12a_1214_81,"[[12, 20, 13, 19], [14, 1, 15, 2], [16, 10, 17, 9], [18, 12, 19, 11], [20, 4, 21, 3], [22, 6, 23, 5], [24, 8, 1, 7], [2, 13, 3, 14], [4, 22, 5, 21], [6, 24, 7, 23], [8, 16, 9, 15], [10, 18, 11, 17]]"
12a_1214_82,"[[10, 18, 11, 17], [12, 20, 13, 19], [14, 1, 15, 2], [16, 10, 17, 9], [18, 12, 19, 11], [20, 4, 21, 3], [22, 6, 23, 5], [24, 8, 1, 7], [2, 13, 3, 14], [4, 22, 5, 21], [6, 24, 7, 23], [8, 16, 9, 15]]"
12a_1214_83,"[[8, 16, 9, 15], [10, 18, 11, 17], [12, 20, 13, 19], [14, 1, 15, 2], [16, 10, 17, 9], [18, 12, 19, 11], [20, 4, 21, 3], [22, 6, 23, 5], [24, 8, 1, 7], [2, 13, 3, 14], [4, 22, 5, 21], [6, 24, 7, 23]]"
12a_1214_84,"[[7, 1, 8, 24], [9, 17, 10, 16], [11, 19, 12, 18], [13, 21, 14, 20], [15, 2, 16, 3], [17, 11, 18, 10], [19, 13, 20, 12], [21, 5, 22, 4], [23, 7, 24, 6], [1, 9, 2, 8], [3, 14, 4, 15], [5, 23, 6, 22]]"
12a_1214_85,"[[5, 23, 6, 22], [7, 1, 8, 24], [9, 17, 10, 16], [11, 19, 12, 18], [13, 21, 14, 20], [15, 2, 16, 3], [17, 11, 18, 10], [19, 13, 20, 12], [21, 5, 22, 4], [23, 7, 24, 6], [1, 9, 2, 8], [3, 14, 4, 15]]"
12a_1214_86,"[[3, 14, 4, 15], [5, 23, 6, 22], [7, 1, 8, 24], [9, 17, 10, 16], [11, 19, 12, 18], [13, 21, 14, 20], [15, 2, 16, 3], [17, 11, 18, 10], [19, 13, 20, 12], [21, 5, 22, 4], [23, 7, 24, 6], [1, 9, 2, 8]]"
12a_1214_87,"[[1, 9, 2, 8], [3, 14, 4, 15], [5, 23, 6, 22], [7, 1, 8, 24], [9, 17, 10, 16], [11, 19, 12, 18], [13, 21, 14, 20], [15, 2, 16, 3], [17, 11, 18, 10], [19, 13, 20, 12], [21, 5, 22, 4], [23, 7, 24, 6]]"
12a_1214_88,"[[23, 7, 24, 6], [1, 9, 2, 8], [3, 14, 4, 15], [5, 23, 6, 22], [7, 1, 8, 24], [9, 17, 10, 16], [11, 19, 12, 18], [13, 21, 14, 20], [15, 2, 16, 3], [17, 11, 18, 10], [19, 13, 20, 12], [21, 5, 22, 4]]"
12a_1214_89,"[[21, 5, 22, 4], [23, 7, 24, 6], [1, 9, 2, 8], [3, 14, 4, 15], [5, 23, 6, 22], [7, 1, 8, 24], [9, 17, 10, 16], [11, 19, 12, 18], [13, 21, 14, 20], [15, 2, 16, 3], [17, 11, 18, 10], [19, 13, 20, 12]]"
12a_1214_90,"[[19, 13, 20, 12], [21, 5, 22, 4], [23, 7, 24, 6], [1, 9, 2, 8], [3, 14, 4, 15], [5, 23, 6, 22], [7, 1, 8, 24], [9, 17, 10, 16], [11, 19, 12, 18], [13, 21, 14, 20], [15, 2, 16, 3], [17, 11, 18, 10]]"
12a_1214_91,"[[17, 11, 18, 10], [19, 13, 20, 12], [21, 5, 22, 4], [23, 7, 24, 6], [1, 9, 2, 8], [3, 14, 4, 15], [5, 23, 6, 22], [7, 1, 8, 24], [9, 17, 10, 16], [11, 19, 12, 18], [13, 21, 14, 20], [15, 2, 16, 3]]"
12a_1214_92,"[[15, 2, 16, 3], [17, 11, 18, 10], [19, 13, 20, 12], [21, 5, 22, 4], [23, 7, 24, 6], [1, 9, 2, 8], [3, 14, 4, 15], [5, 23, 6, 22], [7, 1, 8, 24], [9, 17, 10, 16], [11, 19, 12, 18], [13, 21, 14, 20]]"
12a_1214_93,"[[13, 21, 14, 20], [15, 2, 16, 3], [17, 11, 18, 10], [19, 13, 20, 12], [21, 5, 22, 4], [23, 7, 24, 6], [1, 9, 2, 8], [3, 14, 4, 15], [5, 23, 6, 22], [7, 1, 8, 24], [9, 17, 10, 16], [11, 19, 12, 18]]"
12a_1214_94,"[[11, 19, 12, 18], [13, 21, 14, 20], [15, 2, 16, 3], [17, 11, 18, 10], [19, 13, 20, 12], [21, 5, 22, 4], [23, 7, 24, 6], [1, 9, 2, 8], [3, 14, 4, 15], [5, 23, 6, 22], [7, 1, 8, 24], [9, 17, 10, 16]]"
12a_1214_95,"[[9, 17, 10, 16], [11, 19, 12, 18], [13, 21, 14, 20], [15, 2, 16, 3], [17, 11, 18, 10], [19, 13, 20, 12], [21, 5, 22, 4], [23, 7, 24, 6], [1, 9, 2, 8], [3, 14, 4, 15], [5, 23, 6, 22], [7, 1, 8, 24]]"
12a_1214_96,"[[8, 2, 9, 1], [10, 18, 11, 17], [12, 20, 13, 19], [14, 22, 15, 21], [16, 3, 17, 4], [18, 12, 19, 11], [20, 14, 21, 13], [22, 6, 23, 5], [24, 8, 1, 7], [2, 10, 3, 9], [4, 15, 5, 16], [6, 24, 7, 23]]"
12a_1214_97,"[[6, 24, 7, 23], [8, 2, 9, 1], [10, 18, 11, 17], [12, 20, 13, 19], [14, 22, 15, 21], [16, 3, 17, 4], [18, 12, 19, 11], [20, 14, 21, 13], [22, 6, 23, 5], [24, 8, 1, 7], [2, 10, 3, 9], [4, 15, 5, 16]]"
12a_1214_98,"[[4, 15, 5, 16], [6, 24, 7, 23], [8, 2, 9, 1], [10, 18, 11, 17], [12, 20, 13, 19], [14, 22, 15, 21], [16, 3, 17, 4], [18, 12, 19, 11], [20, 14, 21, 13], [22, 6, 23, 5], [24, 8, 1, 7], [2, 10, 3, 9]]"
12a_1214_99,"[[2, 10, 3, 9], [4, 15, 5, 16], [6, 24, 7, 23], [8, 2, 9, 1], [10, 18, 11, 17], [12, 20, 13, 19], [14, 22, 15, 21], [16, 3, 17, 4], [18, 12, 19, 11], [20, 14, 21, 13], [22, 6, 23, 5], [24, 8, 1, 7]]"
12a_1214_100,"[[24, 8, 1, 7], [2, 10, 3, 9], [4, 15, 5, 16], [6, 24, 7, 23], [8, 2, 9, 1], [10, 18, 11, 17], [12, 20, 13, 19], [14, 22, 15, 21], [16, 3, 17, 4], [18, 12, 19, 11], [20, 14, 21, 13], [22, 6, 23, 5]]"
12a_1214_101,"[[22, 6, 23, 5], [24, 8, 1, 7], [2, 10, 3, 9], [4, 15, 5, 16], [6, 24, 7, 23], [8, 2, 9, 1], [10, 18, 11, 17], [12, 20, 13, 19], [14, 22, 15, 21], [16, 3, 17, 4], [18, 12, 19, 11], [20, 14, 21, 13]]"
12a_1214_102,"[[20, 14, 21, 13], [22, 6, 23, 5], [24, 8, 1, 7], [2, 10, 3, 9], [4, 15, 5, 16], [6, 24, 7, 23], [8, 2, 9, 1], [10, 18, 11, 17], [12, 20, 13, 19], [14, 22, 15, 21], [16, 3, 17, 4], [18, 12, 19, 11]]"
12a_1214_103,"[[18, 12, 19, 11], [20, 14, 21, 13], [22, 6, 23, 5], [24, 8, 1, 7], [2, 10, 3, 9], [4, 15, 5, 16], [6, 24, 7, 23], [8, 2, 9, 1], [10, 18, 11, 17], [12, 20, 13, 19], [14, 22, 15, 21], [16, 3, 17, 4]]"
12a_1214_104,"[[16, 3, 17, 4], [18, 12, 19, 11], [20, 14, 21, 13], [22, 6, 23, 5], [24, 8, 1, 7], [2, 10, 3, 9], [4, 15, 5, 16], [6, 24, 7, 23], [8, 2, 9, 1], [10, 18, 11, 17], [12, 20, 13, 19], [14, 22, 15, 21]]"
12a_1214_105,"[[14, 22, 15, 21], [16, 3, 17, 4], [18, 12, 19, 11], [20, 14, 21, 13], [22, 6, 23, 5], [24, 8, 1, 7], [2, 10, 3, 9], [4, 15, 5, 16], [6, 24, 7, 23], [8, 2, 9, 1], [10, 18, 11, 17], [12, 20, 13, 19]]"
12a_1214_106,"[[12, 20, 13, 19], [14, 22, 15, 21], [16, 3, 17, 4], [18, 12, 19, 11], [20, 14, 21, 13], [22, 6, 23, 5], [24, 8, 1, 7], [2, 10, 3, 9], [4, 15, 5, 16], [6, 24, 7, 23], [8, 2, 9, 1], [10, 18, 11, 17]]"
12a_1214_107,"[[10, 18, 11, 17], [12, 20, 13, 19], [14, 22, 15, 21], [16, 3, 17, 4], [18, 12, 19, 11], [20, 14, 21, 13], [22, 6, 23, 5], [24, 8, 1, 7], [2, 10, 3, 9], [4, 15, 5, 16], [6, 24, 7, 23], [8, 2, 9, 1]]"
12a_1214_108,"[[9, 3, 10, 2], [11, 19, 12, 18], [13, 21, 14, 20], [15, 23, 16, 22], [17, 4, 18, 5], [19, 13, 20, 12], [21, 15, 22, 14], [23, 7, 24, 6], [1, 9, 2, 8], [3, 11, 4, 10], [5, 16, 6, 17], [7, 1, 8, 24]]"
12a_1214_109,"[[7, 1, 8, 24], [9, 3, 10, 2], [11, 19, 12, 18], [13, 21, 14, 20], [15, 23, 16, 22], [17, 4, 18, 5], [19, 13, 20, 12], [21, 15, 22, 14], [23, 7, 24, 6], [1, 9, 2, 8], [3, 11, 4, 10], [5, 16, 6, 17]]"
12a_1214_110,"[[5, 16, 6, 17], [7, 1, 8, 24], [9, 3, 10, 2], [11, 19, 12, 18], [13, 21, 14, 20], [15, 23, 16, 22], [17, 4, 18, 5], [19, 13, 20, 12], [21, 15, 22, 14], [23, 7, 24, 6], [1, 9, 2, 8], [3, 11, 4, 10]]"
12a_1214_111,"[[3, 11, 4, 10], [5, 16, 6, 17], [7, 1, 8, 24], [9, 3, 10, 2], [11, 19, 12, 18], [13, 21, 14, 20], [15, 23, 16, 22], [17, 4, 18, 5], [19, 13, 20, 12], [21, 15, 22, 14], [23, 7, 24, 6], [1, 9, 2, 8]]"
12a_1214_112,"[[1, 9, 2, 8], [3, 11, 4, 10], [5, 16, 6, 17], [7, 1, 8, 24], [9, 3, 10, 2], [11, 19, 12, 18], [13, 21, 14, 20], [15, 23, 16, 22], [17, 4, 18, 5], [19, 13, 20, 12], [21, 15, 22, 14], [23, 7, 24, 6]]"
12a_1214_113,"[[23, 7, 24, 6], [1, 9, 2, 8], [3, 11, 4, 10], [5, 16, 6, 17], [7, 1, 8, 24], [9, 3, 10, 2], [11, 19, 12, 18], [13, 21, 14, 20], [15, 23, 16, 22], [17, 4, 18, 5], [19, 13, 20, 12], [21, 15, 22, 14]]"
12a_1214_114,"[[21, 15, 22, 14], [23, 7, 24, 6], [1, 9, 2, 8], [3, 11, 4, 10], [5, 16, 6, 17], [7, 1, 8, 24], [9, 3, 10, 2], [11, 19, 12, 18], [13, 21, 14, 20], [15, 23, 16, 22], [17, 4, 18, 5], [19, 13, 20, 12]]"
12a_1214_115,"[[19, 13, 20, 12], [21, 15, 22, 14], [23, 7, 24, 6], [1, 9, 2, 8], [3, 11, 4, 10], [5, 16, 6, 17], [7, 1, 8, 24], [9, 3, 10, 2], [11, 19, 12, 18], [13, 21, 14, 20], [15, 23, 16, 22], [17, 4, 18, 5]]"
12a_1214_116,"[[17, 4, 18, 5], [19, 13, 20, 12], [21, 15, 22, 14], [23, 7, 24, 6], [1, 9, 2, 8], [3, 11, 4, 10], [5, 16, 6, 17], [7, 1, 8, 24], [9, 3, 10, 2], [11, 19, 12, 18], [13, 21, 14, 20], [15, 23, 16, 22]]"
12a_1214_117,"[[15, 23, 16, 22], [17, 4, 18, 5], [19, 13, 20, 12], [21, 15, 22, 14], [23, 7, 24, 6], [1, 9, 2, 8], [3, 11, 4, 10], [5, 16, 6, 17], [7, 1, 8, 24], [9, 3, 10, 2], [11, 19, 12, 18], [13, 21, 14, 20]]"
12a_1214_118,"[[13, 21, 14, 20], [15, 23, 16, 22], [17, 4, 18, 5], [19, 13, 20, 12], [21, 15, 22, 14], [23, 7, 24, 6], [1, 9, 2, 8], [3, 11, 4, 10], [5, 16, 6, 17], [7, 1, 8, 24], [9, 3, 10, 2], [11, 19, 12, 18]]"
12a_1214_119,"[[11, 19, 12, 18], [13, 21, 14, 20], [15, 23, 16, 22], [17, 4, 18, 5], [19, 13, 20, 12], [21, 15, 22, 14], [23, 7, 24, 6], [1, 9, 2, 8], [3, 11, 4, 10], [5, 16, 6, 17], [7, 1, 8, 24], [9, 3, 10, 2]]"
12a_1214_120,"[[10, 4, 11, 3], [12, 20, 13, 19], [14, 22, 15, 21], [16, 24, 17, 23], [18, 5, 19, 6], [20, 14, 21, 13], [22, 16, 23, 15], [24, 8, 1, 7], [2, 10, 3, 9], [4, 12, 5, 11], [6, 17, 7, 18], [8, 2, 9, 1]]"
12a_1214_121,"[[8, 2, 9, 1], [10, 4, 11, 3], [12, 20, 13, 19], [14, 22, 15, 21], [16, 24, 17, 23], [18, 5, 19, 6], [20, 14, 21, 13], [22, 16, 23, 15], [24, 8, 1, 7], [2, 10, 3, 9], [4, 12, 5, 11], [6, 17, 7, 18]]"
12a_1214_122,"[[6, 17, 7, 18], [8, 2, 9, 1], [10, 4, 11, 3], [12, 20, 13, 19], [14, 22, 15, 21], [16, 24, 17, 23], [18, 5, 19, 6], [20, 14, 21, 13], [22, 16, 23, 15], [24, 8, 1, 7], [2, 10, 3, 9], [4, 12, 5, 11]]"
12a_1214_123,"[[4, 12, 5, 11], [6, 17, 7, 18], [8, 2, 9, 1], [10, 4, 11, 3], [12, 20, 13, 19], [14, 22, 15, 21], [16, 24, 17, 23], [18, 5, 19, 6], [20, 14, 21, 13], [22, 16, 23, 15], [24, 8, 1, 7], [2, 10, 3, 9]]"
12a_1214_124,"[[2, 10, 3, 9], [4, 12, 5, 11], [6, 17, 7, 18], [8, 2, 9, 1], [10, 4, 11, 3], [12, 20, 13, 19], [14, 22, 15, 21], [16, 24, 17, 23], [18, 5, 19, 6], [20, 14, 21, 13], [22, 16, 23, 15], [24, 8, 1, 7]]"
12a_1214_125,"[[24, 8, 1, 7], [2, 10, 3, 9], [4, 12, 5, 11], [6, 17, 7, 18], [8, 2, 9, 1], [10, 4, 11, 3], [12, 20, 13, 19], [14, 22, 15, 21], [16, 24, 17, 23], [18, 5, 19, 6], [20, 14, 21, 13], [22, 16, 23, 15]]"
12a_1214_126,"[[22, 16, 23, 15], [24, 8, 1, 7], [2, 10, 3, 9], [4, 12, 5, 11], [6, 17, 7, 18], [8, 2, 9, 1], [10, 4, 11, 3], [12, 20, 13, 19], [14, 22, 15, 21], [16, 24, 17, 23], [18, 5, 19, 6], [20, 14, 21, 13]]"
12a_1214_127,"[[20, 14, 21, 13], [22, 16, 23, 15], [24, 8, 1, 7], [2, 10, 3, 9], [4, 12, 5, 11], [6, 17, 7, 18], [8, 2, 9, 1], [10, 4, 11, 3], [12, 20, 13, 19], [14, 22, 15, 21], [16, 24, 17, 23], [18, 5, 19, 6]]"
12a_1214_128,"[[18, 5, 19, 6], [20, 14, 21, 13], [22, 16, 23, 15], [24, 8, 1, 7], [2, 10, 3, 9], [4, 12, 5, 11], [6, 17, 7, 18], [8, 2, 9, 1], [10, 4, 11, 3], [12, 20, 13, 19], [14, 22, 15, 21], [16, 24, 17, 23]]"
12a_1214_129,"[[16, 24, 17, 23], [18, 5, 19, 6], [20, 14, 21, 13], [22, 16, 23, 15], [24, 8, 1, 7], [2, 10, 3, 9], [4, 12, 5, 11], [6, 17, 7, 18], [8, 2, 9, 1], [10, 4, 11, 3], [12, 20, 13, 19], [14, 22, 15, 21]]"
12a_1214_130,"[[14, 22, 15, 21], [16, 24, 17, 23], [18, 5, 19, 6], [20, 14, 21, 13], [22, 16, 23, 15], [24, 8, 1, 7], [2, 10, 3, 9], [4, 12, 5, 11], [6, 17, 7, 18], [8, 2, 9, 1], [10, 4, 11, 3], [12, 20, 13, 19]]"
12a_1214_131,"[[12, 20, 13, 19], [14, 22, 15, 21], [16, 24, 17, 23], [18, 5, 19, 6], [20, 14, 21, 13], [22, 16, 23, 15], [24, 8, 1, 7], [2, 10, 3, 9], [4, 12, 5, 11], [6, 17, 7, 18], [8, 2, 9, 1], [10, 4, 11, 3]]"
12a_1214_132,"[[11, 5, 12, 4], [13, 21, 14, 20], [15, 23, 16, 22], [17, 1, 18, 24], [19, 6, 20, 7], [21, 15, 22, 14], [23, 17, 24, 16], [1, 9, 2, 8], [3, 11, 4, 10], [5, 13, 6, 12], [7, 18, 8, 19], [9, 3, 10, 2]]"
12a_1214_133,"[[9, 3, 10, 2], [11, 5, 12, 4], [13, 21, 14, 20], [15, 23, 16, 22], [17, 1, 18, 24], [19, 6, 20, 7], [21, 15, 22, 14], [23, 17, 24, 16], [1, 9, 2, 8], [3, 11, 4, 10], [5, 13, 6, 12], [7, 18, 8, 19]]"
12a_1214_134,"[[7, 18, 8, 19], [9, 3, 10, 2], [11, 5, 12, 4], [13, 21, 14, 20], [15, 23, 16, 22], [17, 1, 18, 24], [19, 6, 20, 7], [21, 15, 22, 14], [23, 17, 24, 16], [1, 9, 2, 8], [3, 11, 4, 10], [5, 13, 6, 12]]"
12a_1214_135,"[[5, 13, 6, 12], [7, 18, 8, 19], [9, 3, 10, 2], [11, 5, 12, 4], [13, 21, 14, 20], [15, 23, 16, 22], [17, 1, 18, 24], [19, 6, 20, 7], [21, 15, 22, 14], [23, 17, 24, 16], [1, 9, 2, 8], [3, 11, 4, 10]]"
12a_1214_136,"[[3, 11, 4, 10], [5, 13, 6, 12], [7, 18, 8, 19], [9, 3, 10, 2], [11, 5, 12, 4], [13, 21, 14, 20], [15, 23, 16, 22], [17, 1, 18, 24], [19, 6, 20, 7], [21, 15, 22, 14], [23, 17, 24, 16], [1, 9, 2, 8]]"
12a_1214_137,"[[1, 9, 2, 8], [3, 11, 4, 10], [5, 13, 6, 12], [7, 18, 8, 19], [9, 3, 10, 2], [11, 5, 12, 4], [13, 21, 14, 20], [15, 23, 16, 22], [17, 1, 18, 24], [19, 6, 20, 7], [21, 15, 22, 14], [23, 17, 24, 16]]"
12a_1214_138,"[[23, 17, 24, 16], [1, 9, 2, 8], [3, 11, 4, 10], [5, 13, 6, 12], [7, 18, 8, 19], [9, 3, 10, 2], [11, 5, 12, 4], [13, 21, 14, 20], [15, 23, 16, 22], [17, 1, 18, 24], [19, 6, 20, 7], [21, 15, 22, 14]]"
12a_1214_139,"[[21, 15, 22, 14], [23, 17, 24, 16], [1, 9, 2, 8], [3, 11, 4, 10], [5, 13, 6, 12], [7, 18, 8, 19], [9, 3, 10, 2], [11, 5, 12, 4], [13, 21, 14, 20], [15, 23, 16, 22], [17, 1, 18, 24], [19, 6, 20, 7]]"
12a_1214_140,"[[19, 6, 20, 7], [21, 15, 22, 14], [23, 17, 24, 16], [1, 9, 2, 8], [3, 11, 4, 10], [5, 13, 6, 12], [7, 18, 8, 19], [9, 3, 10, 2], [11, 5, 12, 4], [13, 21, 14, 20], [15, 23, 16, 22], [17, 1, 18, 24]]"
12a_1214_141,"[[17, 1, 18, 24], [19, 6, 20, 7], [21, 15, 22, 14], [23, 17, 24, 16], [1, 9, 2, 8], [3, 11, 4, 10], [5, 13, 6, 12], [7, 18, 8, 19], [9, 3, 10, 2], [11, 5, 12, 4], [13, 21, 14, 20], [15, 23, 16, 22]]"
12a_1214_142,"[[15, 23, 16, 22], [17, 1, 18, 24], [19, 6, 20, 7], [21, 15, 22, 14], [23, 17, 24, 16], [1, 9, 2, 8], [3, 11, 4, 10], [5, 13, 6, 12], [7, 18, 8, 19], [9, 3, 10, 2], [11, 5, 12, 4], [13, 21, 14, 20]]"
12a_1214_143,"[[13, 21, 14, 20], [15, 23, 16, 22], [17, 1, 18, 24], [19, 6, 20, 7], [21, 15, 22, 14], [23, 17, 24, 16], [1, 9, 2, 8], [3, 11, 4, 10], [5, 13, 6, 12], [7, 18, 8, 19], [9, 3, 10, 2], [11, 5, 12, 4]]"
12a_1214_144,"[[12, 6, 13, 5], [14, 22, 15, 21], [16, 24, 17, 23], [18, 2, 19, 1], [20, 7, 21, 8], [22, 16, 23, 15], [24, 18, 1, 17], [2, 10, 3, 9], [4, 12, 5, 11], [6, 14, 7, 13], [8, 19, 9, 20], [10, 4, 11, 3]]"
12a_1214_145,"[[10, 4, 11, 3], [12, 6, 13, 5], [14, 22, 15, 21], [16, 24, 17, 23], [18, 2, 19, 1], [20, 7, 21, 8], [22, 16, 23, 15], [24, 18, 1, 17], [2, 10, 3, 9], [4, 12, 5, 11], [6, 14, 7, 13], [8, 19, 9, 20]]"
12a_1214_146,"[[8, 19, 9, 20], [10, 4, 11, 3], [12, 6, 13, 5], [14, 22, 15, 21], [16, 24, 17, 23], [18, 2, 19, 1], [20, 7, 21, 8], [22, 16, 23, 15], [24, 18, 1, 17], [2, 10, 3, 9], [4, 12, 5, 11], [6, 14, 7, 13]]"
12a_1214_147,"[[6, 14, 7, 13], [8, 19, 9, 20], [10, 4, 11, 3], [12, 6, 13, 5], [14, 22, 15, 21], [16, 24, 17, 23], [18, 2, 19, 1], [20, 7, 21, 8], [22, 16, 23, 15], [24, 18, 1, 17], [2, 10, 3, 9], [4, 12, 5, 11]]"
12a_1214_148,"[[4, 12, 5, 11], [6, 14, 7, 13], [8, 19, 9, 20], [10, 4, 11, 3], [12, 6, 13, 5], [14, 22, 15, 21], [16, 24, 17, 23], [18, 2, 19, 1], [20, 7, 21, 8], [22, 16, 23, 15], [24, 18, 1, 17], [2, 10, 3, 9]]"
12a_1214_149,"[[2, 10, 3, 9], [4, 12, 5, 11], [6, 14, 7, 13], [8, 19, 9, 20], [10, 4, 11, 3], [12, 6, 13, 5], [14, 22, 15, 21], [16, 24, 17, 23], [18, 2, 19, 1], [20, 7, 21, 8], [22, 16, 23, 15], [24, 18, 1, 17]]"
12a_1214_150,"[[24, 18, 1, 17], [2, 10, 3, 9], [4, 12, 5, 11], [6, 14, 7, 13], [8, 19, 9, 20], [10, 4, 11, 3], [12, 6, 13, 5], [14, 22, 15, 21], [16, 24, 17, 23], [18, 2, 19, 1], [20, 7, 21, 8], [22, 16, 23, 15]]"
12a_1214_151,"[[22, 16, 23, 15], [24, 18, 1, 17], [2, 10, 3, 9], [4, 12, 5, 11], [6, 14, 7, 13], [8, 19, 9, 20], [10, 4, 11, 3], [12, 6, 13, 5], [14, 22, 15, 21], [16, 24, 17, 23], [18, 2, 19, 1], [20, 7, 21, 8]]"
12a_1214_152,"[[20, 7, 21, 8], [22, 16, 23, 15], [24, 18, 1, 17], [2, 10, 3, 9], [4, 12, 5, 11], [6, 14, 7, 13], [8, 19, 9, 20], [10, 4, 11, 3], [12, 6, 13, 5], [14, 22, 15, 21], [16, 24, 17, 23], [18, 2, 19, 1]]"
12a_1214_153,"[[18, 2, 19, 1], [20, 7, 21, 8], [22, 16, 23, 15], [24, 18, 1, 17], [2, 10, 3, 9], [4, 12, 5, 11], [6, 14, 7, 13], [8, 19, 9, 20], [10, 4, 11, 3], [12, 6, 13, 5], [14, 22, 15, 21], [16, 24, 17, 23]]"
12a_1214_154,"[[16, 24, 17, 23], [18, 2, 19, 1], [20, 7, 21, 8], [22, 16, 23, 15], [24, 18, 1, 17], [2, 10, 3, 9], [4, 12, 5, 11], [6, 14, 7, 13], [8, 19, 9, 20], [10, 4, 11, 3], [12, 6, 13, 5], [14, 22, 15, 21]]"
12a_1214_155,"[[14, 22, 15, 21], [16, 24, 17, 23], [18, 2, 19, 1], [20, 7, 21, 8], [22, 16, 23, 15], [24, 18, 1, 17], [2, 10, 3, 9], [4, 12, 5, 11], [6, 14, 7, 13], [8, 19, 9, 20], [10, 4, 11, 3], [12, 6, 13, 5]]"
12a_1214_156,"[[13, 7, 14, 6], [15, 23, 16, 22], [17, 1, 18, 24], [19, 3, 20, 2], [21, 8, 22, 9], [23, 17, 24, 16], [1, 19, 2, 18], [3, 11, 4, 10], [5, 13, 6, 12], [7, 15, 8, 14], [9, 20, 10, 21], [11, 5, 12, 4]]"
12a_1214_157,"[[11, 5, 12, 4], [13, 7, 14, 6], [15, 23, 16, 22], [17, 1, 18, 24], [19, 3, 20, 2], [21, 8, 22, 9], [23, 17, 24, 16], [1, 19, 2, 18], [3, 11, 4, 10], [5, 13, 6, 12], [7, 15, 8, 14], [9, 20, 10, 21]]"
12a_1214_158,"[[9, 20, 10, 21], [11, 5, 12, 4], [13, 7, 14, 6], [15, 23, 16, 22], [17, 1, 18, 24], [19, 3, 20, 2], [21, 8, 22, 9], [23, 17, 24, 16], [1, 19, 2, 18], [3, 11, 4, 10], [5, 13, 6, 12], [7, 15, 8, 14]]"
12a_1214_159,"[[7, 15, 8, 14], [9, 20, 10, 21], [11, 5, 12, 4], [13, 7, 14, 6], [15, 23, 16, 22], [17, 1, 18, 24], [19, 3, 20, 2], [21, 8, 22, 9], [23, 17, 24, 16], [1, 19, 2, 18], [3, 11, 4, 10], [5, 13, 6, 12]]"
12a_1214_160,"[[5, 13, 6, 12], [7, 15, 8, 14], [9, 20, 10, 21], [11, 5, 12, 4], [13, 7, 14, 6], [15, 23, 16, 22], [17, 1, 18, 24], [19, 3, 20, 2], [21, 8, 22, 9], [23, 17, 24, 16], [1, 19, 2, 18], [3, 11, 4, 10]]"
12a_1214_161,"[[3, 11, 4, 10], [5, 13, 6, 12], [7, 15, 8, 14], [9, 20, 10, 21], [11, 5, 12, 4], [13, 7, 14, 6], [15, 23, 16, 22], [17, 1, 18, 24], [19, 3, 20, 2], [21, 8, 22, 9], [23, 17, 24, 16], [1, 19, 2, 18]]"
12a_1214_162,"[[1, 19, 2, 18], [3, 11, 4, 10], [5, 13, 6, 12], [7, 15, 8, 14], [9, 20, 10, 21], [11, 5, 12, 4], [13, 7, 14, 6], [15, 23, 16, 22], [17, 1, 18, 24], [19, 3, 20, 2], [21, 8, 22, 9], [23, 17, 24, 16]]"
12a_1214_163,"[[23, 17, 24, 16], [1, 19, 2, 18], [3, 11, 4, 10], [5, 13, 6, 12], [7, 15, 8, 14], [9, 20, 10, 21], [11, 5, 12, 4], [13, 7, 14, 6], [15, 23, 16, 22], [17, 1, 18, 24], [19, 3, 20, 2], [21, 8, 22, 9]]"
12a_1214_164,"[[21, 8, 22, 9], [23, 17, 24, 16], [1, 19, 2, 18], [3, 11, 4, 10], [5, 13, 6, 12], [7, 15, 8, 14], [9, 20, 10, 21], [11, 5, 12, 4], [13, 7, 14, 6], [15, 23, 16, 22], [17, 1, 18, 24], [19, 3, 20, 2]]"
12a_1214_165,"[[19, 3, 20, 2], [21, 8, 22, 9], [23, 17, 24, 16], [1, 19, 2, 18], [3, 11, 4, 10], [5, 13, 6, 12], [7, 15, 8, 14], [9, 20, 10, 21], [11, 5, 12, 4], [13, 7, 14, 6], [15, 23, 16, 22], [17, 1, 18, 24]]"
12a_1214_166,"[[17, 1, 18, 24], [19, 3, 20, 2], [21, 8, 22, 9], [23, 17, 24, 16], [1, 19, 2, 18], [3, 11, 4, 10], [5, 13, 6, 12], [7, 15, 8, 14], [9, 20, 10, 21], [11, 5, 12, 4], [13, 7, 14, 6], [15, 23, 16, 22]]"
12a_1214_167,"[[15, 23, 16, 22], [17, 1, 18, 24], [19, 3, 20, 2], [21, 8, 22, 9], [23, 17, 24, 16], [1, 19, 2, 18], [3, 11, 4, 10], [5, 13, 6, 12], [7, 15, 8, 14], [9, 20, 10, 21], [11, 5, 12, 4], [13, 7, 14, 6]]"
12a_1214_168,"[[14, 8, 15, 7], [16, 24, 17, 23], [18, 2, 19, 1], [20, 4, 21, 3], [22, 9, 23, 10], [24, 18, 1, 17], [2, 20, 3, 19], [4, 12, 5, 11], [6, 14, 7, 13], [8, 16, 9, 15], [10, 21, 11, 22], [12, 6, 13, 5]]"
12a_1214_169,"[[12, 6, 13, 5], [14, 8, 15, 7], [16, 24, 17, 23], [18, 2, 19, 1], [20, 4, 21, 3], [22, 9, 23, 10], [24, 18, 1, 17], [2, 20, 3, 19], [4, 12, 5, 11], [6, 14, 7, 13], [8, 16, 9, 15], [10, 21, 11, 22]]"
12a_1214_170,"[[10, 21, 11, 22], [12, 6, 13, 5], [14, 8, 15, 7], [16, 24, 17, 23], [18, 2, 19, 1], [20, 4, 21, 3], [22, 9, 23, 10], [24, 18, 1, 17], [2, 20, 3, 19], [4, 12, 5, 11], [6, 14, 7, 13], [8, 16, 9, 15]]"
12a_1214_171,"[[8, 16, 9, 15], [10, 21, 11, 22], [12, 6, 13, 5], [14, 8, 15, 7], [16, 24, 17, 23], [18, 2, 19, 1], [20, 4, 21, 3], [22, 9, 23, 10], [24, 18, 1, 17], [2, 20, 3, 19], [4, 12, 5, 11], [6, 14, 7, 13]]"
12a_1214_172,"[[6, 14, 7, 13], [8, 16, 9, 15], [10, 21, 11, 22], [12, 6, 13, 5], [14, 8, 15, 7], [16, 24, 17, 23], [18, 2, 19, 1], [20, 4, 21, 3], [22, 9, 23, 10], [24, 18, 1, 17], [2, 20, 3, 19], [4, 12, 5, 11]]"
12a_1214_173,"[[4, 12, 5, 11], [6, 14, 7, 13], [8, 16, 9, 15], [10, 21, 11, 22], [12, 6, 13, 5], [14, 8, 15, 7], [16, 24, 17, 23], [18, 2, 19, 1], [20, 4, 21, 3], [22, 9, 23, 10], [24, 18, 1, 17], [2, 20, 3, 19]]"
12a_1214_174,"[[2, 20, 3, 19], [4, 12, 5, 11], [6, 14, 7, 13], [8, 16, 9, 15], [10, 21, 11, 22], [12, 6, 13, 5], [14, 8, 15, 7], [16, 24, 17, 23], [18, 2, 19, 1], [20, 4, 21, 3], [22, 9, 23, 10], [24, 18, 1, 17]]"
12a_1214_175,"[[24, 18, 1, 17], [2, 20, 3, 19], [4, 12, 5, 11], [6, 14, 7, 13], [8, 16, 9, 15], [10, 21, 11, 22], [12, 6, 13, 5], [14, 8, 15, 7], [16, 24, 17, 23], [18, 2, 19, 1], [20, 4, 21, 3], [22, 9, 23, 10]]"
12a_1214_176,"[[22, 9, 23, 10], [24, 18, 1, 17], [2, 20, 3, 19], [4, 12, 5, 11], [6, 14, 7, 13], [8, 16, 9, 15], [10, 21, 11, 22], [12, 6, 13, 5], [14, 8, 15, 7], [16, 24, 17, 23], [18, 2, 19, 1], [20, 4, 21, 3]]"
12a_1214_177,"[[20, 4, 21, 3], [22, 9, 23, 10], [24, 18, 1, 17], [2, 20, 3, 19], [4, 12, 5, 11], [6, 14, 7, 13], [8, 16, 9, 15], [10, 21, 11, 22], [12, 6, 13, 5], [14, 8, 15, 7], [16, 24, 17, 23], [18, 2, 19, 1]]"
12a_1214_178,"[[18, 2, 19, 1], [20, 4, 21, 3], [22, 9, 23, 10], [24, 18, 1, 17], [2, 20, 3, 19], [4, 12, 5, 11], [6, 14, 7, 13], [8, 16, 9, 15], [10, 21, 11, 22], [12, 6, 13, 5], [14, 8, 15, 7], [16, 24, 17, 23]]"
12a_1214_179,"[[16, 24, 17, 23], [18, 2, 19, 1], [20, 4, 21, 3], [22, 9, 23, 10], [24, 18, 1, 17], [2, 20, 3, 19], [4, 12, 5, 11], [6, 14, 7, 13], [8, 16, 9, 15], [10, 21, 11, 22], [12, 6, 13, 5], [14, 8, 15, 7]]"
12a_1214_180,"[[15, 9, 16, 8], [17, 1, 18, 24], [19, 3, 20, 2], [21, 5, 22, 4], [23, 10, 24, 11], [1, 19, 2, 18], [3, 21, 4, 20], [5, 13, 6, 12], [7, 15, 8, 14], [9, 17, 10, 16], [11, 22, 12, 23], [13, 7, 14, 6]]"
12a_1214_181,"[[13, 7, 14, 6], [15, 9, 16, 8], [17, 1, 18, 24], [19, 3, 20, 2], [21, 5, 22, 4], [23, 10, 24, 11], [1, 19, 2, 18], [3, 21, 4, 20], [5, 13, 6, 12], [7, 15, 8, 14], [9, 17, 10, 16], [11, 22, 12, 23]]"
12a_1214_182,"[[11, 22, 12, 23], [13, 7, 14, 6], [15, 9, 16, 8], [17, 1, 18, 24], [19, 3, 20, 2], [21, 5, 22, 4], [23, 10, 24, 11], [1, 19, 2, 18], [3, 21, 4, 20], [5, 13, 6, 12], [7, 15, 8, 14], [9, 17, 10, 16]]"
12a_1214_183,"[[9, 17, 10, 16], [11, 22, 12, 23], [13, 7, 14, 6], [15, 9, 16, 8], [17, 1, 18, 24], [19, 3, 20, 2], [21, 5, 22, 4], [23, 10, 24, 11], [1, 19, 2, 18], [3, 21, 4, 20], [5, 13, 6, 12], [7, 15, 8, 14]]"
12a_1214_184,"[[7, 15, 8, 14], [9, 17, 10, 16], [11, 22, 12, 23], [13, 7, 14, 6], [15, 9, 16, 8], [17, 1, 18, 24], [19, 3, 20, 2], [21, 5, 22, 4], [23, 10, 24, 11], [1, 19, 2, 18], [3, 21, 4, 20], [5, 13, 6, 12]]"
12a_1214_185,"[[5, 13, 6, 12], [7, 15, 8, 14], [9, 17, 10, 16], [11, 22, 12, 23], [13, 7, 14, 6], [15, 9, 16, 8], [17, 1, 18, 24], [19, 3, 20, 2], [21, 5, 22, 4], [23, 10, 24, 11], [1, 19, 2, 18], [3, 21, 4, 20]]"
