name,pd_notation
12a_1237_0,"[[24, 15, 1, 16], [2, 10, 3, 9], [4, 11, 5, 12], [6, 17, 7, 18], [8, 24, 9, 23], [10, 19, 11, 20], [12, 22, 13, 21], [14, 7, 15, 8], [16, 1, 17, 2], [18, 5, 19, 6], [20, 4, 21, 3], [22, 14, 23, 13]]"
12a_1237_1,"[[22, 14, 23, 13], [24, 15, 1, 16], [2, 10, 3, 9], [4, 11, 5, 12], [6, 17, 7, 18], [8, 24, 9, 23], [10, 19, 11, 20], [12, 22, 13, 21], [14, 7, 15, 8], [16, 1, 17, 2], [18, 5, 19, 6], [20, 4, 21, 3]]"
12a_1237_2,"[[20, 4, 21, 3], [22, 14, 23, 13], [24, 15, 1, 16], [2, 10, 3, 9], [4, 11, 5, 12], [6, 17, 7, 18], [8, 24, 9, 23], [10, 19, 11, 20], [12, 22, 13, 21], [14, 7, 15, 8], [16, 1, 17, 2], [18, 5, 19, 6]]"
12a_1237_3,"[[18, 5, 19, 6], [20, 4, 21, 3], [22, 14, 23, 13], [24, 15, 1, 16], [2, 10, 3, 9], [4, 11, 5, 12], [6, 17, 7, 18], [8, 24, 9, 23], [10, 19, 11, 20], [12, 22, 13, 21], [14, 7, 15, 8], [16, 1, 17, 2]]"
12a_1237_4,"[[16, 1, 17, 2], [18, 5, 19, 6], [20, 4, 21, 3], [22, 14, 23, 13], [24, 15, 1, 16], [2, 10, 3, 9], [4, 11, 5, 12], [6, 17, 7, 18], [8, 24, 9, 23], [10, 19, 11, 20], [12, 22, 13, 21], [14, 7, 15, 8]]"
12a_1237_5,"[[14, 7, 15, 8], [16, 1, 17, 2], [18, 5, 19, 6], [20, 4, 21, 3], [22, 14, 23, 13], [24, 15, 1, 16], [2, 10, 3, 9], [4, 11, 5, 12], [6, 17, 7, 18], [8, 24, 9, 23], [10, 19, 11, 20], [12, 22, 13, 21]]"
12a_1237_6,"[[12, 22, 13, 21], [14, 7, 15, 8], [16, 1, 17, 2], [18, 5, 19, 6], [20, 4, 21, 3], [22, 14, 23, 13], [24, 15, 1, 16], [2, 10, 3, 9], [4, 11, 5, 12], [6, 17, 7, 18], [8, 24, 9, 23], [10, 19, 11, 20]]"
12a_1237_7,"[[10, 19, 11, 20], [12, 22, 13, 21], [14, 7, 15, 8], [16, 1, 17, 2], [18, 5, 19, 6], [20, 4, 21, 3], [22, 14, 23, 13], [24, 15, 1, 16], [2, 10, 3, 9], [4, 11, 5, 12], [6, 17, 7, 18], [8, 24, 9, 23]]"
12a_1237_8,"[[8, 24, 9, 23], [10, 19, 11, 20], [12, 22, 13, 21], [14, 7, 15, 8], [16, 1, 17, 2], [18, 5, 19, 6], [20, 4, 21, 3], [22, 14, 23, 13], [24, 15, 1, 16], [2, 10, 3, 9], [4, 11, 5, 12], [6, 17, 7, 18]]"
12a_1237_9,"[[6, 17, 7, 18], [8, 24, 9, 23], [10, 19, 11, 20], [12, 22, 13, 21], [14, 7, 15, 8], [16, 1, 17, 2], [18, 5, 19, 6], [20, 4, 21, 3], [22, 14, 23, 13], [24, 15, 1, 16], [2, 10, 3, 9], [4, 11, 5, 12]]"
12a_1237_10,"[[4, 11, 5, 12], [6, 17, 7, 18], [8, 24, 9, 23], [10, 19, 11, 20], [12, 22, 13, 21], [14, 7, 15, 8], [16, 1, 17, 2], [18, 5, 19, 6], [20, 4, 21, 3], [22, 14, 23, 13], [24, 15, 1, 16], [2, 10, 3, 9]]"
12a_1237_11,"[[2, 10, 3, 9], [4, 11, 5, 12], [6, 17, 7, 18], [8, 24, 9, 23], [10, 19, 11, 20], [12, 22, 13, 21], [14, 7, 15, 8], [16, 1, 17, 2], [18, 5, 19, 6], [20, 4, 21, 3], [22, 14, 23, 13], [24, 15, 1, 16]]"
12a_1237_12,"[[1, 16, 2, 17], [3, 11, 4, 10], [5, 12, 6, 13], [7, 18, 8, 19], [9, 1, 10, 24], [11, 20, 12, 21], [13, 23, 14, 22], [15, 8, 16, 9], [17, 2, 18, 3], [19, 6, 20, 7], [21, 5, 22, 4], [23, 15, 24, 14]]"
12a_1237_13,"[[23, 15, 24, 14], [1, 16, 2, 17], [3, 11, 4, 10], [5, 12, 6, 13], [7, 18, 8, 19], [9, 1, 10, 24], [11, 20, 12, 21], [13, 23, 14, 22], [15, 8, 16, 9], [17, 2, 18, 3], [19, 6, 20, 7], [21, 5, 22, 4]]"
12a_1237_14,"[[21, 5, 22, 4], [23, 15, 24, 14], [1, 16, 2, 17], [3, 11, 4, 10], [5, 12, 6, 13], [7, 18, 8, 19], [9, 1, 10, 24], [11, 20, 12, 21], [13, 23, 14, 22], [15, 8, 16, 9], [17, 2, 18, 3], [19, 6, 20, 7]]"
12a_1237_15,"[[19, 6, 20, 7], [21, 5, 22, 4], [23, 15, 24, 14], [1, 16, 2, 17], [3, 11, 4, 10], [5, 12, 6, 13], [7, 18, 8, 19], [9, 1, 10, 24], [11, 20, 12, 21], [13, 23, 14, 22], [15, 8, 16, 9], [17, 2, 18, 3]]"
12a_1237_16,"[[17, 2, 18, 3], [19, 6, 20, 7], [21, 5, 22, 4], [23, 15, 24, 14], [1, 16, 2, 17], [3, 11, 4, 10], [5, 12, 6, 13], [7, 18, 8, 19], [9, 1, 10, 24], [11, 20, 12, 21], [13, 23, 14, 22], [15, 8, 16, 9]]"
12a_1237_17,"[[15, 8, 16, 9], [17, 2, 18, 3], [19, 6, 20, 7], [21, 5, 22, 4], [23, 15, 24, 14], [1, 16, 2, 17], [3, 11, 4, 10], [5, 12, 6, 13], [7, 18, 8, 19], [9, 1, 10, 24], [11, 20, 12, 21], [13, 23, 14, 22]]"
12a_1237_18,"[[13, 23, 14, 22], [15, 8, 16, 9], [17, 2, 18, 3], [19, 6, 20, 7], [21, 5, 22, 4], [23, 15, 24, 14], [1, 16, 2, 17], [3, 11, 4, 10], [5, 12, 6, 13], [7, 18, 8, 19], [9, 1, 10, 24], [11, 20, 12, 21]]"
12a_1237_19,"[[11, 20, 12, 21], [13, 23, 14, 22], [15, 8, 16, 9], [17, 2, 18, 3], [19, 6, 20, 7], [21, 5, 22, 4], [23, 15, 24, 14], [1, 16, 2, 17], [3, 11, 4, 10], [5, 12, 6, 13], [7, 18, 8, 19], [9, 1, 10, 24]]"
12a_1237_20,"[[9, 1, 10, 24], [11, 20, 12, 21], [13, 23, 14, 22], [15, 8, 16, 9], [17, 2, 18, 3], [19, 6, 20, 7], [21, 5, 22, 4], [23, 15, 24, 14], [1, 16, 2, 17], [3, 11, 4, 10], [5, 12, 6, 13], [7, 18, 8, 19]]"
12a_1237_21,"[[7, 18, 8, 19], [9, 1, 10, 24], [11, 20, 12, 21], [13, 23, 14, 22], [15, 8, 16, 9], [17, 2, 18, 3], [19, 6, 20, 7], [21, 5, 22, 4], [23, 15, 24, 14], [1, 16, 2, 17], [3, 11, 4, 10], [5, 12, 6, 13]]"
12a_1237_22,"[[5, 12, 6, 13], [7, 18, 8, 19], [9, 1, 10, 24], [11, 20, 12, 21], [13, 23, 14, 22], [15, 8, 16, 9], [17, 2, 18, 3], [19, 6, 20, 7], [21, 5, 22, 4], [23, 15, 24, 14], [1, 16, 2, 17], [3, 11, 4, 10]]"
12a_1237_23,"[[3, 11, 4, 10], [5, 12, 6, 13], [7, 18, 8, 19], [9, 1, 10, 24], [11, 20, 12, 21], [13, 23, 14, 22], [15, 8, 16, 9], [17, 2, 18, 3], [19, 6, 20, 7], [21, 5, 22, 4], [23, 15, 24, 14], [1, 16, 2, 17]]"
12a_1237_24,"[[2, 17, 3, 18], [4, 12, 5, 11], [6, 13, 7, 14], [8, 19, 9, 20], [10, 2, 11, 1], [12, 21, 13, 22], [14, 24, 15, 23], [16, 9, 17, 10], [18, 3, 19, 4], [20, 7, 21, 8], [22, 6, 23, 5], [24, 16, 1, 15]]"
12a_1237_25,"[[24, 16, 1, 15], [2, 17, 3, 18], [4, 12, 5, 11], [6, 13, 7, 14], [8, 19, 9, 20], [10, 2, 11, 1], [12, 21, 13, 22], [14, 24, 15, 23], [16, 9, 17, 10], [18, 3, 19, 4], [20, 7, 21, 8], [22, 6, 23, 5]]"
12a_1237_26,"[[22, 6, 23, 5], [24, 16, 1, 15], [2, 17, 3, 18], [4, 12, 5, 11], [6, 13, 7, 14], [8, 19, 9, 20], [10, 2, 11, 1], [12, 21, 13, 22], [14, 24, 15, 23], [16, 9, 17, 10], [18, 3, 19, 4], [20, 7, 21, 8]]"
12a_1237_27,"[[20, 7, 21, 8], [22, 6, 23, 5], [24, 16, 1, 15], [2, 17, 3, 18], [4, 12, 5, 11], [6, 13, 7, 14], [8, 19, 9, 20], [10, 2, 11, 1], [12, 21, 13, 22], [14, 24, 15, 23], [16, 9, 17, 10], [18, 3, 19, 4]]"
12a_1237_28,"[[18, 3, 19, 4], [20, 7, 21, 8], [22, 6, 23, 5], [24, 16, 1, 15], [2, 17, 3, 18], [4, 12, 5, 11], [6, 13, 7, 14], [8, 19, 9, 20], [10, 2, 11, 1], [12, 21, 13, 22], [14, 24, 15, 23], [16, 9, 17, 10]]"
12a_1237_29,"[[16, 9, 17, 10], [18, 3, 19, 4], [20, 7, 21, 8], [22, 6, 23, 5], [24, 16, 1, 15], [2, 17, 3, 18], [4, 12, 5, 11], [6, 13, 7, 14], [8, 19, 9, 20], [10, 2, 11, 1], [12, 21, 13, 22], [14, 24, 15, 23]]"
12a_1237_30,"[[14, 24, 15, 23], [16, 9, 17, 10], [18, 3, 19, 4], [20, 7, 21, 8], [22, 6, 23, 5], [24, 16, 1, 15], [2, 17, 3, 18], [4, 12, 5, 11], [6, 13, 7, 14], [8, 19, 9, 20], [10, 2, 11, 1], [12, 21, 13, 22]]"
12a_1237_31,"[[12, 21, 13, 22], [14, 24, 15, 23], [16, 9, 17, 10], [18, 3, 19, 4], [20, 7, 21, 8], [22, 6, 23, 5], [24, 16, 1, 15], [2, 17, 3, 18], [4, 12, 5, 11], [6, 13, 7, 14], [8, 19, 9, 20], [10, 2, 11, 1]]"
12a_1237_32,"[[10, 2, 11, 1], [12, 21, 13, 22], [14, 24, 15, 23], [16, 9, 17, 10], [18, 3, 19, 4], [20, 7, 21, 8], [22, 6, 23, 5], [24, 16, 1, 15], [2, 17, 3, 18], [4, 12, 5, 11], [6, 13, 7, 14], [8, 19, 9, 20]]"
12a_1237_33,"[[8, 19, 9, 20], [10, 2, 11, 1], [12, 21, 13, 22], [14, 24, 15, 23], [16, 9, 17, 10], [18, 3, 19, 4], [20, 7, 21, 8], [22, 6, 23, 5], [24, 16, 1, 15], [2, 17, 3, 18], [4, 12, 5, 11], [6, 13, 7, 14]]"
12a_1237_34,"[[6, 13, 7, 14], [8, 19, 9, 20], [10, 2, 11, 1], [12, 21, 13, 22], [14, 24, 15, 23], [16, 9, 17, 10], [18, 3, 19, 4], [20, 7, 21, 8], [22, 6, 23, 5], [24, 16, 1, 15], [2, 17, 3, 18], [4, 12, 5, 11]]"
12a_1237_35,"[[4, 12, 5, 11], [6, 13, 7, 14], [8, 19, 9, 20], [10, 2, 11, 1], [12, 21, 13, 22], [14, 24, 15, 23], [16, 9, 17, 10], [18, 3, 19, 4], [20, 7, 21, 8], [22, 6, 23, 5], [24, 16, 1, 15], [2, 17, 3, 18]]"
12a_1237_36,"[[3, 18, 4, 19], [5, 13, 6, 12], [7, 14, 8, 15], [9, 20, 10, 21], [11, 3, 12, 2], [13, 22, 14, 23], [15, 1, 16, 24], [17, 10, 18, 11], [19, 4, 20, 5], [21, 8, 22, 9], [23, 7, 24, 6], [1, 17, 2, 16]]"
12a_1237_37,"[[1, 17, 2, 16], [3, 18, 4, 19], [5, 13, 6, 12], [7, 14, 8, 15], [9, 20, 10, 21], [11, 3, 12, 2], [13, 22, 14, 23], [15, 1, 16, 24], [17, 10, 18, 11], [19, 4, 20, 5], [21, 8, 22, 9], [23, 7, 24, 6]]"
12a_1237_38,"[[23, 7, 24, 6], [1, 17, 2, 16], [3, 18, 4, 19], [5, 13, 6, 12], [7, 14, 8, 15], [9, 20, 10, 21], [11, 3, 12, 2], [13, 22, 14, 23], [15, 1, 16, 24], [17, 10, 18, 11], [19, 4, 20, 5], [21, 8, 22, 9]]"
12a_1237_39,"[[21, 8, 22, 9], [23, 7, 24, 6], [1, 17, 2, 16], [3, 18, 4, 19], [5, 13, 6, 12], [7, 14, 8, 15], [9, 20, 10, 21], [11, 3, 12, 2], [13, 22, 14, 23], [15, 1, 16, 24], [17, 10, 18, 11], [19, 4, 20, 5]]"
12a_1237_40,"[[19, 4, 20, 5], [21, 8, 22, 9], [23, 7, 24, 6], [1, 17, 2, 16], [3, 18, 4, 19], [5, 13, 6, 12], [7, 14, 8, 15], [9, 20, 10, 21], [11, 3, 12, 2], [13, 22, 14, 23], [15, 1, 16, 24], [17, 10, 18, 11]]"
12a_1237_41,"[[17, 10, 18, 11], [19, 4, 20, 5], [21, 8, 22, 9], [23, 7, 24, 6], [1, 17, 2, 16], [3, 18, 4, 19], [5, 13, 6, 12], [7, 14, 8, 15], [9, 20, 10, 21], [11, 3, 12, 2], [13, 22, 14, 23], [15, 1, 16, 24]]"
12a_1237_42,"[[15, 1, 16, 24], [17, 10, 18, 11], [19, 4, 20, 5], [21, 8, 22, 9], [23, 7, 24, 6], [1, 17, 2, 16], [3, 18, 4, 19], [5, 13, 6, 12], [7, 14, 8, 15], [9, 20, 10, 21], [11, 3, 12, 2], [13, 22, 14, 23]]"
12a_1237_43,"[[13, 22, 14, 23], [15, 1, 16, 24], [17, 10, 18, 11], [19, 4, 20, 5], [21, 8, 22, 9], [23, 7, 24, 6], [1, 17, 2, 16], [3, 18, 4, 19], [5, 13, 6, 12], [7, 14, 8, 15], [9, 20, 10, 21], [11, 3, 12, 2]]"
12a_1237_44,"[[11, 3, 12, 2], [13, 22, 14, 23], [15, 1, 16, 24], [17, 10, 18, 11], [19, 4, 20, 5], [21, 8, 22, 9], [23, 7, 24, 6], [1, 17, 2, 16], [3, 18, 4, 19], [5, 13, 6, 12], [7, 14, 8, 15], [9, 20, 10, 21]]"
12a_1237_45,"[[9, 20, 10, 21], [11, 3, 12, 2], [13, 22, 14, 23], [15, 1, 16, 24], [17, 10, 18, 11], [19, 4, 20, 5], [21, 8, 22, 9], [23, 7, 24, 6], [1, 17, 2, 16], [3, 18, 4, 19], [5, 13, 6, 12], [7, 14, 8, 15]]"
12a_1237_46,"[[7, 14, 8, 15], [9, 20, 10, 21], [11, 3, 12, 2], [13, 22, 14, 23], [15, 1, 16, 24], [17, 10, 18, 11], [19, 4, 20, 5], [21, 8, 22, 9], [23, 7, 24, 6], [1, 17, 2, 16], [3, 18, 4, 19], [5, 13, 6, 12]]"
12a_1237_47,"[[5, 13, 6, 12], [7, 14, 8, 15], [9, 20, 10, 21], [11, 3, 12, 2], [13, 22, 14, 23], [15, 1, 16, 24], [17, 10, 18, 11], [19, 4, 20, 5], [21, 8, 22, 9], [23, 7, 24, 6], [1, 17, 2, 16], [3, 18, 4, 19]]"
12a_1237_48,"[[4, 19, 5, 20], [6, 14, 7, 13], [8, 15, 9, 16], [10, 21, 11, 22], [12, 4, 13, 3], [14, 23, 15, 24], [16, 2, 17, 1], [18, 11, 19, 12], [20, 5, 21, 6], [22, 9, 23, 10], [24, 8, 1, 7], [2, 18, 3, 17]]"
12a_1237_49,"[[2, 18, 3, 17], [4, 19, 5, 20], [6, 14, 7, 13], [8, 15, 9, 16], [10, 21, 11, 22], [12, 4, 13, 3], [14, 23, 15, 24], [16, 2, 17, 1], [18, 11, 19, 12], [20, 5, 21, 6], [22, 9, 23, 10], [24, 8, 1, 7]]"
12a_1237_50,"[[24, 8, 1, 7], [2, 18, 3, 17], [4, 19, 5, 20], [6, 14, 7, 13], [8, 15, 9, 16], [10, 21, 11, 22], [12, 4, 13, 3], [14, 23, 15, 24], [16, 2, 17, 1], [18, 11, 19, 12], [20, 5, 21, 6], [22, 9, 23, 10]]"
12a_1237_51,"[[22, 9, 23, 10], [24, 8, 1, 7], [2, 18, 3, 17], [4, 19, 5, 20], [6, 14, 7, 13], [8, 15, 9, 16], [10, 21, 11, 22], [12, 4, 13, 3], [14, 23, 15, 24], [16, 2, 17, 1], [18, 11, 19, 12], [20, 5, 21, 6]]"
12a_1237_52,"[[20, 5, 21, 6], [22, 9, 23, 10], [24, 8, 1, 7], [2, 18, 3, 17], [4, 19, 5, 20], [6, 14, 7, 13], [8, 15, 9, 16], [10, 21, 11, 22], [12, 4, 13, 3], [14, 23, 15, 24], [16, 2, 17, 1], [18, 11, 19, 12]]"
12a_1237_53,"[[18, 11, 19, 12], [20, 5, 21, 6], [22, 9, 23, 10], [24, 8, 1, 7], [2, 18, 3, 17], [4, 19, 5, 20], [6, 14, 7, 13], [8, 15, 9, 16], [10, 21, 11, 22], [12, 4, 13, 3], [14, 23, 15, 24], [16, 2, 17, 1]]"
12a_1237_54,"[[16, 2, 17, 1], [18, 11, 19, 12], [20, 5, 21, 6], [22, 9, 23, 10], [24, 8, 1, 7], [2, 18, 3, 17], [4, 19, 5, 20], [6, 14, 7, 13], [8, 15, 9, 16], [10, 21, 11, 22], [12, 4, 13, 3], [14, 23, 15, 24]]"
12a_1237_55,"[[14, 23, 15, 24], [16, 2, 17, 1], [18, 11, 19, 12], [20, 5, 21, 6], [22, 9, 23, 10], [24, 8, 1, 7], [2, 18, 3, 17], [4, 19, 5, 20], [6, 14, 7, 13], [8, 15, 9, 16], [10, 21, 11, 22], [12, 4, 13, 3]]"
12a_1237_56,"[[12, 4, 13, 3], [14, 23, 15, 24], [16, 2, 17, 1], [18, 11, 19, 12], [20, 5, 21, 6], [22, 9, 23, 10], [24, 8, 1, 7], [2, 18, 3, 17], [4, 19, 5, 20], [6, 14, 7, 13], [8, 15, 9, 16], [10, 21, 11, 22]]"
12a_1237_57,"[[10, 21, 11, 22], [12, 4, 13, 3], [14, 23, 15, 24], [16, 2, 17, 1], [18, 11, 19, 12], [20, 5, 21, 6], [22, 9, 23, 10], [24, 8, 1, 7], [2, 18, 3, 17], [4, 19, 5, 20], [6, 14, 7, 13], [8, 15, 9, 16]]"
12a_1237_58,"[[8, 15, 9, 16], [10, 21, 11, 22], [12, 4, 13, 3], [14, 23, 15, 24], [16, 2, 17, 1], [18, 11, 19, 12], [20, 5, 21, 6], [22, 9, 23, 10], [24, 8, 1, 7], [2, 18, 3, 17], [4, 19, 5, 20], [6, 14, 7, 13]]"
12a_1237_59,"[[6, 14, 7, 13], [8, 15, 9, 16], [10, 21, 11, 22], [12, 4, 13, 3], [14, 23, 15, 24], [16, 2, 17, 1], [18, 11, 19, 12], [20, 5, 21, 6], [22, 9, 23, 10], [24, 8, 1, 7], [2, 18, 3, 17], [4, 19, 5, 20]]"
12a_1237_60,"[[5, 20, 6, 21], [7, 15, 8, 14], [9, 16, 10, 17], [11, 22, 12, 23], [13, 5, 14, 4], [15, 24, 16, 1], [17, 3, 18, 2], [19, 12, 20, 13], [21, 6, 22, 7], [23, 10, 24, 11], [1, 9, 2, 8], [3, 19, 4, 18]]"
12a_1237_61,"[[3, 19, 4, 18], [5, 20, 6, 21], [7, 15, 8, 14], [9, 16, 10, 17], [11, 22, 12, 23], [13, 5, 14, 4], [15, 24, 16, 1], [17, 3, 18, 2], [19, 12, 20, 13], [21, 6, 22, 7], [23, 10, 24, 11], [1, 9, 2, 8]]"
12a_1237_62,"[[1, 9, 2, 8], [3, 19, 4, 18], [5, 20, 6, 21], [7, 15, 8, 14], [9, 16, 10, 17], [11, 22, 12, 23], [13, 5, 14, 4], [15, 24, 16, 1], [17, 3, 18, 2], [19, 12, 20, 13], [21, 6, 22, 7], [23, 10, 24, 11]]"
12a_1237_63,"[[23, 10, 24, 11], [1, 9, 2, 8], [3, 19, 4, 18], [5, 20, 6, 21], [7, 15, 8, 14], [9, 16, 10, 17], [11, 22, 12, 23], [13, 5, 14, 4], [15, 24, 16, 1], [17, 3, 18, 2], [19, 12, 20, 13], [21, 6, 22, 7]]"
12a_1237_64,"[[21, 6, 22, 7], [23, 10, 24, 11], [1, 9, 2, 8], [3, 19, 4, 18], [5, 20, 6, 21], [7, 15, 8, 14], [9, 16, 10, 17], [11, 22, 12, 23], [13, 5, 14, 4], [15, 24, 16, 1], [17, 3, 18, 2], [19, 12, 20, 13]]"
12a_1237_65,"[[19, 12, 20, 13], [21, 6, 22, 7], [23, 10, 24, 11], [1, 9, 2, 8], [3, 19, 4, 18], [5, 20, 6, 21], [7, 15, 8, 14], [9, 16, 10, 17], [11, 22, 12, 23], [13, 5, 14, 4], [15, 24, 16, 1], [17, 3, 18, 2]]"
12a_1237_66,"[[17, 3, 18, 2], [19, 12, 20, 13], [21, 6, 22, 7], [23, 10, 24, 11], [1, 9, 2, 8], [3, 19, 4, 18], [5, 20, 6, 21], [7, 15, 8, 14], [9, 16, 10, 17], [11, 22, 12, 23], [13, 5, 14, 4], [15, 24, 16, 1]]"
12a_1237_67,"[[15, 24, 16, 1], [17, 3, 18, 2], [19, 12, 20, 13], [21, 6, 22, 7], [23, 10, 24, 11], [1, 9, 2, 8], [3, 19, 4, 18], [5, 20, 6, 21], [7, 15, 8, 14], [9, 16, 10, 17], [11, 22, 12, 23], [13, 5, 14, 4]]"
12a_1237_68,"[[13, 5, 14, 4], [15, 24, 16, 1], [17, 3, 18, 2], [19, 12, 20, 13], [21, 6, 22, 7], [23, 10, 24, 11], [1, 9, 2, 8], [3, 19, 4, 18], [5, 20, 6, 21], [7, 15, 8, 14], [9, 16, 10, 17], [11, 22, 12, 23]]"
12a_1237_69,"[[11, 22, 12, 23], [13, 5, 14, 4], [15, 24, 16, 1], [17, 3, 18, 2], [19, 12, 20, 13], [21, 6, 22, 7], [23, 10, 24, 11], [1, 9, 2, 8], [3, 19, 4, 18], [5, 20, 6, 21], [7, 15, 8, 14], [9, 16, 10, 17]]"
12a_1237_70,"[[9, 16, 10, 17], [11, 22, 12, 23], [13, 5, 14, 4], [15, 24, 16, 1], [17, 3, 18, 2], [19, 12, 20, 13], [21, 6, 22, 7], [23, 10, 24, 11], [1, 9, 2, 8], [3, 19, 4, 18], [5, 20, 6, 21], [7, 15, 8, 14]]"
12a_1237_71,"[[7, 15, 8, 14], [9, 16, 10, 17], [11, 22, 12, 23], [13, 5, 14, 4], [15, 24, 16, 1], [17, 3, 18, 2], [19, 12, 20, 13], [21, 6, 22, 7], [23, 10, 24, 11], [1, 9, 2, 8], [3, 19, 4, 18], [5, 20, 6, 21]]"
12a_1237_72,"[[6, 21, 7, 22], [8, 16, 9, 15], [10, 17, 11, 18], [12, 23, 13, 24], [14, 6, 15, 5], [16, 1, 17, 2], [18, 4, 19, 3], [20, 13, 21, 14], [22, 7, 23, 8], [24, 11, 1, 12], [2, 10, 3, 9], [4, 20, 5, 19]]"
12a_1237_73,"[[4, 20, 5, 19], [6, 21, 7, 22], [8, 16, 9, 15], [10, 17, 11, 18], [12, 23, 13, 24], [14, 6, 15, 5], [16, 1, 17, 2], [18, 4, 19, 3], [20, 13, 21, 14], [22, 7, 23, 8], [24, 11, 1, 12], [2, 10, 3, 9]]"
12a_1237_74,"[[2, 10, 3, 9], [4, 20, 5, 19], [6, 21, 7, 22], [8, 16, 9, 15], [10, 17, 11, 18], [12, 23, 13, 24], [14, 6, 15, 5], [16, 1, 17, 2], [18, 4, 19, 3], [20, 13, 21, 14], [22, 7, 23, 8], [24, 11, 1, 12]]"
12a_1237_75,"[[24, 11, 1, 12], [2, 10, 3, 9], [4, 20, 5, 19], [6, 21, 7, 22], [8, 16, 9, 15], [10, 17, 11, 18], [12, 23, 13, 24], [14, 6, 15, 5], [16, 1, 17, 2], [18, 4, 19, 3], [20, 13, 21, 14], [22, 7, 23, 8]]"
12a_1237_76,"[[22, 7, 23, 8], [24, 11, 1, 12], [2, 10, 3, 9], [4, 20, 5, 19], [6, 21, 7, 22], [8, 16, 9, 15], [10, 17, 11, 18], [12, 23, 13, 24], [14, 6, 15, 5], [16, 1, 17, 2], [18, 4, 19, 3], [20, 13, 21, 14]]"
12a_1237_77,"[[20, 13, 21, 14], [22, 7, 23, 8], [24, 11, 1, 12], [2, 10, 3, 9], [4, 20, 5, 19], [6, 21, 7, 22], [8, 16, 9, 15], [10, 17, 11, 18], [12, 23, 13, 24], [14, 6, 15, 5], [16, 1, 17, 2], [18, 4, 19, 3]]"
12a_1237_78,"[[18, 4, 19, 3], [20, 13, 21, 14], [22, 7, 23, 8], [24, 11, 1, 12], [2, 10, 3, 9], [4, 20, 5, 19], [6, 21, 7, 22], [8, 16, 9, 15], [10, 17, 11, 18], [12, 23, 13, 24], [14, 6, 15, 5], [16, 1, 17, 2]]"
12a_1237_79,"[[16, 1, 17, 2], [18, 4, 19, 3], [20, 13, 21, 14], [22, 7, 23, 8], [24, 11, 1, 12], [2, 10, 3, 9], [4, 20, 5, 19], [6, 21, 7, 22], [8, 16, 9, 15], [10, 17, 11, 18], [12, 23, 13, 24], [14, 6, 15, 5]]"
12a_1237_80,"[[14, 6, 15, 5], [16, 1, 17, 2], [18, 4, 19, 3], [20, 13, 21, 14], [22, 7, 23, 8], [24, 11, 1, 12], [2, 10, 3, 9], [4, 20, 5, 19], [6, 21, 7, 22], [8, 16, 9, 15], [10, 17, 11, 18], [12, 23, 13, 24]]"
12a_1237_81,"[[12, 23, 13, 24], [14, 6, 15, 5], [16, 1, 17, 2], [18, 4, 19, 3], [20, 13, 21, 14], [22, 7, 23, 8], [24, 11, 1, 12], [2, 10, 3, 9], [4, 20, 5, 19], [6, 21, 7, 22], [8, 16, 9, 15], [10, 17, 11, 18]]"
12a_1237_82,"[[10, 17, 11, 18], [12, 23, 13, 24], [14, 6, 15, 5], [16, 1, 17, 2], [18, 4, 19, 3], [20, 13, 21, 14], [22, 7, 23, 8], [24, 11, 1, 12], [2, 10, 3, 9], [4, 20, 5, 19], [6, 21, 7, 22], [8, 16, 9, 15]]"
12a_1237_83,"[[8, 16, 9, 15], [10, 17, 11, 18], [12, 23, 13, 24], [14, 6, 15, 5], [16, 1, 17, 2], [18, 4, 19, 3], [20, 13, 21, 14], [22, 7, 23, 8], [24, 11, 1, 12], [2, 10, 3, 9], [4, 20, 5, 19], [6, 21, 7, 22]]"
12a_1237_84,"[[7, 22, 8, 23], [9, 17, 10, 16], [11, 18, 12, 19], [13, 24, 14, 1], [15, 7, 16, 6], [17, 2, 18, 3], [19, 5, 20, 4], [21, 14, 22, 15], [23, 8, 24, 9], [1, 12, 2, 13], [3, 11, 4, 10], [5, 21, 6, 20]]"
12a_1237_85,"[[5, 21, 6, 20], [7, 22, 8, 23], [9, 17, 10, 16], [11, 18, 12, 19], [13, 24, 14, 1], [15, 7, 16, 6], [17, 2, 18, 3], [19, 5, 20, 4], [21, 14, 22, 15], [23, 8, 24, 9], [1, 12, 2, 13], [3, 11, 4, 10]]"
12a_1237_86,"[[3, 11, 4, 10], [5, 21, 6, 20], [7, 22, 8, 23], [9, 17, 10, 16], [11, 18, 12, 19], [13, 24, 14, 1], [15, 7, 16, 6], [17, 2, 18, 3], [19, 5, 20, 4], [21, 14, 22, 15], [23, 8, 24, 9], [1, 12, 2, 13]]"
12a_1237_87,"[[1, 12, 2, 13], [3, 11, 4, 10], [5, 21, 6, 20], [7, 22, 8, 23], [9, 17, 10, 16], [11, 18, 12, 19], [13, 24, 14, 1], [15, 7, 16, 6], [17, 2, 18, 3], [19, 5, 20, 4], [21, 14, 22, 15], [23, 8, 24, 9]]"
12a_1237_88,"[[23, 8, 24, 9], [1, 12, 2, 13], [3, 11, 4, 10], [5, 21, 6, 20], [7, 22, 8, 23], [9, 17, 10, 16], [11, 18, 12, 19], [13, 24, 14, 1], [15, 7, 16, 6], [17, 2, 18, 3], [19, 5, 20, 4], [21, 14, 22, 15]]"
12a_1237_89,"[[21, 14, 22, 15], [23, 8, 24, 9], [1, 12, 2, 13], [3, 11, 4, 10], [5, 21, 6, 20], [7, 22, 8, 23], [9, 17, 10, 16], [11, 18, 12, 19], [13, 24, 14, 1], [15, 7, 16, 6], [17, 2, 18, 3], [19, 5, 20, 4]]"
12a_1237_90,"[[19, 5, 20, 4], [21, 14, 22, 15], [23, 8, 24, 9], [1, 12, 2, 13], [3, 11, 4, 10], [5, 21, 6, 20], [7, 22, 8, 23], [9, 17, 10, 16], [11, 18, 12, 19], [13, 24, 14, 1], [15, 7, 16, 6], [17, 2, 18, 3]]"
12a_1237_91,"[[17, 2, 18, 3], [19, 5, 20, 4], [21, 14, 22, 15], [23, 8, 24, 9], [1, 12, 2, 13], [3, 11, 4, 10], [5, 21, 6, 20], [7, 22, 8, 23], [9, 17, 10, 16], [11, 18, 12, 19], [13, 24, 14, 1], [15, 7, 16, 6]]"
12a_1237_92,"[[15, 7, 16, 6], [17, 2, 18, 3], [19, 5, 20, 4], [21, 14, 22, 15], [23, 8, 24, 9], [1, 12, 2, 13], [3, 11, 4, 10], [5, 21, 6, 20], [7, 22, 8, 23], [9, 17, 10, 16], [11, 18, 12, 19], [13, 24, 14, 1]]"
12a_1237_93,"[[13, 24, 14, 1], [15, 7, 16, 6], [17, 2, 18, 3], [19, 5, 20, 4], [21, 14, 22, 15], [23, 8, 24, 9], [1, 12, 2, 13], [3, 11, 4, 10], [5, 21, 6, 20], [7, 22, 8, 23], [9, 17, 10, 16], [11, 18, 12, 19]]"
12a_1237_94,"[[11, 18, 12, 19], [13, 24, 14, 1], [15, 7, 16, 6], [17, 2, 18, 3], [19, 5, 20, 4], [21, 14, 22, 15], [23, 8, 24, 9], [1, 12, 2, 13], [3, 11, 4, 10], [5, 21, 6, 20], [7, 22, 8, 23], [9, 17, 10, 16]]"
12a_1237_95,"[[9, 17, 10, 16], [11, 18, 12, 19], [13, 24, 14, 1], [15, 7, 16, 6], [17, 2, 18, 3], [19, 5, 20, 4], [21, 14, 22, 15], [23, 8, 24, 9], [1, 12, 2, 13], [3, 11, 4, 10], [5, 21, 6, 20], [7, 22, 8, 23]]"
12a_1237_96,"[[8, 23, 9, 24], [10, 18, 11, 17], [12, 19, 13, 20], [14, 1, 15, 2], [16, 8, 17, 7], [18, 3, 19, 4], [20, 6, 21, 5], [22, 15, 23, 16], [24, 9, 1, 10], [2, 13, 3, 14], [4, 12, 5, 11], [6, 22, 7, 21]]"
12a_1237_97,"[[6, 22, 7, 21], [8, 23, 9, 24], [10, 18, 11, 17], [12, 19, 13, 20], [14, 1, 15, 2], [16, 8, 17, 7], [18, 3, 19, 4], [20, 6, 21, 5], [22, 15, 23, 16], [24, 9, 1, 10], [2, 13, 3, 14], [4, 12, 5, 11]]"
12a_1237_98,"[[4, 12, 5, 11], [6, 22, 7, 21], [8, 23, 9, 24], [10, 18, 11, 17], [12, 19, 13, 20], [14, 1, 15, 2], [16, 8, 17, 7], [18, 3, 19, 4], [20, 6, 21, 5], [22, 15, 23, 16], [24, 9, 1, 10], [2, 13, 3, 14]]"
12a_1237_99,"[[2, 13, 3, 14], [4, 12, 5, 11], [6, 22, 7, 21], [8, 23, 9, 24], [10, 18, 11, 17], [12, 19, 13, 20], [14, 1, 15, 2], [16, 8, 17, 7], [18, 3, 19, 4], [20, 6, 21, 5], [22, 15, 23, 16], [24, 9, 1, 10]]"
12a_1237_100,"[[24, 9, 1, 10], [2, 13, 3, 14], [4, 12, 5, 11], [6, 22, 7, 21], [8, 23, 9, 24], [10, 18, 11, 17], [12, 19, 13, 20], [14, 1, 15, 2], [16, 8, 17, 7], [18, 3, 19, 4], [20, 6, 21, 5], [22, 15, 23, 16]]"
12a_1237_101,"[[22, 15, 23, 16], [24, 9, 1, 10], [2, 13, 3, 14], [4, 12, 5, 11], [6, 22, 7, 21], [8, 23, 9, 24], [10, 18, 11, 17], [12, 19, 13, 20], [14, 1, 15, 2], [16, 8, 17, 7], [18, 3, 19, 4], [20, 6, 21, 5]]"
12a_1237_102,"[[20, 6, 21, 5], [22, 15, 23, 16], [24, 9, 1, 10], [2, 13, 3, 14], [4, 12, 5, 11], [6, 22, 7, 21], [8, 23, 9, 24], [10, 18, 11, 17], [12, 19, 13, 20], [14, 1, 15, 2], [16, 8, 17, 7], [18, 3, 19, 4]]"
12a_1237_103,"[[18, 3, 19, 4], [20, 6, 21, 5], [22, 15, 23, 16], [24, 9, 1, 10], [2, 13, 3, 14], [4, 12, 5, 11], [6, 22, 7, 21], [8, 23, 9, 24], [10, 18, 11, 17], [12, 19, 13, 20], [14, 1, 15, 2], [16, 8, 17, 7]]"
12a_1237_104,"[[16, 8, 17, 7], [18, 3, 19, 4], [20, 6, 21, 5], [22, 15, 23, 16], [24, 9, 1, 10], [2, 13, 3, 14], [4, 12, 5, 11], [6, 22, 7, 21], [8, 23, 9, 24], [10, 18, 11, 17], [12, 19, 13, 20], [14, 1, 15, 2]]"
12a_1237_105,"[[14, 1, 15, 2], [16, 8, 17, 7], [18, 3, 19, 4], [20, 6, 21, 5], [22, 15, 23, 16], [24, 9, 1, 10], [2, 13, 3, 14], [4, 12, 5, 11], [6, 22, 7, 21], [8, 23, 9, 24], [10, 18, 11, 17], [12, 19, 13, 20]]"
12a_1237_106,"[[12, 19, 13, 20], [14, 1, 15, 2], [16, 8, 17, 7], [18, 3, 19, 4], [20, 6, 21, 5], [22, 15, 23, 16], [24, 9, 1, 10], [2, 13, 3, 14], [4, 12, 5, 11], [6, 22, 7, 21], [8, 23, 9, 24], [10, 18, 11, 17]]"
12a_1237_107,"[[10, 18, 11, 17], [12, 19, 13, 20], [14, 1, 15, 2], [16, 8, 17, 7], [18, 3, 19, 4], [20, 6, 21, 5], [22, 15, 23, 16], [24, 9, 1, 10], [2, 13, 3, 14], [4, 12, 5, 11], [6, 22, 7, 21], [8, 23, 9, 24]]"
12a_1237_108,"[[9, 24, 10, 1], [11, 19, 12, 18], [13, 20, 14, 21], [15, 2, 16, 3], [17, 9, 18, 8], [19, 4, 20, 5], [21, 7, 22, 6], [23, 16, 24, 17], [1, 10, 2, 11], [3, 14, 4, 15], [5, 13, 6, 12], [7, 23, 8, 22]]"
12a_1237_109,"[[7, 23, 8, 22], [9, 24, 10, 1], [11, 19, 12, 18], [13, 20, 14, 21], [15, 2, 16, 3], [17, 9, 18, 8], [19, 4, 20, 5], [21, 7, 22, 6], [23, 16, 24, 17], [1, 10, 2, 11], [3, 14, 4, 15], [5, 13, 6, 12]]"
12a_1237_110,"[[5, 13, 6, 12], [7, 23, 8, 22], [9, 24, 10, 1], [11, 19, 12, 18], [13, 20, 14, 21], [15, 2, 16, 3], [17, 9, 18, 8], [19, 4, 20, 5], [21, 7, 22, 6], [23, 16, 24, 17], [1, 10, 2, 11], [3, 14, 4, 15]]"
12a_1237_111,"[[3, 14, 4, 15], [5, 13, 6, 12], [7, 23, 8, 22], [9, 24, 10, 1], [11, 19, 12, 18], [13, 20, 14, 21], [15, 2, 16, 3], [17, 9, 18, 8], [19, 4, 20, 5], [21, 7, 22, 6], [23, 16, 24, 17], [1, 10, 2, 11]]"
12a_1237_112,"[[1, 10, 2, 11], [3, 14, 4, 15], [5, 13, 6, 12], [7, 23, 8, 22], [9, 24, 10, 1], [11, 19, 12, 18], [13, 20, 14, 21], [15, 2, 16, 3], [17, 9, 18, 8], [19, 4, 20, 5], [21, 7, 22, 6], [23, 16, 24, 17]]"
12a_1237_113,"[[23, 16, 24, 17], [1, 10, 2, 11], [3, 14, 4, 15], [5, 13, 6, 12], [7, 23, 8, 22], [9, 24, 10, 1], [11, 19, 12, 18], [13, 20, 14, 21], [15, 2, 16, 3], [17, 9, 18, 8], [19, 4, 20, 5], [21, 7, 22, 6]]"
12a_1237_114,"[[21, 7, 22, 6], [23, 16, 24, 17], [1, 10, 2, 11], [3, 14, 4, 15], [5, 13, 6, 12], [7, 23, 8, 22], [9, 24, 10, 1], [11, 19, 12, 18], [13, 20, 14, 21], [15, 2, 16, 3], [17, 9, 18, 8], [19, 4, 20, 5]]"
12a_1237_115,"[[19, 4, 20, 5], [21, 7, 22, 6], [23, 16, 24, 17], [1, 10, 2, 11], [3, 14, 4, 15], [5, 13, 6, 12], [7, 23, 8, 22], [9, 24, 10, 1], [11, 19, 12, 18], [13, 20, 14, 21], [15, 2, 16, 3], [17, 9, 18, 8]]"
12a_1237_116,"[[17, 9, 18, 8], [19, 4, 20, 5], [21, 7, 22, 6], [23, 16, 24, 17], [1, 10, 2, 11], [3, 14, 4, 15], [5, 13, 6, 12], [7, 23, 8, 22], [9, 24, 10, 1], [11, 19, 12, 18], [13, 20, 14, 21], [15, 2, 16, 3]]"
12a_1237_117,"[[15, 2, 16, 3], [17, 9, 18, 8], [19, 4, 20, 5], [21, 7, 22, 6], [23, 16, 24, 17], [1, 10, 2, 11], [3, 14, 4, 15], [5, 13, 6, 12], [7, 23, 8, 22], [9, 24, 10, 1], [11, 19, 12, 18], [13, 20, 14, 21]]"
12a_1237_118,"[[13, 20, 14, 21], [15, 2, 16, 3], [17, 9, 18, 8], [19, 4, 20, 5], [21, 7, 22, 6], [23, 16, 24, 17], [1, 10, 2, 11], [3, 14, 4, 15], [5, 13, 6, 12], [7, 23, 8, 22], [9, 24, 10, 1], [11, 19, 12, 18]]"
12a_1237_119,"[[11, 19, 12, 18], [13, 20, 14, 21], [15, 2, 16, 3], [17, 9, 18, 8], [19, 4, 20, 5], [21, 7, 22, 6], [23, 16, 24, 17], [1, 10, 2, 11], [3, 14, 4, 15], [5, 13, 6, 12], [7, 23, 8, 22], [9, 24, 10, 1]]"
12a_1237_120,"[[10, 1, 11, 2], [12, 20, 13, 19], [14, 21, 15, 22], [16, 3, 17, 4], [18, 10, 19, 9], [20, 5, 21, 6], [22, 8, 23, 7], [24, 17, 1, 18], [2, 11, 3, 12], [4, 15, 5, 16], [6, 14, 7, 13], [8, 24, 9, 23]]"
12a_1237_121,"[[8, 24, 9, 23], [10, 1, 11, 2], [12, 20, 13, 19], [14, 21, 15, 22], [16, 3, 17, 4], [18, 10, 19, 9], [20, 5, 21, 6], [22, 8, 23, 7], [24, 17, 1, 18], [2, 11, 3, 12], [4, 15, 5, 16], [6, 14, 7, 13]]"
12a_1237_122,"[[6, 14, 7, 13], [8, 24, 9, 23], [10, 1, 11, 2], [12, 20, 13, 19], [14, 21, 15, 22], [16, 3, 17, 4], [18, 10, 19, 9], [20, 5, 21, 6], [22, 8, 23, 7], [24, 17, 1, 18], [2, 11, 3, 12], [4, 15, 5, 16]]"
12a_1237_123,"[[4, 15, 5, 16], [6, 14, 7, 13], [8, 24, 9, 23], [10, 1, 11, 2], [12, 20, 13, 19], [14, 21, 15, 22], [16, 3, 17, 4], [18, 10, 19, 9], [20, 5, 21, 6], [22, 8, 23, 7], [24, 17, 1, 18], [2, 11, 3, 12]]"
12a_1237_124,"[[2, 11, 3, 12], [4, 15, 5, 16], [6, 14, 7, 13], [8, 24, 9, 23], [10, 1, 11, 2], [12, 20, 13, 19], [14, 21, 15, 22], [16, 3, 17, 4], [18, 10, 19, 9], [20, 5, 21, 6], [22, 8, 23, 7], [24, 17, 1, 18]]"
12a_1237_125,"[[24, 17, 1, 18], [2, 11, 3, 12], [4, 15, 5, 16], [6, 14, 7, 13], [8, 24, 9, 23], [10, 1, 11, 2], [12, 20, 13, 19], [14, 21, 15, 22], [16, 3, 17, 4], [18, 10, 19, 9], [20, 5, 21, 6], [22, 8, 23, 7]]"
12a_1237_126,"[[22, 8, 23, 7], [24, 17, 1, 18], [2, 11, 3, 12], [4, 15, 5, 16], [6, 14, 7, 13], [8, 24, 9, 23], [10, 1, 11, 2], [12, 20, 13, 19], [14, 21, 15, 22], [16, 3, 17, 4], [18, 10, 19, 9], [20, 5, 21, 6]]"
12a_1237_127,"[[20, 5, 21, 6], [22, 8, 23, 7], [24, 17, 1, 18], [2, 11, 3, 12], [4, 15, 5, 16], [6, 14, 7, 13], [8, 24, 9, 23], [10, 1, 11, 2], [12, 20, 13, 19], [14, 21, 15, 22], [16, 3, 17, 4], [18, 10, 19, 9]]"
12a_1237_128,"[[18, 10, 19, 9], [20, 5, 21, 6], [22, 8, 23, 7], [24, 17, 1, 18], [2, 11, 3, 12], [4, 15, 5, 16], [6, 14, 7, 13], [8, 24, 9, 23], [10, 1, 11, 2], [12, 20, 13, 19], [14, 21, 15, 22], [16, 3, 17, 4]]"
12a_1237_129,"[[16, 3, 17, 4], [18, 10, 19, 9], [20, 5, 21, 6], [22, 8, 23, 7], [24, 17, 1, 18], [2, 11, 3, 12], [4, 15, 5, 16], [6, 14, 7, 13], [8, 24, 9, 23], [10, 1, 11, 2], [12, 20, 13, 19], [14, 21, 15, 22]]"
12a_1237_130,"[[14, 21, 15, 22], [16, 3, 17, 4], [18, 10, 19, 9], [20, 5, 21, 6], [22, 8, 23, 7], [24, 17, 1, 18], [2, 11, 3, 12], [4, 15, 5, 16], [6, 14, 7, 13], [8, 24, 9, 23], [10, 1, 11, 2], [12, 20, 13, 19]]"
12a_1237_131,"[[12, 20, 13, 19], [14, 21, 15, 22], [16, 3, 17, 4], [18, 10, 19, 9], [20, 5, 21, 6], [22, 8, 23, 7], [24, 17, 1, 18], [2, 11, 3, 12], [4, 15, 5, 16], [6, 14, 7, 13], [8, 24, 9, 23], [10, 1, 11, 2]]"
12a_1237_132,"[[11, 2, 12, 3], [13, 21, 14, 20], [15, 22, 16, 23], [17, 4, 18, 5], [19, 11, 20, 10], [21, 6, 22, 7], [23, 9, 24, 8], [1, 18, 2, 19], [3, 12, 4, 13], [5, 16, 6, 17], [7, 15, 8, 14], [9, 1, 10, 24]]"
12a_1237_133,"[[9, 1, 10, 24], [11, 2, 12, 3], [13, 21, 14, 20], [15, 22, 16, 23], [17, 4, 18, 5], [19, 11, 20, 10], [21, 6, 22, 7], [23, 9, 24, 8], [1, 18, 2, 19], [3, 12, 4, 13], [5, 16, 6, 17], [7, 15, 8, 14]]"
12a_1237_134,"[[7, 15, 8, 14], [9, 1, 10, 24], [11, 2, 12, 3], [13, 21, 14, 20], [15, 22, 16, 23], [17, 4, 18, 5], [19, 11, 20, 10], [21, 6, 22, 7], [23, 9, 24, 8], [1, 18, 2, 19], [3, 12, 4, 13], [5, 16, 6, 17]]"
12a_1237_135,"[[5, 16, 6, 17], [7, 15, 8, 14], [9, 1, 10, 24], [11, 2, 12, 3], [13, 21, 14, 20], [15, 22, 16, 23], [17, 4, 18, 5], [19, 11, 20, 10], [21, 6, 22, 7], [23, 9, 24, 8], [1, 18, 2, 19], [3, 12, 4, 13]]"
12a_1237_136,"[[3, 12, 4, 13], [5, 16, 6, 17], [7, 15, 8, 14], [9, 1, 10, 24], [11, 2, 12, 3], [13, 21, 14, 20], [15, 22, 16, 23], [17, 4, 18, 5], [19, 11, 20, 10], [21, 6, 22, 7], [23, 9, 24, 8], [1, 18, 2, 19]]"
12a_1237_137,"[[1, 18, 2, 19], [3, 12, 4, 13], [5, 16, 6, 17], [7, 15, 8, 14], [9, 1, 10, 24], [11, 2, 12, 3], [13, 21, 14, 20], [15, 22, 16, 23], [17, 4, 18, 5], [19, 11, 20, 10], [21, 6, 22, 7], [23, 9, 24, 8]]"
12a_1237_138,"[[23, 9, 24, 8], [1, 18, 2, 19], [3, 12, 4, 13], [5, 16, 6, 17], [7, 15, 8, 14], [9, 1, 10, 24], [11, 2, 12, 3], [13, 21, 14, 20], [15, 22, 16, 23], [17, 4, 18, 5], [19, 11, 20, 10], [21, 6, 22, 7]]"
12a_1237_139,"[[21, 6, 22, 7], [23, 9, 24, 8], [1, 18, 2, 19], [3, 12, 4, 13], [5, 16, 6, 17], [7, 15, 8, 14], [9, 1, 10, 24], [11, 2, 12, 3], [13, 21, 14, 20], [15, 22, 16, 23], [17, 4, 18, 5], [19, 11, 20, 10]]"
12a_1237_140,"[[19, 11, 20, 10], [21, 6, 22, 7], [23, 9, 24, 8], [1, 18, 2, 19], [3, 12, 4, 13], [5, 16, 6, 17], [7, 15, 8, 14], [9, 1, 10, 24], [11, 2, 12, 3], [13, 21, 14, 20], [15, 22, 16, 23], [17, 4, 18, 5]]"
12a_1237_141,"[[17, 4, 18, 5], [19, 11, 20, 10], [21, 6, 22, 7], [23, 9, 24, 8], [1, 18, 2, 19], [3, 12, 4, 13], [5, 16, 6, 17], [7, 15, 8, 14], [9, 1, 10, 24], [11, 2, 12, 3], [13, 21, 14, 20], [15, 22, 16, 23]]"
12a_1237_142,"[[15, 22, 16, 23], [17, 4, 18, 5], [19, 11, 20, 10], [21, 6, 22, 7], [23, 9, 24, 8], [1, 18, 2, 19], [3, 12, 4, 13], [5, 16, 6, 17], [7, 15, 8, 14], [9, 1, 10, 24], [11, 2, 12, 3], [13, 21, 14, 20]]"
12a_1237_143,"[[13, 21, 14, 20], [15, 22, 16, 23], [17, 4, 18, 5], [19, 11, 20, 10], [21, 6, 22, 7], [23, 9, 24, 8], [1, 18, 2, 19], [3, 12, 4, 13], [5, 16, 6, 17], [7, 15, 8, 14], [9, 1, 10, 24], [11, 2, 12, 3]]"
12a_1237_144,"[[12, 3, 13, 4], [14, 22, 15, 21], [16, 23, 17, 24], [18, 5, 19, 6], [20, 12, 21, 11], [22, 7, 23, 8], [24, 10, 1, 9], [2, 19, 3, 20], [4, 13, 5, 14], [6, 17, 7, 18], [8, 16, 9, 15], [10, 2, 11, 1]]"
12a_1237_145,"[[10, 2, 11, 1], [12, 3, 13, 4], [14, 22, 15, 21], [16, 23, 17, 24], [18, 5, 19, 6], [20, 12, 21, 11], [22, 7, 23, 8], [24, 10, 1, 9], [2, 19, 3, 20], [4, 13, 5, 14], [6, 17, 7, 18], [8, 16, 9, 15]]"
12a_1237_146,"[[8, 16, 9, 15], [10, 2, 11, 1], [12, 3, 13, 4], [14, 22, 15, 21], [16, 23, 17, 24], [18, 5, 19, 6], [20, 12, 21, 11], [22, 7, 23, 8], [24, 10, 1, 9], [2, 19, 3, 20], [4, 13, 5, 14], [6, 17, 7, 18]]"
12a_1237_147,"[[6, 17, 7, 18], [8, 16, 9, 15], [10, 2, 11, 1], [12, 3, 13, 4], [14, 22, 15, 21], [16, 23, 17, 24], [18, 5, 19, 6], [20, 12, 21, 11], [22, 7, 23, 8], [24, 10, 1, 9], [2, 19, 3, 20], [4, 13, 5, 14]]"
12a_1237_148,"[[4, 13, 5, 14], [6, 17, 7, 18], [8, 16, 9, 15], [10, 2, 11, 1], [12, 3, 13, 4], [14, 22, 15, 21], [16, 23, 17, 24], [18, 5, 19, 6], [20, 12, 21, 11], [22, 7, 23, 8], [24, 10, 1, 9], [2, 19, 3, 20]]"
12a_1237_149,"[[2, 19, 3, 20], [4, 13, 5, 14], [6, 17, 7, 18], [8, 16, 9, 15], [10, 2, 11, 1], [12, 3, 13, 4], [14, 22, 15, 21], [16, 23, 17, 24], [18, 5, 19, 6], [20, 12, 21, 11], [22, 7, 23, 8], [24, 10, 1, 9]]"
12a_1237_150,"[[24, 10, 1, 9], [2, 19, 3, 20], [4, 13, 5, 14], [6, 17, 7, 18], [8, 16, 9, 15], [10, 2, 11, 1], [12, 3, 13, 4], [14, 22, 15, 21], [16, 23, 17, 24], [18, 5, 19, 6], [20, 12, 21, 11], [22, 7, 23, 8]]"
12a_1237_151,"[[22, 7, 23, 8], [24, 10, 1, 9], [2, 19, 3, 20], [4, 13, 5, 14], [6, 17, 7, 18], [8, 16, 9, 15], [10, 2, 11, 1], [12, 3, 13, 4], [14, 22, 15, 21], [16, 23, 17, 24], [18, 5, 19, 6], [20, 12, 21, 11]]"
12a_1237_152,"[[20, 12, 21, 11], [22, 7, 23, 8], [24, 10, 1, 9], [2, 19, 3, 20], [4, 13, 5, 14], [6, 17, 7, 18], [8, 16, 9, 15], [10, 2, 11, 1], [12, 3, 13, 4], [14, 22, 15, 21], [16, 23, 17, 24], [18, 5, 19, 6]]"
12a_1237_153,"[[18, 5, 19, 6], [20, 12, 21, 11], [22, 7, 23, 8], [24, 10, 1, 9], [2, 19, 3, 20], [4, 13, 5, 14], [6, 17, 7, 18], [8, 16, 9, 15], [10, 2, 11, 1], [12, 3, 13, 4], [14, 22, 15, 21], [16, 23, 17, 24]]"
12a_1237_154,"[[16, 23, 17, 24], [18, 5, 19, 6], [20, 12, 21, 11], [22, 7, 23, 8], [24, 10, 1, 9], [2, 19, 3, 20], [4, 13, 5, 14], [6, 17, 7, 18], [8, 16, 9, 15], [10, 2, 11, 1], [12, 3, 13, 4], [14, 22, 15, 21]]"
12a_1237_155,"[[14, 22, 15, 21], [16, 23, 17, 24], [18, 5, 19, 6], [20, 12, 21, 11], [22, 7, 23, 8], [24, 10, 1, 9], [2, 19, 3, 20], [4, 13, 5, 14], [6, 17, 7, 18], [8, 16, 9, 15], [10, 2, 11, 1], [12, 3, 13, 4]]"
12a_1237_156,"[[13, 4, 14, 5], [15, 23, 16, 22], [17, 24, 18, 1], [19, 6, 20, 7], [21, 13, 22, 12], [23, 8, 24, 9], [1, 11, 2, 10], [3, 20, 4, 21], [5, 14, 6, 15], [7, 18, 8, 19], [9, 17, 10, 16], [11, 3, 12, 2]]"
12a_1237_157,"[[11, 3, 12, 2], [13, 4, 14, 5], [15, 23, 16, 22], [17, 24, 18, 1], [19, 6, 20, 7], [21, 13, 22, 12], [23, 8, 24, 9], [1, 11, 2, 10], [3, 20, 4, 21], [5, 14, 6, 15], [7, 18, 8, 19], [9, 17, 10, 16]]"
12a_1237_158,"[[9, 17, 10, 16], [11, 3, 12, 2], [13, 4, 14, 5], [15, 23, 16, 22], [17, 24, 18, 1], [19, 6, 20, 7], [21, 13, 22, 12], [23, 8, 24, 9], [1, 11, 2, 10], [3, 20, 4, 21], [5, 14, 6, 15], [7, 18, 8, 19]]"
12a_1237_159,"[[7, 18, 8, 19], [9, 17, 10, 16], [11, 3, 12, 2], [13, 4, 14, 5], [15, 23, 16, 22], [17, 24, 18, 1], [19, 6, 20, 7], [21, 13, 22, 12], [23, 8, 24, 9], [1, 11, 2, 10], [3, 20, 4, 21], [5, 14, 6, 15]]"
12a_1237_160,"[[5, 14, 6, 15], [7, 18, 8, 19], [9, 17, 10, 16], [11, 3, 12, 2], [13, 4, 14, 5], [15, 23, 16, 22], [17, 24, 18, 1], [19, 6, 20, 7], [21, 13, 22, 12], [23, 8, 24, 9], [1, 11, 2, 10], [3, 20, 4, 21]]"
12a_1237_161,"[[3, 20, 4, 21], [5, 14, 6, 15], [7, 18, 8, 19], [9, 17, 10, 16], [11, 3, 12, 2], [13, 4, 14, 5], [15, 23, 16, 22], [17, 24, 18, 1], [19, 6, 20, 7], [21, 13, 22, 12], [23, 8, 24, 9], [1, 11, 2, 10]]"
12a_1237_162,"[[1, 11, 2, 10], [3, 20, 4, 21], [5, 14, 6, 15], [7, 18, 8, 19], [9, 17, 10, 16], [11, 3, 12, 2], [13, 4, 14, 5], [15, 23, 16, 22], [17, 24, 18, 1], [19, 6, 20, 7], [21, 13, 22, 12], [23, 8, 24, 9]]"
12a_1237_163,"[[23, 8, 24, 9], [1, 11, 2, 10], [3, 20, 4, 21], [5, 14, 6, 15], [7, 18, 8, 19], [9, 17, 10, 16], [11, 3, 12, 2], [13, 4, 14, 5], [15, 23, 16, 22], [17, 24, 18, 1], [19, 6, 20, 7], [21, 13, 22, 12]]"
12a_1237_164,"[[21, 13, 22, 12], [23, 8, 24, 9], [1, 11, 2, 10], [3, 20, 4, 21], [5, 14, 6, 15], [7, 18, 8, 19], [9, 17, 10, 16], [11, 3, 12, 2], [13, 4, 14, 5], [15, 23, 16, 22], [17, 24, 18, 1], [19, 6, 20, 7]]"
12a_1237_165,"[[19, 6, 20, 7], [21, 13, 22, 12], [23, 8, 24, 9], [1, 11, 2, 10], [3, 20, 4, 21], [5, 14, 6, 15], [7, 18, 8, 19], [9, 17, 10, 16], [11, 3, 12, 2], [13, 4, 14, 5], [15, 23, 16, 22], [17, 24, 18, 1]]"
12a_1237_166,"[[17, 24, 18, 1], [19, 6, 20, 7], [21, 13, 22, 12], [23, 8, 24, 9], [1, 11, 2, 10], [3, 20, 4, 21], [5, 14, 6, 15], [7, 18, 8, 19], [9, 17, 10, 16], [11, 3, 12, 2], [13, 4, 14, 5], [15, 23, 16, 22]]"
12a_1237_167,"[[15, 23, 16, 22], [17, 24, 18, 1], [19, 6, 20, 7], [21, 13, 22, 12], [23, 8, 24, 9], [1, 11, 2, 10], [3, 20, 4, 21], [5, 14, 6, 15], [7, 18, 8, 19], [9, 17, 10, 16], [11, 3, 12, 2], [13, 4, 14, 5]]"
12a_1237_168,"[[14, 5, 15, 6], [16, 24, 17, 23], [18, 1, 19, 2], [20, 7, 21, 8], [22, 14, 23, 13], [24, 9, 1, 10], [2, 12, 3, 11], [4, 21, 5, 22], [6, 15, 7, 16], [8, 19, 9, 20], [10, 18, 11, 17], [12, 4, 13, 3]]"
12a_1237_169,"[[12, 4, 13, 3], [14, 5, 15, 6], [16, 24, 17, 23], [18, 1, 19, 2], [20, 7, 21, 8], [22, 14, 23, 13], [24, 9, 1, 10], [2, 12, 3, 11], [4, 21, 5, 22], [6, 15, 7, 16], [8, 19, 9, 20], [10, 18, 11, 17]]"
12a_1237_170,"[[10, 18, 11, 17], [12, 4, 13, 3], [14, 5, 15, 6], [16, 24, 17, 23], [18, 1, 19, 2], [20, 7, 21, 8], [22, 14, 23, 13], [24, 9, 1, 10], [2, 12, 3, 11], [4, 21, 5, 22], [6, 15, 7, 16], [8, 19, 9, 20]]"
12a_1237_171,"[[8, 19, 9, 20], [10, 18, 11, 17], [12, 4, 13, 3], [14, 5, 15, 6], [16, 24, 17, 23], [18, 1, 19, 2], [20, 7, 21, 8], [22, 14, 23, 13], [24, 9, 1, 10], [2, 12, 3, 11], [4, 21, 5, 22], [6, 15, 7, 16]]"
12a_1237_172,"[[6, 15, 7, 16], [8, 19, 9, 20], [10, 18, 11, 17], [12, 4, 13, 3], [14, 5, 15, 6], [16, 24, 17, 23], [18, 1, 19, 2], [20, 7, 21, 8], [22, 14, 23, 13], [24, 9, 1, 10], [2, 12, 3, 11], [4, 21, 5, 22]]"
12a_1237_173,"[[4, 21, 5, 22], [6, 15, 7, 16], [8, 19, 9, 20], [10, 18, 11, 17], [12, 4, 13, 3], [14, 5, 15, 6], [16, 24, 17, 23], [18, 1, 19, 2], [20, 7, 21, 8], [22, 14, 23, 13], [24, 9, 1, 10], [2, 12, 3, 11]]"
12a_1237_174,"[[2, 12, 3, 11], [4, 21, 5, 22], [6, 15, 7, 16], [8, 19, 9, 20], [10, 18, 11, 17], [12, 4, 13, 3], [14, 5, 15, 6], [16, 24, 17, 23], [18, 1, 19, 2], [20, 7, 21, 8], [22, 14, 23, 13], [24, 9, 1, 10]]"
12a_1237_175,"[[24, 9, 1, 10], [2, 12, 3, 11], [4, 21, 5, 22], [6, 15, 7, 16], [8, 19, 9, 20], [10, 18, 11, 17], [12, 4, 13, 3], [14, 5, 15, 6], [16, 24, 17, 23], [18, 1, 19, 2], [20, 7, 21, 8], [22, 14, 23, 13]]"
12a_1237_176,"[[22, 14, 23, 13], [24, 9, 1, 10], [2, 12, 3, 11], [4, 21, 5, 22], [6, 15, 7, 16], [8, 19, 9, 20], [10, 18, 11, 17], [12, 4, 13, 3], [14, 5, 15, 6], [16, 24, 17, 23], [18, 1, 19, 2], [20, 7, 21, 8]]"
12a_1237_177,"[[20, 7, 21, 8], [22, 14, 23, 13], [24, 9, 1, 10], [2, 12, 3, 11], [4, 21, 5, 22], [6, 15, 7, 16], [8, 19, 9, 20], [10, 18, 11, 17], [12, 4, 13, 3], [14, 5, 15, 6], [16, 24, 17, 23], [18, 1, 19, 2]]"
12a_1237_178,"[[18, 1, 19, 2], [20, 7, 21, 8], [22, 14, 23, 13], [24, 9, 1, 10], [2, 12, 3, 11], [4, 21, 5, 22], [6, 15, 7, 16], [8, 19, 9, 20], [10, 18, 11, 17], [12, 4, 13, 3], [14, 5, 15, 6], [16, 24, 17, 23]]"
12a_1237_179,"[[16, 24, 17, 23], [18, 1, 19, 2], [20, 7, 21, 8], [22, 14, 23, 13], [24, 9, 1, 10], [2, 12, 3, 11], [4, 21, 5, 22], [6, 15, 7, 16], [8, 19, 9, 20], [10, 18, 11, 17], [12, 4, 13, 3], [14, 5, 15, 6]]"
12a_1237_180,"[[15, 6, 16, 7], [17, 1, 18, 24], [19, 2, 20, 3], [21, 8, 22, 9], [23, 15, 24, 14], [1, 10, 2, 11], [3, 13, 4, 12], [5, 22, 6, 23], [7, 16, 8, 17], [9, 20, 10, 21], [11, 19, 12, 18], [13, 5, 14, 4]]"
12a_1237_181,"[[13, 5, 14, 4], [15, 6, 16, 7], [17, 1, 18, 24], [19, 2, 20, 3], [21, 8, 22, 9], [23, 15, 24, 14], [1, 10, 2, 11], [3, 13, 4, 12], [5, 22, 6, 23], [7, 16, 8, 17], [9, 20, 10, 21], [11, 19, 12, 18]]"
12a_1237_182,"[[11, 19, 12, 18], [13, 5, 14, 4], [15, 6, 16, 7], [17, 1, 18, 24], [19, 2, 20, 3], [21, 8, 22, 9], [23, 15, 24, 14], [1, 10, 2, 11], [3, 13, 4, 12], [5, 22, 6, 23], [7, 16, 8, 17], [9, 20, 10, 21]]"
12a_1237_183,"[[9, 20, 10, 21], [11, 19, 12, 18], [13, 5, 14, 4], [15, 6, 16, 7], [17, 1, 18, 24], [19, 2, 20, 3], [21, 8, 22, 9], [23, 15, 24, 14], [1, 10, 2, 11], [3, 13, 4, 12], [5, 22, 6, 23], [7, 16, 8, 17]]"
12a_1237_184,"[[7, 16, 8, 17], [9, 20, 10, 21], [11, 19, 12, 18], [13, 5, 14, 4], [15, 6, 16, 7], [17, 1, 18, 24], [19, 2, 20, 3], [21, 8, 22, 9], [23, 15, 24, 14], [1, 10, 2, 11], [3, 13, 4, 12], [5, 22, 6, 23]]"
12a_1237_185,"[[5, 22, 6, 23], [7, 16, 8, 17], [9, 20, 10, 21], [11, 19, 12, 18], [13, 5, 14, 4], [15, 6, 16, 7], [17, 1, 18, 24], [19, 2, 20, 3], [21, 8, 22, 9], [23, 15, 24, 14], [1, 10, 2, 11], [3, 13, 4, 12]]"
