name,pd_notation
12a_1229_0,"[[24, 17, 1, 18], [2, 10, 3, 9], [4, 11, 5, 12], [6, 15, 7, 16], [8, 2, 9, 1], [10, 20, 11, 19], [12, 5, 13, 6], [14, 22, 15, 21], [16, 23, 17, 24], [18, 3, 19, 4], [20, 14, 21, 13], [22, 8, 23, 7]]"
12a_1229_1,"[[22, 8, 23, 7], [24, 17, 1, 18], [2, 10, 3, 9], [4, 11, 5, 12], [6, 15, 7, 16], [8, 2, 9, 1], [10, 20, 11, 19], [12, 5, 13, 6], [14, 22, 15, 21], [16, 23, 17, 24], [18, 3, 19, 4], [20, 14, 21, 13]]"
12a_1229_2,"[[20, 14, 21, 13], [22, 8, 23, 7], [24, 17, 1, 18], [2, 10, 3, 9], [4, 11, 5, 12], [6, 15, 7, 16], [8, 2, 9, 1], [10, 20, 11, 19], [12, 5, 13, 6], [14, 22, 15, 21], [16, 23, 17, 24], [18, 3, 19, 4]]"
12a_1229_3,"[[18, 3, 19, 4], [20, 14, 21, 13], [22, 8, 23, 7], [24, 17, 1, 18], [2, 10, 3, 9], [4, 11, 5, 12], [6, 15, 7, 16], [8, 2, 9, 1], [10, 20, 11, 19], [12, 5, 13, 6], [14, 22, 15, 21], [16, 23, 17, 24]]"
12a_1229_4,"[[16, 23, 17, 24], [18, 3, 19, 4], [20, 14, 21, 13], [22, 8, 23, 7], [24, 17, 1, 18], [2, 10, 3, 9], [4, 11, 5, 12], [6, 15, 7, 16], [8, 2, 9, 1], [10, 20, 11, 19], [12, 5, 13, 6], [14, 22, 15, 21]]"
12a_1229_5,"[[14, 22, 15, 21], [16, 23, 17, 24], [18, 3, 19, 4], [20, 14, 21, 13], [22, 8, 23, 7], [24, 17, 1, 18], [2, 10, 3, 9], [4, 11, 5, 12], [6, 15, 7, 16], [8, 2, 9, 1], [10, 20, 11, 19], [12, 5, 13, 6]]"
12a_1229_6,"[[12, 5, 13, 6], [14, 22, 15, 21], [16, 23, 17, 24], [18, 3, 19, 4], [20, 14, 21, 13], [22, 8, 23, 7], [24, 17, 1, 18], [2, 10, 3, 9], [4, 11, 5, 12], [6, 15, 7, 16], [8, 2, 9, 1], [10, 20, 11, 19]]"
12a_1229_7,"[[10, 20, 11, 19], [12, 5, 13, 6], [14, 22, 15, 21], [16, 23, 17, 24], [18, 3, 19, 4], [20, 14, 21, 13], [22, 8, 23, 7], [24, 17, 1, 18], [2, 10, 3, 9], [4, 11, 5, 12], [6, 15, 7, 16], [8, 2, 9, 1]]"
12a_1229_8,"[[8, 2, 9, 1], [10, 20, 11, 19], [12, 5, 13, 6], [14, 22, 15, 21], [16, 23, 17, 24], [18, 3, 19, 4], [20, 14, 21, 13], [22, 8, 23, 7], [24, 17, 1, 18], [2, 10, 3, 9], [4, 11, 5, 12], [6, 15, 7, 16]]"
12a_1229_9,"[[6, 15, 7, 16], [8, 2, 9, 1], [10, 20, 11, 19], [12, 5, 13, 6], [14, 22, 15, 21], [16, 23, 17, 24], [18, 3, 19, 4], [20, 14, 21, 13], [22, 8, 23, 7], [24, 17, 1, 18], [2, 10, 3, 9], [4, 11, 5, 12]]"
12a_1229_10,"[[4, 11, 5, 12], [6, 15, 7, 16], [8, 2, 9, 1], [10, 20, 11, 19], [12, 5, 13, 6], [14, 22, 15, 21], [16, 23, 17, 24], [18, 3, 19, 4], [20, 14, 21, 13], [22, 8, 23, 7], [24, 17, 1, 18], [2, 10, 3, 9]]"
12a_1229_11,"[[2, 10, 3, 9], [4, 11, 5, 12], [6, 15, 7, 16], [8, 2, 9, 1], [10, 20, 11, 19], [12, 5, 13, 6], [14, 22, 15, 21], [16, 23, 17, 24], [18, 3, 19, 4], [20, 14, 21, 13], [22, 8, 23, 7], [24, 17, 1, 18]]"
12a_1229_12,"[[1, 18, 2, 19], [3, 11, 4, 10], [5, 12, 6, 13], [7, 16, 8, 17], [9, 3, 10, 2], [11, 21, 12, 20], [13, 6, 14, 7], [15, 23, 16, 22], [17, 24, 18, 1], [19, 4, 20, 5], [21, 15, 22, 14], [23, 9, 24, 8]]"
12a_1229_13,"[[23, 9, 24, 8], [1, 18, 2, 19], [3, 11, 4, 10], [5, 12, 6, 13], [7, 16, 8, 17], [9, 3, 10, 2], [11, 21, 12, 20], [13, 6, 14, 7], [15, 23, 16, 22], [17, 24, 18, 1], [19, 4, 20, 5], [21, 15, 22, 14]]"
12a_1229_14,"[[21, 15, 22, 14], [23, 9, 24, 8], [1, 18, 2, 19], [3, 11, 4, 10], [5, 12, 6, 13], [7, 16, 8, 17], [9, 3, 10, 2], [11, 21, 12, 20], [13, 6, 14, 7], [15, 23, 16, 22], [17, 24, 18, 1], [19, 4, 20, 5]]"
12a_1229_15,"[[19, 4, 20, 5], [21, 15, 22, 14], [23, 9, 24, 8], [1, 18, 2, 19], [3, 11, 4, 10], [5, 12, 6, 13], [7, 16, 8, 17], [9, 3, 10, 2], [11, 21, 12, 20], [13, 6, 14, 7], [15, 23, 16, 22], [17, 24, 18, 1]]"
12a_1229_16,"[[17, 24, 18, 1], [19, 4, 20, 5], [21, 15, 22, 14], [23, 9, 24, 8], [1, 18, 2, 19], [3, 11, 4, 10], [5, 12, 6, 13], [7, 16, 8, 17], [9, 3, 10, 2], [11, 21, 12, 20], [13, 6, 14, 7], [15, 23, 16, 22]]"
12a_1229_17,"[[15, 23, 16, 22], [17, 24, 18, 1], [19, 4, 20, 5], [21, 15, 22, 14], [23, 9, 24, 8], [1, 18, 2, 19], [3, 11, 4, 10], [5, 12, 6, 13], [7, 16, 8, 17], [9, 3, 10, 2], [11, 21, 12, 20], [13, 6, 14, 7]]"
12a_1229_18,"[[13, 6, 14, 7], [15, 23, 16, 22], [17, 24, 18, 1], [19, 4, 20, 5], [21, 15, 22, 14], [23, 9, 24, 8], [1, 18, 2, 19], [3, 11, 4, 10], [5, 12, 6, 13], [7, 16, 8, 17], [9, 3, 10, 2], [11, 21, 12, 20]]"
12a_1229_19,"[[11, 21, 12, 20], [13, 6, 14, 7], [15, 23, 16, 22], [17, 24, 18, 1], [19, 4, 20, 5], [21, 15, 22, 14], [23, 9, 24, 8], [1, 18, 2, 19], [3, 11, 4, 10], [5, 12, 6, 13], [7, 16, 8, 17], [9, 3, 10, 2]]"
12a_1229_20,"[[9, 3, 10, 2], [11, 21, 12, 20], [13, 6, 14, 7], [15, 23, 16, 22], [17, 24, 18, 1], [19, 4, 20, 5], [21, 15, 22, 14], [23, 9, 24, 8], [1, 18, 2, 19], [3, 11, 4, 10], [5, 12, 6, 13], [7, 16, 8, 17]]"
12a_1229_21,"[[7, 16, 8, 17], [9, 3, 10, 2], [11, 21, 12, 20], [13, 6, 14, 7], [15, 23, 16, 22], [17, 24, 18, 1], [19, 4, 20, 5], [21, 15, 22, 14], [23, 9, 24, 8], [1, 18, 2, 19], [3, 11, 4, 10], [5, 12, 6, 13]]"
12a_1229_22,"[[5, 12, 6, 13], [7, 16, 8, 17], [9, 3, 10, 2], [11, 21, 12, 20], [13, 6, 14, 7], [15, 23, 16, 22], [17, 24, 18, 1], [19, 4, 20, 5], [21, 15, 22, 14], [23, 9, 24, 8], [1, 18, 2, 19], [3, 11, 4, 10]]"
12a_1229_23,"[[3, 11, 4, 10], [5, 12, 6, 13], [7, 16, 8, 17], [9, 3, 10, 2], [11, 21, 12, 20], [13, 6, 14, 7], [15, 23, 16, 22], [17, 24, 18, 1], [19, 4, 20, 5], [21, 15, 22, 14], [23, 9, 24, 8], [1, 18, 2, 19]]"
12a_1229_24,"[[2, 19, 3, 20], [4, 12, 5, 11], [6, 13, 7, 14], [8, 17, 9, 18], [10, 4, 11, 3], [12, 22, 13, 21], [14, 7, 15, 8], [16, 24, 17, 23], [18, 1, 19, 2], [20, 5, 21, 6], [22, 16, 23, 15], [24, 10, 1, 9]]"
12a_1229_25,"[[24, 10, 1, 9], [2, 19, 3, 20], [4, 12, 5, 11], [6, 13, 7, 14], [8, 17, 9, 18], [10, 4, 11, 3], [12, 22, 13, 21], [14, 7, 15, 8], [16, 24, 17, 23], [18, 1, 19, 2], [20, 5, 21, 6], [22, 16, 23, 15]]"
12a_1229_26,"[[22, 16, 23, 15], [24, 10, 1, 9], [2, 19, 3, 20], [4, 12, 5, 11], [6, 13, 7, 14], [8, 17, 9, 18], [10, 4, 11, 3], [12, 22, 13, 21], [14, 7, 15, 8], [16, 24, 17, 23], [18, 1, 19, 2], [20, 5, 21, 6]]"
12a_1229_27,"[[20, 5, 21, 6], [22, 16, 23, 15], [24, 10, 1, 9], [2, 19, 3, 20], [4, 12, 5, 11], [6, 13, 7, 14], [8, 17, 9, 18], [10, 4, 11, 3], [12, 22, 13, 21], [14, 7, 15, 8], [16, 24, 17, 23], [18, 1, 19, 2]]"
12a_1229_28,"[[18, 1, 19, 2], [20, 5, 21, 6], [22, 16, 23, 15], [24, 10, 1, 9], [2, 19, 3, 20], [4, 12, 5, 11], [6, 13, 7, 14], [8, 17, 9, 18], [10, 4, 11, 3], [12, 22, 13, 21], [14, 7, 15, 8], [16, 24, 17, 23]]"
12a_1229_29,"[[16, 24, 17, 23], [18, 1, 19, 2], [20, 5, 21, 6], [22, 16, 23, 15], [24, 10, 1, 9], [2, 19, 3, 20], [4, 12, 5, 11], [6, 13, 7, 14], [8, 17, 9, 18], [10, 4, 11, 3], [12, 22, 13, 21], [14, 7, 15, 8]]"
12a_1229_30,"[[14, 7, 15, 8], [16, 24, 17, 23], [18, 1, 19, 2], [20, 5, 21, 6], [22, 16, 23, 15], [24, 10, 1, 9], [2, 19, 3, 20], [4, 12, 5, 11], [6, 13, 7, 14], [8, 17, 9, 18], [10, 4, 11, 3], [12, 22, 13, 21]]"
12a_1229_31,"[[12, 22, 13, 21], [14, 7, 15, 8], [16, 24, 17, 23], [18, 1, 19, 2], [20, 5, 21, 6], [22, 16, 23, 15], [24, 10, 1, 9], [2, 19, 3, 20], [4, 12, 5, 11], [6, 13, 7, 14], [8, 17, 9, 18], [10, 4, 11, 3]]"
12a_1229_32,"[[10, 4, 11, 3], [12, 22, 13, 21], [14, 7, 15, 8], [16, 24, 17, 23], [18, 1, 19, 2], [20, 5, 21, 6], [22, 16, 23, 15], [24, 10, 1, 9], [2, 19, 3, 20], [4, 12, 5, 11], [6, 13, 7, 14], [8, 17, 9, 18]]"
12a_1229_33,"[[8, 17, 9, 18], [10, 4, 11, 3], [12, 22, 13, 21], [14, 7, 15, 8], [16, 24, 17, 23], [18, 1, 19, 2], [20, 5, 21, 6], [22, 16, 23, 15], [24, 10, 1, 9], [2, 19, 3, 20], [4, 12, 5, 11], [6, 13, 7, 14]]"
12a_1229_34,"[[6, 13, 7, 14], [8, 17, 9, 18], [10, 4, 11, 3], [12, 22, 13, 21], [14, 7, 15, 8], [16, 24, 17, 23], [18, 1, 19, 2], [20, 5, 21, 6], [22, 16, 23, 15], [24, 10, 1, 9], [2, 19, 3, 20], [4, 12, 5, 11]]"
12a_1229_35,"[[4, 12, 5, 11], [6, 13, 7, 14], [8, 17, 9, 18], [10, 4, 11, 3], [12, 22, 13, 21], [14, 7, 15, 8], [16, 24, 17, 23], [18, 1, 19, 2], [20, 5, 21, 6], [22, 16, 23, 15], [24, 10, 1, 9], [2, 19, 3, 20]]"
12a_1229_36,"[[3, 20, 4, 21], [5, 13, 6, 12], [7, 14, 8, 15], [9, 18, 10, 19], [11, 5, 12, 4], [13, 23, 14, 22], [15, 8, 16, 9], [17, 1, 18, 24], [19, 2, 20, 3], [21, 6, 22, 7], [23, 17, 24, 16], [1, 11, 2, 10]]"
12a_1229_37,"[[1, 11, 2, 10], [3, 20, 4, 21], [5, 13, 6, 12], [7, 14, 8, 15], [9, 18, 10, 19], [11, 5, 12, 4], [13, 23, 14, 22], [15, 8, 16, 9], [17, 1, 18, 24], [19, 2, 20, 3], [21, 6, 22, 7], [23, 17, 24, 16]]"
12a_1229_38,"[[23, 17, 24, 16], [1, 11, 2, 10], [3, 20, 4, 21], [5, 13, 6, 12], [7, 14, 8, 15], [9, 18, 10, 19], [11, 5, 12, 4], [13, 23, 14, 22], [15, 8, 16, 9], [17, 1, 18, 24], [19, 2, 20, 3], [21, 6, 22, 7]]"
12a_1229_39,"[[21, 6, 22, 7], [23, 17, 24, 16], [1, 11, 2, 10], [3, 20, 4, 21], [5, 13, 6, 12], [7, 14, 8, 15], [9, 18, 10, 19], [11, 5, 12, 4], [13, 23, 14, 22], [15, 8, 16, 9], [17, 1, 18, 24], [19, 2, 20, 3]]"
12a_1229_40,"[[19, 2, 20, 3], [21, 6, 22, 7], [23, 17, 24, 16], [1, 11, 2, 10], [3, 20, 4, 21], [5, 13, 6, 12], [7, 14, 8, 15], [9, 18, 10, 19], [11, 5, 12, 4], [13, 23, 14, 22], [15, 8, 16, 9], [17, 1, 18, 24]]"
12a_1229_41,"[[17, 1, 18, 24], [19, 2, 20, 3], [21, 6, 22, 7], [23, 17, 24, 16], [1, 11, 2, 10], [3, 20, 4, 21], [5, 13, 6, 12], [7, 14, 8, 15], [9, 18, 10, 19], [11, 5, 12, 4], [13, 23, 14, 22], [15, 8, 16, 9]]"
12a_1229_42,"[[15, 8, 16, 9], [17, 1, 18, 24], [19, 2, 20, 3], [21, 6, 22, 7], [23, 17, 24, 16], [1, 11, 2, 10], [3, 20, 4, 21], [5, 13, 6, 12], [7, 14, 8, 15], [9, 18, 10, 19], [11, 5, 12, 4], [13, 23, 14, 22]]"
12a_1229_43,"[[13, 23, 14, 22], [15, 8, 16, 9], [17, 1, 18, 24], [19, 2, 20, 3], [21, 6, 22, 7], [23, 17, 24, 16], [1, 11, 2, 10], [3, 20, 4, 21], [5, 13, 6, 12], [7, 14, 8, 15], [9, 18, 10, 19], [11, 5, 12, 4]]"
12a_1229_44,"[[11, 5, 12, 4], [13, 23, 14, 22], [15, 8, 16, 9], [17, 1, 18, 24], [19, 2, 20, 3], [21, 6, 22, 7], [23, 17, 24, 16], [1, 11, 2, 10], [3, 20, 4, 21], [5, 13, 6, 12], [7, 14, 8, 15], [9, 18, 10, 19]]"
12a_1229_45,"[[9, 18, 10, 19], [11, 5, 12, 4], [13, 23, 14, 22], [15, 8, 16, 9], [17, 1, 18, 24], [19, 2, 20, 3], [21, 6, 22, 7], [23, 17, 24, 16], [1, 11, 2, 10], [3, 20, 4, 21], [5, 13, 6, 12], [7, 14, 8, 15]]"
12a_1229_46,"[[7, 14, 8, 15], [9, 18, 10, 19], [11, 5, 12, 4], [13, 23, 14, 22], [15, 8, 16, 9], [17, 1, 18, 24], [19, 2, 20, 3], [21, 6, 22, 7], [23, 17, 24, 16], [1, 11, 2, 10], [3, 20, 4, 21], [5, 13, 6, 12]]"
12a_1229_47,"[[5, 13, 6, 12], [7, 14, 8, 15], [9, 18, 10, 19], [11, 5, 12, 4], [13, 23, 14, 22], [15, 8, 16, 9], [17, 1, 18, 24], [19, 2, 20, 3], [21, 6, 22, 7], [23, 17, 24, 16], [1, 11, 2, 10], [3, 20, 4, 21]]"
12a_1229_48,"[[4, 21, 5, 22], [6, 14, 7, 13], [8, 15, 9, 16], [10, 19, 11, 20], [12, 6, 13, 5], [14, 24, 15, 23], [16, 9, 17, 10], [18, 2, 19, 1], [20, 3, 21, 4], [22, 7, 23, 8], [24, 18, 1, 17], [2, 12, 3, 11]]"
12a_1229_49,"[[2, 12, 3, 11], [4, 21, 5, 22], [6, 14, 7, 13], [8, 15, 9, 16], [10, 19, 11, 20], [12, 6, 13, 5], [14, 24, 15, 23], [16, 9, 17, 10], [18, 2, 19, 1], [20, 3, 21, 4], [22, 7, 23, 8], [24, 18, 1, 17]]"
12a_1229_50,"[[24, 18, 1, 17], [2, 12, 3, 11], [4, 21, 5, 22], [6, 14, 7, 13], [8, 15, 9, 16], [10, 19, 11, 20], [12, 6, 13, 5], [14, 24, 15, 23], [16, 9, 17, 10], [18, 2, 19, 1], [20, 3, 21, 4], [22, 7, 23, 8]]"
12a_1229_51,"[[22, 7, 23, 8], [24, 18, 1, 17], [2, 12, 3, 11], [4, 21, 5, 22], [6, 14, 7, 13], [8, 15, 9, 16], [10, 19, 11, 20], [12, 6, 13, 5], [14, 24, 15, 23], [16, 9, 17, 10], [18, 2, 19, 1], [20, 3, 21, 4]]"
12a_1229_52,"[[20, 3, 21, 4], [22, 7, 23, 8], [24, 18, 1, 17], [2, 12, 3, 11], [4, 21, 5, 22], [6, 14, 7, 13], [8, 15, 9, 16], [10, 19, 11, 20], [12, 6, 13, 5], [14, 24, 15, 23], [16, 9, 17, 10], [18, 2, 19, 1]]"
12a_1229_53,"[[18, 2, 19, 1], [20, 3, 21, 4], [22, 7, 23, 8], [24, 18, 1, 17], [2, 12, 3, 11], [4, 21, 5, 22], [6, 14, 7, 13], [8, 15, 9, 16], [10, 19, 11, 20], [12, 6, 13, 5], [14, 24, 15, 23], [16, 9, 17, 10]]"
12a_1229_54,"[[16, 9, 17, 10], [18, 2, 19, 1], [20, 3, 21, 4], [22, 7, 23, 8], [24, 18, 1, 17], [2, 12, 3, 11], [4, 21, 5, 22], [6, 14, 7, 13], [8, 15, 9, 16], [10, 19, 11, 20], [12, 6, 13, 5], [14, 24, 15, 23]]"
12a_1229_55,"[[14, 24, 15, 23], [16, 9, 17, 10], [18, 2, 19, 1], [20, 3, 21, 4], [22, 7, 23, 8], [24, 18, 1, 17], [2, 12, 3, 11], [4, 21, 5, 22], [6, 14, 7, 13], [8, 15, 9, 16], [10, 19, 11, 20], [12, 6, 13, 5]]"
12a_1229_56,"[[12, 6, 13, 5], [14, 24, 15, 23], [16, 9, 17, 10], [18, 2, 19, 1], [20, 3, 21, 4], [22, 7, 23, 8], [24, 18, 1, 17], [2, 12, 3, 11], [4, 21, 5, 22], [6, 14, 7, 13], [8, 15, 9, 16], [10, 19, 11, 20]]"
12a_1229_57,"[[10, 19, 11, 20], [12, 6, 13, 5], [14, 24, 15, 23], [16, 9, 17, 10], [18, 2, 19, 1], [20, 3, 21, 4], [22, 7, 23, 8], [24, 18, 1, 17], [2, 12, 3, 11], [4, 21, 5, 22], [6, 14, 7, 13], [8, 15, 9, 16]]"
12a_1229_58,"[[8, 15, 9, 16], [10, 19, 11, 20], [12, 6, 13, 5], [14, 24, 15, 23], [16, 9, 17, 10], [18, 2, 19, 1], [20, 3, 21, 4], [22, 7, 23, 8], [24, 18, 1, 17], [2, 12, 3, 11], [4, 21, 5, 22], [6, 14, 7, 13]]"
12a_1229_59,"[[6, 14, 7, 13], [8, 15, 9, 16], [10, 19, 11, 20], [12, 6, 13, 5], [14, 24, 15, 23], [16, 9, 17, 10], [18, 2, 19, 1], [20, 3, 21, 4], [22, 7, 23, 8], [24, 18, 1, 17], [2, 12, 3, 11], [4, 21, 5, 22]]"
12a_1229_60,"[[5, 22, 6, 23], [7, 15, 8, 14], [9, 16, 10, 17], [11, 20, 12, 21], [13, 7, 14, 6], [15, 1, 16, 24], [17, 10, 18, 11], [19, 3, 20, 2], [21, 4, 22, 5], [23, 8, 24, 9], [1, 19, 2, 18], [3, 13, 4, 12]]"
12a_1229_61,"[[3, 13, 4, 12], [5, 22, 6, 23], [7, 15, 8, 14], [9, 16, 10, 17], [11, 20, 12, 21], [13, 7, 14, 6], [15, 1, 16, 24], [17, 10, 18, 11], [19, 3, 20, 2], [21, 4, 22, 5], [23, 8, 24, 9], [1, 19, 2, 18]]"
12a_1229_62,"[[1, 19, 2, 18], [3, 13, 4, 12], [5, 22, 6, 23], [7, 15, 8, 14], [9, 16, 10, 17], [11, 20, 12, 21], [13, 7, 14, 6], [15, 1, 16, 24], [17, 10, 18, 11], [19, 3, 20, 2], [21, 4, 22, 5], [23, 8, 24, 9]]"
12a_1229_63,"[[23, 8, 24, 9], [1, 19, 2, 18], [3, 13, 4, 12], [5, 22, 6, 23], [7, 15, 8, 14], [9, 16, 10, 17], [11, 20, 12, 21], [13, 7, 14, 6], [15, 1, 16, 24], [17, 10, 18, 11], [19, 3, 20, 2], [21, 4, 22, 5]]"
12a_1229_64,"[[21, 4, 22, 5], [23, 8, 24, 9], [1, 19, 2, 18], [3, 13, 4, 12], [5, 22, 6, 23], [7, 15, 8, 14], [9, 16, 10, 17], [11, 20, 12, 21], [13, 7, 14, 6], [15, 1, 16, 24], [17, 10, 18, 11], [19, 3, 20, 2]]"
12a_1229_65,"[[19, 3, 20, 2], [21, 4, 22, 5], [23, 8, 24, 9], [1, 19, 2, 18], [3, 13, 4, 12], [5, 22, 6, 23], [7, 15, 8, 14], [9, 16, 10, 17], [11, 20, 12, 21], [13, 7, 14, 6], [15, 1, 16, 24], [17, 10, 18, 11]]"
12a_1229_66,"[[17, 10, 18, 11], [19, 3, 20, 2], [21, 4, 22, 5], [23, 8, 24, 9], [1, 19, 2, 18], [3, 13, 4, 12], [5, 22, 6, 23], [7, 15, 8, 14], [9, 16, 10, 17], [11, 20, 12, 21], [13, 7, 14, 6], [15, 1, 16, 24]]"
12a_1229_67,"[[15, 1, 16, 24], [17, 10, 18, 11], [19, 3, 20, 2], [21, 4, 22, 5], [23, 8, 24, 9], [1, 19, 2, 18], [3, 13, 4, 12], [5, 22, 6, 23], [7, 15, 8, 14], [9, 16, 10, 17], [11, 20, 12, 21], [13, 7, 14, 6]]"
12a_1229_68,"[[13, 7, 14, 6], [15, 1, 16, 24], [17, 10, 18, 11], [19, 3, 20, 2], [21, 4, 22, 5], [23, 8, 24, 9], [1, 19, 2, 18], [3, 13, 4, 12], [5, 22, 6, 23], [7, 15, 8, 14], [9, 16, 10, 17], [11, 20, 12, 21]]"
12a_1229_69,"[[11, 20, 12, 21], [13, 7, 14, 6], [15, 1, 16, 24], [17, 10, 18, 11], [19, 3, 20, 2], [21, 4, 22, 5], [23, 8, 24, 9], [1, 19, 2, 18], [3, 13, 4, 12], [5, 22, 6, 23], [7, 15, 8, 14], [9, 16, 10, 17]]"
12a_1229_70,"[[9, 16, 10, 17], [11, 20, 12, 21], [13, 7, 14, 6], [15, 1, 16, 24], [17, 10, 18, 11], [19, 3, 20, 2], [21, 4, 22, 5], [23, 8, 24, 9], [1, 19, 2, 18], [3, 13, 4, 12], [5, 22, 6, 23], [7, 15, 8, 14]]"
12a_1229_71,"[[7, 15, 8, 14], [9, 16, 10, 17], [11, 20, 12, 21], [13, 7, 14, 6], [15, 1, 16, 24], [17, 10, 18, 11], [19, 3, 20, 2], [21, 4, 22, 5], [23, 8, 24, 9], [1, 19, 2, 18], [3, 13, 4, 12], [5, 22, 6, 23]]"
12a_1229_72,"[[6, 23, 7, 24], [8, 16, 9, 15], [10, 17, 11, 18], [12, 21, 13, 22], [14, 8, 15, 7], [16, 2, 17, 1], [18, 11, 19, 12], [20, 4, 21, 3], [22, 5, 23, 6], [24, 9, 1, 10], [2, 20, 3, 19], [4, 14, 5, 13]]"
12a_1229_73,"[[4, 14, 5, 13], [6, 23, 7, 24], [8, 16, 9, 15], [10, 17, 11, 18], [12, 21, 13, 22], [14, 8, 15, 7], [16, 2, 17, 1], [18, 11, 19, 12], [20, 4, 21, 3], [22, 5, 23, 6], [24, 9, 1, 10], [2, 20, 3, 19]]"
12a_1229_74,"[[2, 20, 3, 19], [4, 14, 5, 13], [6, 23, 7, 24], [8, 16, 9, 15], [10, 17, 11, 18], [12, 21, 13, 22], [14, 8, 15, 7], [16, 2, 17, 1], [18, 11, 19, 12], [20, 4, 21, 3], [22, 5, 23, 6], [24, 9, 1, 10]]"
12a_1229_75,"[[24, 9, 1, 10], [2, 20, 3, 19], [4, 14, 5, 13], [6, 23, 7, 24], [8, 16, 9, 15], [10, 17, 11, 18], [12, 21, 13, 22], [14, 8, 15, 7], [16, 2, 17, 1], [18, 11, 19, 12], [20, 4, 21, 3], [22, 5, 23, 6]]"
12a_1229_76,"[[22, 5, 23, 6], [24, 9, 1, 10], [2, 20, 3, 19], [4, 14, 5, 13], [6, 23, 7, 24], [8, 16, 9, 15], [10, 17, 11, 18], [12, 21, 13, 22], [14, 8, 15, 7], [16, 2, 17, 1], [18, 11, 19, 12], [20, 4, 21, 3]]"
12a_1229_77,"[[20, 4, 21, 3], [22, 5, 23, 6], [24, 9, 1, 10], [2, 20, 3, 19], [4, 14, 5, 13], [6, 23, 7, 24], [8, 16, 9, 15], [10, 17, 11, 18], [12, 21, 13, 22], [14, 8, 15, 7], [16, 2, 17, 1], [18, 11, 19, 12]]"
12a_1229_78,"[[18, 11, 19, 12], [20, 4, 21, 3], [22, 5, 23, 6], [24, 9, 1, 10], [2, 20, 3, 19], [4, 14, 5, 13], [6, 23, 7, 24], [8, 16, 9, 15], [10, 17, 11, 18], [12, 21, 13, 22], [14, 8, 15, 7], [16, 2, 17, 1]]"
12a_1229_79,"[[16, 2, 17, 1], [18, 11, 19, 12], [20, 4, 21, 3], [22, 5, 23, 6], [24, 9, 1, 10], [2, 20, 3, 19], [4, 14, 5, 13], [6, 23, 7, 24], [8, 16, 9, 15], [10, 17, 11, 18], [12, 21, 13, 22], [14, 8, 15, 7]]"
12a_1229_80,"[[14, 8, 15, 7], [16, 2, 17, 1], [18, 11, 19, 12], [20, 4, 21, 3], [22, 5, 23, 6], [24, 9, 1, 10], [2, 20, 3, 19], [4, 14, 5, 13], [6, 23, 7, 24], [8, 16, 9, 15], [10, 17, 11, 18], [12, 21, 13, 22]]"
12a_1229_81,"[[12, 21, 13, 22], [14, 8, 15, 7], [16, 2, 17, 1], [18, 11, 19, 12], [20, 4, 21, 3], [22, 5, 23, 6], [24, 9, 1, 10], [2, 20, 3, 19], [4, 14, 5, 13], [6, 23, 7, 24], [8, 16, 9, 15], [10, 17, 11, 18]]"
12a_1229_82,"[[10, 17, 11, 18], [12, 21, 13, 22], [14, 8, 15, 7], [16, 2, 17, 1], [18, 11, 19, 12], [20, 4, 21, 3], [22, 5, 23, 6], [24, 9, 1, 10], [2, 20, 3, 19], [4, 14, 5, 13], [6, 23, 7, 24], [8, 16, 9, 15]]"
12a_1229_83,"[[8, 16, 9, 15], [10, 17, 11, 18], [12, 21, 13, 22], [14, 8, 15, 7], [16, 2, 17, 1], [18, 11, 19, 12], [20, 4, 21, 3], [22, 5, 23, 6], [24, 9, 1, 10], [2, 20, 3, 19], [4, 14, 5, 13], [6, 23, 7, 24]]"
12a_1229_84,"[[7, 24, 8, 1], [9, 17, 10, 16], [11, 18, 12, 19], [13, 22, 14, 23], [15, 9, 16, 8], [17, 3, 18, 2], [19, 12, 20, 13], [21, 5, 22, 4], [23, 6, 24, 7], [1, 10, 2, 11], [3, 21, 4, 20], [5, 15, 6, 14]]"
12a_1229_85,"[[5, 15, 6, 14], [7, 24, 8, 1], [9, 17, 10, 16], [11, 18, 12, 19], [13, 22, 14, 23], [15, 9, 16, 8], [17, 3, 18, 2], [19, 12, 20, 13], [21, 5, 22, 4], [23, 6, 24, 7], [1, 10, 2, 11], [3, 21, 4, 20]]"
12a_1229_86,"[[3, 21, 4, 20], [5, 15, 6, 14], [7, 24, 8, 1], [9, 17, 10, 16], [11, 18, 12, 19], [13, 22, 14, 23], [15, 9, 16, 8], [17, 3, 18, 2], [19, 12, 20, 13], [21, 5, 22, 4], [23, 6, 24, 7], [1, 10, 2, 11]]"
12a_1229_87,"[[1, 10, 2, 11], [3, 21, 4, 20], [5, 15, 6, 14], [7, 24, 8, 1], [9, 17, 10, 16], [11, 18, 12, 19], [13, 22, 14, 23], [15, 9, 16, 8], [17, 3, 18, 2], [19, 12, 20, 13], [21, 5, 22, 4], [23, 6, 24, 7]]"
12a_1229_88,"[[23, 6, 24, 7], [1, 10, 2, 11], [3, 21, 4, 20], [5, 15, 6, 14], [7, 24, 8, 1], [9, 17, 10, 16], [11, 18, 12, 19], [13, 22, 14, 23], [15, 9, 16, 8], [17, 3, 18, 2], [19, 12, 20, 13], [21, 5, 22, 4]]"
12a_1229_89,"[[21, 5, 22, 4], [23, 6, 24, 7], [1, 10, 2, 11], [3, 21, 4, 20], [5, 15, 6, 14], [7, 24, 8, 1], [9, 17, 10, 16], [11, 18, 12, 19], [13, 22, 14, 23], [15, 9, 16, 8], [17, 3, 18, 2], [19, 12, 20, 13]]"
12a_1229_90,"[[19, 12, 20, 13], [21, 5, 22, 4], [23, 6, 24, 7], [1, 10, 2, 11], [3, 21, 4, 20], [5, 15, 6, 14], [7, 24, 8, 1], [9, 17, 10, 16], [11, 18, 12, 19], [13, 22, 14, 23], [15, 9, 16, 8], [17, 3, 18, 2]]"
12a_1229_91,"[[17, 3, 18, 2], [19, 12, 20, 13], [21, 5, 22, 4], [23, 6, 24, 7], [1, 10, 2, 11], [3, 21, 4, 20], [5, 15, 6, 14], [7, 24, 8, 1], [9, 17, 10, 16], [11, 18, 12, 19], [13, 22, 14, 23], [15, 9, 16, 8]]"
12a_1229_92,"[[15, 9, 16, 8], [17, 3, 18, 2], [19, 12, 20, 13], [21, 5, 22, 4], [23, 6, 24, 7], [1, 10, 2, 11], [3, 21, 4, 20], [5, 15, 6, 14], [7, 24, 8, 1], [9, 17, 10, 16], [11, 18, 12, 19], [13, 22, 14, 23]]"
12a_1229_93,"[[13, 22, 14, 23], [15, 9, 16, 8], [17, 3, 18, 2], [19, 12, 20, 13], [21, 5, 22, 4], [23, 6, 24, 7], [1, 10, 2, 11], [3, 21, 4, 20], [5, 15, 6, 14], [7, 24, 8, 1], [9, 17, 10, 16], [11, 18, 12, 19]]"
12a_1229_94,"[[11, 18, 12, 19], [13, 22, 14, 23], [15, 9, 16, 8], [17, 3, 18, 2], [19, 12, 20, 13], [21, 5, 22, 4], [23, 6, 24, 7], [1, 10, 2, 11], [3, 21, 4, 20], [5, 15, 6, 14], [7, 24, 8, 1], [9, 17, 10, 16]]"
12a_1229_95,"[[9, 17, 10, 16], [11, 18, 12, 19], [13, 22, 14, 23], [15, 9, 16, 8], [17, 3, 18, 2], [19, 12, 20, 13], [21, 5, 22, 4], [23, 6, 24, 7], [1, 10, 2, 11], [3, 21, 4, 20], [5, 15, 6, 14], [7, 24, 8, 1]]"
12a_1229_96,"[[8, 1, 9, 2], [10, 18, 11, 17], [12, 19, 13, 20], [14, 23, 15, 24], [16, 10, 17, 9], [18, 4, 19, 3], [20, 13, 21, 14], [22, 6, 23, 5], [24, 7, 1, 8], [2, 11, 3, 12], [4, 22, 5, 21], [6, 16, 7, 15]]"
12a_1229_97,"[[6, 16, 7, 15], [8, 1, 9, 2], [10, 18, 11, 17], [12, 19, 13, 20], [14, 23, 15, 24], [16, 10, 17, 9], [18, 4, 19, 3], [20, 13, 21, 14], [22, 6, 23, 5], [24, 7, 1, 8], [2, 11, 3, 12], [4, 22, 5, 21]]"
12a_1229_98,"[[4, 22, 5, 21], [6, 16, 7, 15], [8, 1, 9, 2], [10, 18, 11, 17], [12, 19, 13, 20], [14, 23, 15, 24], [16, 10, 17, 9], [18, 4, 19, 3], [20, 13, 21, 14], [22, 6, 23, 5], [24, 7, 1, 8], [2, 11, 3, 12]]"
12a_1229_99,"[[2, 11, 3, 12], [4, 22, 5, 21], [6, 16, 7, 15], [8, 1, 9, 2], [10, 18, 11, 17], [12, 19, 13, 20], [14, 23, 15, 24], [16, 10, 17, 9], [18, 4, 19, 3], [20, 13, 21, 14], [22, 6, 23, 5], [24, 7, 1, 8]]"
12a_1229_100,"[[24, 7, 1, 8], [2, 11, 3, 12], [4, 22, 5, 21], [6, 16, 7, 15], [8, 1, 9, 2], [10, 18, 11, 17], [12, 19, 13, 20], [14, 23, 15, 24], [16, 10, 17, 9], [18, 4, 19, 3], [20, 13, 21, 14], [22, 6, 23, 5]]"
12a_1229_101,"[[22, 6, 23, 5], [24, 7, 1, 8], [2, 11, 3, 12], [4, 22, 5, 21], [6, 16, 7, 15], [8, 1, 9, 2], [10, 18, 11, 17], [12, 19, 13, 20], [14, 23, 15, 24], [16, 10, 17, 9], [18, 4, 19, 3], [20, 13, 21, 14]]"
12a_1229_102,"[[20, 13, 21, 14], [22, 6, 23, 5], [24, 7, 1, 8], [2, 11, 3, 12], [4, 22, 5, 21], [6, 16, 7, 15], [8, 1, 9, 2], [10, 18, 11, 17], [12, 19, 13, 20], [14, 23, 15, 24], [16, 10, 17, 9], [18, 4, 19, 3]]"
12a_1229_103,"[[18, 4, 19, 3], [20, 13, 21, 14], [22, 6, 23, 5], [24, 7, 1, 8], [2, 11, 3, 12], [4, 22, 5, 21], [6, 16, 7, 15], [8, 1, 9, 2], [10, 18, 11, 17], [12, 19, 13, 20], [14, 23, 15, 24], [16, 10, 17, 9]]"
12a_1229_104,"[[16, 10, 17, 9], [18, 4, 19, 3], [20, 13, 21, 14], [22, 6, 23, 5], [24, 7, 1, 8], [2, 11, 3, 12], [4, 22, 5, 21], [6, 16, 7, 15], [8, 1, 9, 2], [10, 18, 11, 17], [12, 19, 13, 20], [14, 23, 15, 24]]"
12a_1229_105,"[[14, 23, 15, 24], [16, 10, 17, 9], [18, 4, 19, 3], [20, 13, 21, 14], [22, 6, 23, 5], [24, 7, 1, 8], [2, 11, 3, 12], [4, 22, 5, 21], [6, 16, 7, 15], [8, 1, 9, 2], [10, 18, 11, 17], [12, 19, 13, 20]]"
12a_1229_106,"[[12, 19, 13, 20], [14, 23, 15, 24], [16, 10, 17, 9], [18, 4, 19, 3], [20, 13, 21, 14], [22, 6, 23, 5], [24, 7, 1, 8], [2, 11, 3, 12], [4, 22, 5, 21], [6, 16, 7, 15], [8, 1, 9, 2], [10, 18, 11, 17]]"
12a_1229_107,"[[10, 18, 11, 17], [12, 19, 13, 20], [14, 23, 15, 24], [16, 10, 17, 9], [18, 4, 19, 3], [20, 13, 21, 14], [22, 6, 23, 5], [24, 7, 1, 8], [2, 11, 3, 12], [4, 22, 5, 21], [6, 16, 7, 15], [8, 1, 9, 2]]"
12a_1229_108,"[[9, 2, 10, 3], [11, 19, 12, 18], [13, 20, 14, 21], [15, 24, 16, 1], [17, 11, 18, 10], [19, 5, 20, 4], [21, 14, 22, 15], [23, 7, 24, 6], [1, 8, 2, 9], [3, 12, 4, 13], [5, 23, 6, 22], [7, 17, 8, 16]]"
12a_1229_109,"[[7, 17, 8, 16], [9, 2, 10, 3], [11, 19, 12, 18], [13, 20, 14, 21], [15, 24, 16, 1], [17, 11, 18, 10], [19, 5, 20, 4], [21, 14, 22, 15], [23, 7, 24, 6], [1, 8, 2, 9], [3, 12, 4, 13], [5, 23, 6, 22]]"
12a_1229_110,"[[5, 23, 6, 22], [7, 17, 8, 16], [9, 2, 10, 3], [11, 19, 12, 18], [13, 20, 14, 21], [15, 24, 16, 1], [17, 11, 18, 10], [19, 5, 20, 4], [21, 14, 22, 15], [23, 7, 24, 6], [1, 8, 2, 9], [3, 12, 4, 13]]"
12a_1229_111,"[[3, 12, 4, 13], [5, 23, 6, 22], [7, 17, 8, 16], [9, 2, 10, 3], [11, 19, 12, 18], [13, 20, 14, 21], [15, 24, 16, 1], [17, 11, 18, 10], [19, 5, 20, 4], [21, 14, 22, 15], [23, 7, 24, 6], [1, 8, 2, 9]]"
12a_1229_112,"[[1, 8, 2, 9], [3, 12, 4, 13], [5, 23, 6, 22], [7, 17, 8, 16], [9, 2, 10, 3], [11, 19, 12, 18], [13, 20, 14, 21], [15, 24, 16, 1], [17, 11, 18, 10], [19, 5, 20, 4], [21, 14, 22, 15], [23, 7, 24, 6]]"
12a_1229_113,"[[23, 7, 24, 6], [1, 8, 2, 9], [3, 12, 4, 13], [5, 23, 6, 22], [7, 17, 8, 16], [9, 2, 10, 3], [11, 19, 12, 18], [13, 20, 14, 21], [15, 24, 16, 1], [17, 11, 18, 10], [19, 5, 20, 4], [21, 14, 22, 15]]"
12a_1229_114,"[[21, 14, 22, 15], [23, 7, 24, 6], [1, 8, 2, 9], [3, 12, 4, 13], [5, 23, 6, 22], [7, 17, 8, 16], [9, 2, 10, 3], [11, 19, 12, 18], [13, 20, 14, 21], [15, 24, 16, 1], [17, 11, 18, 10], [19, 5, 20, 4]]"
12a_1229_115,"[[19, 5, 20, 4], [21, 14, 22, 15], [23, 7, 24, 6], [1, 8, 2, 9], [3, 12, 4, 13], [5, 23, 6, 22], [7, 17, 8, 16], [9, 2, 10, 3], [11, 19, 12, 18], [13, 20, 14, 21], [15, 24, 16, 1], [17, 11, 18, 10]]"
12a_1229_116,"[[17, 11, 18, 10], [19, 5, 20, 4], [21, 14, 22, 15], [23, 7, 24, 6], [1, 8, 2, 9], [3, 12, 4, 13], [5, 23, 6, 22], [7, 17, 8, 16], [9, 2, 10, 3], [11, 19, 12, 18], [13, 20, 14, 21], [15, 24, 16, 1]]"
12a_1229_117,"[[15, 24, 16, 1], [17, 11, 18, 10], [19, 5, 20, 4], [21, 14, 22, 15], [23, 7, 24, 6], [1, 8, 2, 9], [3, 12, 4, 13], [5, 23, 6, 22], [7, 17, 8, 16], [9, 2, 10, 3], [11, 19, 12, 18], [13, 20, 14, 21]]"
12a_1229_118,"[[13, 20, 14, 21], [15, 24, 16, 1], [17, 11, 18, 10], [19, 5, 20, 4], [21, 14, 22, 15], [23, 7, 24, 6], [1, 8, 2, 9], [3, 12, 4, 13], [5, 23, 6, 22], [7, 17, 8, 16], [9, 2, 10, 3], [11, 19, 12, 18]]"
12a_1229_119,"[[11, 19, 12, 18], [13, 20, 14, 21], [15, 24, 16, 1], [17, 11, 18, 10], [19, 5, 20, 4], [21, 14, 22, 15], [23, 7, 24, 6], [1, 8, 2, 9], [3, 12, 4, 13], [5, 23, 6, 22], [7, 17, 8, 16], [9, 2, 10, 3]]"
12a_1229_120,"[[10, 3, 11, 4], [12, 20, 13, 19], [14, 21, 15, 22], [16, 1, 17, 2], [18, 12, 19, 11], [20, 6, 21, 5], [22, 15, 23, 16], [24, 8, 1, 7], [2, 9, 3, 10], [4, 13, 5, 14], [6, 24, 7, 23], [8, 18, 9, 17]]"
12a_1229_121,"[[8, 18, 9, 17], [10, 3, 11, 4], [12, 20, 13, 19], [14, 21, 15, 22], [16, 1, 17, 2], [18, 12, 19, 11], [20, 6, 21, 5], [22, 15, 23, 16], [24, 8, 1, 7], [2, 9, 3, 10], [4, 13, 5, 14], [6, 24, 7, 23]]"
12a_1229_122,"[[6, 24, 7, 23], [8, 18, 9, 17], [10, 3, 11, 4], [12, 20, 13, 19], [14, 21, 15, 22], [16, 1, 17, 2], [18, 12, 19, 11], [20, 6, 21, 5], [22, 15, 23, 16], [24, 8, 1, 7], [2, 9, 3, 10], [4, 13, 5, 14]]"
12a_1229_123,"[[4, 13, 5, 14], [6, 24, 7, 23], [8, 18, 9, 17], [10, 3, 11, 4], [12, 20, 13, 19], [14, 21, 15, 22], [16, 1, 17, 2], [18, 12, 19, 11], [20, 6, 21, 5], [22, 15, 23, 16], [24, 8, 1, 7], [2, 9, 3, 10]]"
12a_1229_124,"[[2, 9, 3, 10], [4, 13, 5, 14], [6, 24, 7, 23], [8, 18, 9, 17], [10, 3, 11, 4], [12, 20, 13, 19], [14, 21, 15, 22], [16, 1, 17, 2], [18, 12, 19, 11], [20, 6, 21, 5], [22, 15, 23, 16], [24, 8, 1, 7]]"
12a_1229_125,"[[24, 8, 1, 7], [2, 9, 3, 10], [4, 13, 5, 14], [6, 24, 7, 23], [8, 18, 9, 17], [10, 3, 11, 4], [12, 20, 13, 19], [14, 21, 15, 22], [16, 1, 17, 2], [18, 12, 19, 11], [20, 6, 21, 5], [22, 15, 23, 16]]"
12a_1229_126,"[[22, 15, 23, 16], [24, 8, 1, 7], [2, 9, 3, 10], [4, 13, 5, 14], [6, 24, 7, 23], [8, 18, 9, 17], [10, 3, 11, 4], [12, 20, 13, 19], [14, 21, 15, 22], [16, 1, 17, 2], [18, 12, 19, 11], [20, 6, 21, 5]]"
12a_1229_127,"[[20, 6, 21, 5], [22, 15, 23, 16], [24, 8, 1, 7], [2, 9, 3, 10], [4, 13, 5, 14], [6, 24, 7, 23], [8, 18, 9, 17], [10, 3, 11, 4], [12, 20, 13, 19], [14, 21, 15, 22], [16, 1, 17, 2], [18, 12, 19, 11]]"
12a_1229_128,"[[18, 12, 19, 11], [20, 6, 21, 5], [22, 15, 23, 16], [24, 8, 1, 7], [2, 9, 3, 10], [4, 13, 5, 14], [6, 24, 7, 23], [8, 18, 9, 17], [10, 3, 11, 4], [12, 20, 13, 19], [14, 21, 15, 22], [16, 1, 17, 2]]"
12a_1229_129,"[[16, 1, 17, 2], [18, 12, 19, 11], [20, 6, 21, 5], [22, 15, 23, 16], [24, 8, 1, 7], [2, 9, 3, 10], [4, 13, 5, 14], [6, 24, 7, 23], [8, 18, 9, 17], [10, 3, 11, 4], [12, 20, 13, 19], [14, 21, 15, 22]]"
12a_1229_130,"[[14, 21, 15, 22], [16, 1, 17, 2], [18, 12, 19, 11], [20, 6, 21, 5], [22, 15, 23, 16], [24, 8, 1, 7], [2, 9, 3, 10], [4, 13, 5, 14], [6, 24, 7, 23], [8, 18, 9, 17], [10, 3, 11, 4], [12, 20, 13, 19]]"
12a_1229_131,"[[12, 20, 13, 19], [14, 21, 15, 22], [16, 1, 17, 2], [18, 12, 19, 11], [20, 6, 21, 5], [22, 15, 23, 16], [24, 8, 1, 7], [2, 9, 3, 10], [4, 13, 5, 14], [6, 24, 7, 23], [8, 18, 9, 17], [10, 3, 11, 4]]"
12a_1229_132,"[[11, 4, 12, 5], [13, 21, 14, 20], [15, 22, 16, 23], [17, 2, 18, 3], [19, 13, 20, 12], [21, 7, 22, 6], [23, 16, 24, 17], [1, 9, 2, 8], [3, 10, 4, 11], [5, 14, 6, 15], [7, 1, 8, 24], [9, 19, 10, 18]]"
12a_1229_133,"[[9, 19, 10, 18], [11, 4, 12, 5], [13, 21, 14, 20], [15, 22, 16, 23], [17, 2, 18, 3], [19, 13, 20, 12], [21, 7, 22, 6], [23, 16, 24, 17], [1, 9, 2, 8], [3, 10, 4, 11], [5, 14, 6, 15], [7, 1, 8, 24]]"
12a_1229_134,"[[7, 1, 8, 24], [9, 19, 10, 18], [11, 4, 12, 5], [13, 21, 14, 20], [15, 22, 16, 23], [17, 2, 18, 3], [19, 13, 20, 12], [21, 7, 22, 6], [23, 16, 24, 17], [1, 9, 2, 8], [3, 10, 4, 11], [5, 14, 6, 15]]"
12a_1229_135,"[[5, 14, 6, 15], [7, 1, 8, 24], [9, 19, 10, 18], [11, 4, 12, 5], [13, 21, 14, 20], [15, 22, 16, 23], [17, 2, 18, 3], [19, 13, 20, 12], [21, 7, 22, 6], [23, 16, 24, 17], [1, 9, 2, 8], [3, 10, 4, 11]]"
12a_1229_136,"[[3, 10, 4, 11], [5, 14, 6, 15], [7, 1, 8, 24], [9, 19, 10, 18], [11, 4, 12, 5], [13, 21, 14, 20], [15, 22, 16, 23], [17, 2, 18, 3], [19, 13, 20, 12], [21, 7, 22, 6], [23, 16, 24, 17], [1, 9, 2, 8]]"
12a_1229_137,"[[1, 9, 2, 8], [3, 10, 4, 11], [5, 14, 6, 15], [7, 1, 8, 24], [9, 19, 10, 18], [11, 4, 12, 5], [13, 21, 14, 20], [15, 22, 16, 23], [17, 2, 18, 3], [19, 13, 20, 12], [21, 7, 22, 6], [23, 16, 24, 17]]"
12a_1229_138,"[[23, 16, 24, 17], [1, 9, 2, 8], [3, 10, 4, 11], [5, 14, 6, 15], [7, 1, 8, 24], [9, 19, 10, 18], [11, 4, 12, 5], [13, 21, 14, 20], [15, 22, 16, 23], [17, 2, 18, 3], [19, 13, 20, 12], [21, 7, 22, 6]]"
12a_1229_139,"[[21, 7, 22, 6], [23, 16, 24, 17], [1, 9, 2, 8], [3, 10, 4, 11], [5, 14, 6, 15], [7, 1, 8, 24], [9, 19, 10, 18], [11, 4, 12, 5], [13, 21, 14, 20], [15, 22, 16, 23], [17, 2, 18, 3], [19, 13, 20, 12]]"
12a_1229_140,"[[19, 13, 20, 12], [21, 7, 22, 6], [23, 16, 24, 17], [1, 9, 2, 8], [3, 10, 4, 11], [5, 14, 6, 15], [7, 1, 8, 24], [9, 19, 10, 18], [11, 4, 12, 5], [13, 21, 14, 20], [15, 22, 16, 23], [17, 2, 18, 3]]"
12a_1229_141,"[[17, 2, 18, 3], [19, 13, 20, 12], [21, 7, 22, 6], [23, 16, 24, 17], [1, 9, 2, 8], [3, 10, 4, 11], [5, 14, 6, 15], [7, 1, 8, 24], [9, 19, 10, 18], [11, 4, 12, 5], [13, 21, 14, 20], [15, 22, 16, 23]]"
12a_1229_142,"[[15, 22, 16, 23], [17, 2, 18, 3], [19, 13, 20, 12], [21, 7, 22, 6], [23, 16, 24, 17], [1, 9, 2, 8], [3, 10, 4, 11], [5, 14, 6, 15], [7, 1, 8, 24], [9, 19, 10, 18], [11, 4, 12, 5], [13, 21, 14, 20]]"
12a_1229_143,"[[13, 21, 14, 20], [15, 22, 16, 23], [17, 2, 18, 3], [19, 13, 20, 12], [21, 7, 22, 6], [23, 16, 24, 17], [1, 9, 2, 8], [3, 10, 4, 11], [5, 14, 6, 15], [7, 1, 8, 24], [9, 19, 10, 18], [11, 4, 12, 5]]"
12a_1229_144,"[[12, 5, 13, 6], [14, 22, 15, 21], [16, 23, 17, 24], [18, 3, 19, 4], [20, 14, 21, 13], [22, 8, 23, 7], [24, 17, 1, 18], [2, 10, 3, 9], [4, 11, 5, 12], [6, 15, 7, 16], [8, 2, 9, 1], [10, 20, 11, 19]]"
12a_1229_145,"[[10, 20, 11, 19], [12, 5, 13, 6], [14, 22, 15, 21], [16, 23, 17, 24], [18, 3, 19, 4], [20, 14, 21, 13], [22, 8, 23, 7], [24, 17, 1, 18], [2, 10, 3, 9], [4, 11, 5, 12], [6, 15, 7, 16], [8, 2, 9, 1]]"
12a_1229_146,"[[8, 2, 9, 1], [10, 20, 11, 19], [12, 5, 13, 6], [14, 22, 15, 21], [16, 23, 17, 24], [18, 3, 19, 4], [20, 14, 21, 13], [22, 8, 23, 7], [24, 17, 1, 18], [2, 10, 3, 9], [4, 11, 5, 12], [6, 15, 7, 16]]"
12a_1229_147,"[[6, 15, 7, 16], [8, 2, 9, 1], [10, 20, 11, 19], [12, 5, 13, 6], [14, 22, 15, 21], [16, 23, 17, 24], [18, 3, 19, 4], [20, 14, 21, 13], [22, 8, 23, 7], [24, 17, 1, 18], [2, 10, 3, 9], [4, 11, 5, 12]]"
12a_1229_148,"[[4, 11, 5, 12], [6, 15, 7, 16], [8, 2, 9, 1], [10, 20, 11, 19], [12, 5, 13, 6], [14, 22, 15, 21], [16, 23, 17, 24], [18, 3, 19, 4], [20, 14, 21, 13], [22, 8, 23, 7], [24, 17, 1, 18], [2, 10, 3, 9]]"
12a_1229_149,"[[2, 10, 3, 9], [4, 11, 5, 12], [6, 15, 7, 16], [8, 2, 9, 1], [10, 20, 11, 19], [12, 5, 13, 6], [14, 22, 15, 21], [16, 23, 17, 24], [18, 3, 19, 4], [20, 14, 21, 13], [22, 8, 23, 7], [24, 17, 1, 18]]"
12a_1229_150,"[[24, 17, 1, 18], [2, 10, 3, 9], [4, 11, 5, 12], [6, 15, 7, 16], [8, 2, 9, 1], [10, 20, 11, 19], [12, 5, 13, 6], [14, 22, 15, 21], [16, 23, 17, 24], [18, 3, 19, 4], [20, 14, 21, 13], [22, 8, 23, 7]]"
12a_1229_151,"[[22, 8, 23, 7], [24, 17, 1, 18], [2, 10, 3, 9], [4, 11, 5, 12], [6, 15, 7, 16], [8, 2, 9, 1], [10, 20, 11, 19], [12, 5, 13, 6], [14, 22, 15, 21], [16, 23, 17, 24], [18, 3, 19, 4], [20, 14, 21, 13]]"
12a_1229_152,"[[20, 14, 21, 13], [22, 8, 23, 7], [24, 17, 1, 18], [2, 10, 3, 9], [4, 11, 5, 12], [6, 15, 7, 16], [8, 2, 9, 1], [10, 20, 11, 19], [12, 5, 13, 6], [14, 22, 15, 21], [16, 23, 17, 24], [18, 3, 19, 4]]"
12a_1229_153,"[[18, 3, 19, 4], [20, 14, 21, 13], [22, 8, 23, 7], [24, 17, 1, 18], [2, 10, 3, 9], [4, 11, 5, 12], [6, 15, 7, 16], [8, 2, 9, 1], [10, 20, 11, 19], [12, 5, 13, 6], [14, 22, 15, 21], [16, 23, 17, 24]]"
12a_1229_154,"[[16, 23, 17, 24], [18, 3, 19, 4], [20, 14, 21, 13], [22, 8, 23, 7], [24, 17, 1, 18], [2, 10, 3, 9], [4, 11, 5, 12], [6, 15, 7, 16], [8, 2, 9, 1], [10, 20, 11, 19], [12, 5, 13, 6], [14, 22, 15, 21]]"
12a_1229_155,"[[14, 22, 15, 21], [16, 23, 17, 24], [18, 3, 19, 4], [20, 14, 21, 13], [22, 8, 23, 7], [24, 17, 1, 18], [2, 10, 3, 9], [4, 11, 5, 12], [6, 15, 7, 16], [8, 2, 9, 1], [10, 20, 11, 19], [12, 5, 13, 6]]"
12a_1229_156,"[[13, 6, 14, 7], [15, 23, 16, 22], [17, 24, 18, 1], [19, 4, 20, 5], [21, 15, 22, 14], [23, 9, 24, 8], [1, 18, 2, 19], [3, 11, 4, 10], [5, 12, 6, 13], [7, 16, 8, 17], [9, 3, 10, 2], [11, 21, 12, 20]]"
12a_1229_157,"[[11, 21, 12, 20], [13, 6, 14, 7], [15, 23, 16, 22], [17, 24, 18, 1], [19, 4, 20, 5], [21, 15, 22, 14], [23, 9, 24, 8], [1, 18, 2, 19], [3, 11, 4, 10], [5, 12, 6, 13], [7, 16, 8, 17], [9, 3, 10, 2]]"
12a_1229_158,"[[9, 3, 10, 2], [11, 21, 12, 20], [13, 6, 14, 7], [15, 23, 16, 22], [17, 24, 18, 1], [19, 4, 20, 5], [21, 15, 22, 14], [23, 9, 24, 8], [1, 18, 2, 19], [3, 11, 4, 10], [5, 12, 6, 13], [7, 16, 8, 17]]"
12a_1229_159,"[[7, 16, 8, 17], [9, 3, 10, 2], [11, 21, 12, 20], [13, 6, 14, 7], [15, 23, 16, 22], [17, 24, 18, 1], [19, 4, 20, 5], [21, 15, 22, 14], [23, 9, 24, 8], [1, 18, 2, 19], [3, 11, 4, 10], [5, 12, 6, 13]]"
12a_1229_160,"[[5, 12, 6, 13], [7, 16, 8, 17], [9, 3, 10, 2], [11, 21, 12, 20], [13, 6, 14, 7], [15, 23, 16, 22], [17, 24, 18, 1], [19, 4, 20, 5], [21, 15, 22, 14], [23, 9, 24, 8], [1, 18, 2, 19], [3, 11, 4, 10]]"
12a_1229_161,"[[3, 11, 4, 10], [5, 12, 6, 13], [7, 16, 8, 17], [9, 3, 10, 2], [11, 21, 12, 20], [13, 6, 14, 7], [15, 23, 16, 22], [17, 24, 18, 1], [19, 4, 20, 5], [21, 15, 22, 14], [23, 9, 24, 8], [1, 18, 2, 19]]"
12a_1229_162,"[[1, 18, 2, 19], [3, 11, 4, 10], [5, 12, 6, 13], [7, 16, 8, 17], [9, 3, 10, 2], [11, 21, 12, 20], [13, 6, 14, 7], [15, 23, 16, 22], [17, 24, 18, 1], [19, 4, 20, 5], [21, 15, 22, 14], [23, 9, 24, 8]]"
12a_1229_163,"[[23, 9, 24, 8], [1, 18, 2, 19], [3, 11, 4, 10], [5, 12, 6, 13], [7, 16, 8, 17], [9, 3, 10, 2], [11, 21, 12, 20], [13, 6, 14, 7], [15, 23, 16, 22], [17, 24, 18, 1], [19, 4, 20, 5], [21, 15, 22, 14]]"
12a_1229_164,"[[21, 15, 22, 14], [23, 9, 24, 8], [1, 18, 2, 19], [3, 11, 4, 10], [5, 12, 6, 13], [7, 16, 8, 17], [9, 3, 10, 2], [11, 21, 12, 20], [13, 6, 14, 7], [15, 23, 16, 22], [17, 24, 18, 1], [19, 4, 20, 5]]"
12a_1229_165,"[[19, 4, 20, 5], [21, 15, 22, 14], [23, 9, 24, 8], [1, 18, 2, 19], [3, 11, 4, 10], [5, 12, 6, 13], [7, 16, 8, 17], [9, 3, 10, 2], [11, 21, 12, 20], [13, 6, 14, 7], [15, 23, 16, 22], [17, 24, 18, 1]]"
12a_1229_166,"[[17, 24, 18, 1], [19, 4, 20, 5], [21, 15, 22, 14], [23, 9, 24, 8], [1, 18, 2, 19], [3, 11, 4, 10], [5, 12, 6, 13], [7, 16, 8, 17], [9, 3, 10, 2], [11, 21, 12, 20], [13, 6, 14, 7], [15, 23, 16, 22]]"
12a_1229_167,"[[15, 23, 16, 22], [17, 24, 18, 1], [19, 4, 20, 5], [21, 15, 22, 14], [23, 9, 24, 8], [1, 18, 2, 19], [3, 11, 4, 10], [5, 12, 6, 13], [7, 16, 8, 17], [9, 3, 10, 2], [11, 21, 12, 20], [13, 6, 14, 7]]"
12a_1229_168,"[[14, 7, 15, 8], [16, 24, 17, 23], [18, 1, 19, 2], [20, 5, 21, 6], [22, 16, 23, 15], [24, 10, 1, 9], [2, 19, 3, 20], [4, 12, 5, 11], [6, 13, 7, 14], [8, 17, 9, 18], [10, 4, 11, 3], [12, 22, 13, 21]]"
12a_1229_169,"[[12, 22, 13, 21], [14, 7, 15, 8], [16, 24, 17, 23], [18, 1, 19, 2], [20, 5, 21, 6], [22, 16, 23, 15], [24, 10, 1, 9], [2, 19, 3, 20], [4, 12, 5, 11], [6, 13, 7, 14], [8, 17, 9, 18], [10, 4, 11, 3]]"
12a_1229_170,"[[10, 4, 11, 3], [12, 22, 13, 21], [14, 7, 15, 8], [16, 24, 17, 23], [18, 1, 19, 2], [20, 5, 21, 6], [22, 16, 23, 15], [24, 10, 1, 9], [2, 19, 3, 20], [4, 12, 5, 11], [6, 13, 7, 14], [8, 17, 9, 18]]"
12a_1229_171,"[[8, 17, 9, 18], [10, 4, 11, 3], [12, 22, 13, 21], [14, 7, 15, 8], [16, 24, 17, 23], [18, 1, 19, 2], [20, 5, 21, 6], [22, 16, 23, 15], [24, 10, 1, 9], [2, 19, 3, 20], [4, 12, 5, 11], [6, 13, 7, 14]]"
12a_1229_172,"[[6, 13, 7, 14], [8, 17, 9, 18], [10, 4, 11, 3], [12, 22, 13, 21], [14, 7, 15, 8], [16, 24, 17, 23], [18, 1, 19, 2], [20, 5, 21, 6], [22, 16, 23, 15], [24, 10, 1, 9], [2, 19, 3, 20], [4, 12, 5, 11]]"
12a_1229_173,"[[4, 12, 5, 11], [6, 13, 7, 14], [8, 17, 9, 18], [10, 4, 11, 3], [12, 22, 13, 21], [14, 7, 15, 8], [16, 24, 17, 23], [18, 1, 19, 2], [20, 5, 21, 6], [22, 16, 23, 15], [24, 10, 1, 9], [2, 19, 3, 20]]"
12a_1229_174,"[[2, 19, 3, 20], [4, 12, 5, 11], [6, 13, 7, 14], [8, 17, 9, 18], [10, 4, 11, 3], [12, 22, 13, 21], [14, 7, 15, 8], [16, 24, 17, 23], [18, 1, 19, 2], [20, 5, 21, 6], [22, 16, 23, 15], [24, 10, 1, 9]]"
12a_1229_175,"[[24, 10, 1, 9], [2, 19, 3, 20], [4, 12, 5, 11], [6, 13, 7, 14], [8, 17, 9, 18], [10, 4, 11, 3], [12, 22, 13, 21], [14, 7, 15, 8], [16, 24, 17, 23], [18, 1, 19, 2], [20, 5, 21, 6], [22, 16, 23, 15]]"
12a_1229_176,"[[22, 16, 23, 15], [24, 10, 1, 9], [2, 19, 3, 20], [4, 12, 5, 11], [6, 13, 7, 14], [8, 17, 9, 18], [10, 4, 11, 3], [12, 22, 13, 21], [14, 7, 15, 8], [16, 24, 17, 23], [18, 1, 19, 2], [20, 5, 21, 6]]"
12a_1229_177,"[[20, 5, 21, 6], [22, 16, 23, 15], [24, 10, 1, 9], [2, 19, 3, 20], [4, 12, 5, 11], [6, 13, 7, 14], [8, 17, 9, 18], [10, 4, 11, 3], [12, 22, 13, 21], [14, 7, 15, 8], [16, 24, 17, 23], [18, 1, 19, 2]]"
12a_1229_178,"[[18, 1, 19, 2], [20, 5, 21, 6], [22, 16, 23, 15], [24, 10, 1, 9], [2, 19, 3, 20], [4, 12, 5, 11], [6, 13, 7, 14], [8, 17, 9, 18], [10, 4, 11, 3], [12, 22, 13, 21], [14, 7, 15, 8], [16, 24, 17, 23]]"
12a_1229_179,"[[16, 24, 17, 23], [18, 1, 19, 2], [20, 5, 21, 6], [22, 16, 23, 15], [24, 10, 1, 9], [2, 19, 3, 20], [4, 12, 5, 11], [6, 13, 7, 14], [8, 17, 9, 18], [10, 4, 11, 3], [12, 22, 13, 21], [14, 7, 15, 8]]"
12a_1229_180,"[[15, 8, 16, 9], [17, 1, 18, 24], [19, 2, 20, 3], [21, 6, 22, 7], [23, 17, 24, 16], [1, 11, 2, 10], [3, 20, 4, 21], [5, 13, 6, 12], [7, 14, 8, 15], [9, 18, 10, 19], [11, 5, 12, 4], [13, 23, 14, 22]]"
12a_1229_181,"[[13, 23, 14, 22], [15, 8, 16, 9], [17, 1, 18, 24], [19, 2, 20, 3], [21, 6, 22, 7], [23, 17, 24, 16], [1, 11, 2, 10], [3, 20, 4, 21], [5, 13, 6, 12], [7, 14, 8, 15], [9, 18, 10, 19], [11, 5, 12, 4]]"
12a_1229_182,"[[11, 5, 12, 4], [13, 23, 14, 22], [15, 8, 16, 9], [17, 1, 18, 24], [19, 2, 20, 3], [21, 6, 22, 7], [23, 17, 24, 16], [1, 11, 2, 10], [3, 20, 4, 21], [5, 13, 6, 12], [7, 14, 8, 15], [9, 18, 10, 19]]"
12a_1229_183,"[[9, 18, 10, 19], [11, 5, 12, 4], [13, 23, 14, 22], [15, 8, 16, 9], [17, 1, 18, 24], [19, 2, 20, 3], [21, 6, 22, 7], [23, 17, 24, 16], [1, 11, 2, 10], [3, 20, 4, 21], [5, 13, 6, 12], [7, 14, 8, 15]]"
12a_1229_184,"[[7, 14, 8, 15], [9, 18, 10, 19], [11, 5, 12, 4], [13, 23, 14, 22], [15, 8, 16, 9], [17, 1, 18, 24], [19, 2, 20, 3], [21, 6, 22, 7], [23, 17, 24, 16], [1, 11, 2, 10], [3, 20, 4, 21], [5, 13, 6, 12]]"
12a_1229_185,"[[5, 13, 6, 12], [7, 14, 8, 15], [9, 18, 10, 19], [11, 5, 12, 4], [13, 23, 14, 22], [15, 8, 16, 9], [17, 1, 18, 24], [19, 2, 20, 3], [21, 6, 22, 7], [23, 17, 24, 16], [1, 11, 2, 10], [3, 20, 4, 21]]"
