name,pd_notation
12n_0142_0,"[[15, 1, 16, 24], [2, 6, 3, 5], [4, 9, 5, 10], [13, 6, 14, 7], [17, 9, 18, 8], [10, 3, 11, 4], [19, 13, 20, 12], [21, 14, 22, 15], [23, 17, 24, 16], [11, 19, 12, 18], [7, 21, 8, 20], [1, 22, 2, 23]]"
12n_0142_1,"[[1, 22, 2, 23], [15, 1, 16, 24], [2, 6, 3, 5], [4, 9, 5, 10], [13, 6, 14, 7], [17, 9, 18, 8], [10, 3, 11, 4], [19, 13, 20, 12], [21, 14, 22, 15], [23, 17, 24, 16], [11, 19, 12, 18], [7, 21, 8, 20]]"
12n_0142_2,"[[7, 21, 8, 20], [1, 22, 2, 23], [15, 1, 16, 24], [2, 6, 3, 5], [4, 9, 5, 10], [13, 6, 14, 7], [17, 9, 18, 8], [10, 3, 11, 4], [19, 13, 20, 12], [21, 14, 22, 15], [23, 17, 24, 16], [11, 19, 12, 18]]"
12n_0142_3,"[[11, 19, 12, 18], [7, 21, 8, 20], [1, 22, 2, 23], [15, 1, 16, 24], [2, 6, 3, 5], [4, 9, 5, 10], [13, 6, 14, 7], [17, 9, 18, 8], [10, 3, 11, 4], [19, 13, 20, 12], [21, 14, 22, 15], [23, 17, 24, 16]]"
12n_0142_4,"[[23, 17, 24, 16], [11, 19, 12, 18], [7, 21, 8, 20], [1, 22, 2, 23], [15, 1, 16, 24], [2, 6, 3, 5], [4, 9, 5, 10], [13, 6, 14, 7], [17, 9, 18, 8], [10, 3, 11, 4], [19, 13, 20, 12], [21, 14, 22, 15]]"
12n_0142_5,"[[21, 14, 22, 15], [23, 17, 24, 16], [11, 19, 12, 18], [7, 21, 8, 20], [1, 22, 2, 23], [15, 1, 16, 24], [2, 6, 3, 5], [4, 9, 5, 10], [13, 6, 14, 7], [17, 9, 18, 8], [10, 3, 11, 4], [19, 13, 20, 12]]"
12n_0142_6,"[[19, 13, 20, 12], [21, 14, 22, 15], [23, 17, 24, 16], [11, 19, 12, 18], [7, 21, 8, 20], [1, 22, 2, 23], [15, 1, 16, 24], [2, 6, 3, 5], [4, 9, 5, 10], [13, 6, 14, 7], [17, 9, 18, 8], [10, 3, 11, 4]]"
12n_0142_7,"[[10, 3, 11, 4], [19, 13, 20, 12], [21, 14, 22, 15], [23, 17, 24, 16], [11, 19, 12, 18], [7, 21, 8, 20], [1, 22, 2, 23], [15, 1, 16, 24], [2, 6, 3, 5], [4, 9, 5, 10], [13, 6, 14, 7], [17, 9, 18, 8]]"
12n_0142_8,"[[17, 9, 18, 8], [10, 3, 11, 4], [19, 13, 20, 12], [21, 14, 22, 15], [23, 17, 24, 16], [11, 19, 12, 18], [7, 21, 8, 20], [1, 22, 2, 23], [15, 1, 16, 24], [2, 6, 3, 5], [4, 9, 5, 10], [13, 6, 14, 7]]"
12n_0142_9,"[[13, 6, 14, 7], [17, 9, 18, 8], [10, 3, 11, 4], [19, 13, 20, 12], [21, 14, 22, 15], [23, 17, 24, 16], [11, 19, 12, 18], [7, 21, 8, 20], [1, 22, 2, 23], [15, 1, 16, 24], [2, 6, 3, 5], [4, 9, 5, 10]]"
12n_0142_10,"[[4, 9, 5, 10], [13, 6, 14, 7], [17, 9, 18, 8], [10, 3, 11, 4], [19, 13, 20, 12], [21, 14, 22, 15], [23, 17, 24, 16], [11, 19, 12, 18], [7, 21, 8, 20], [1, 22, 2, 23], [15, 1, 16, 24], [2, 6, 3, 5]]"
12n_0142_11,"[[2, 6, 3, 5], [4, 9, 5, 10], [13, 6, 14, 7], [17, 9, 18, 8], [10, 3, 11, 4], [19, 13, 20, 12], [21, 14, 22, 15], [23, 17, 24, 16], [11, 19, 12, 18], [7, 21, 8, 20], [1, 22, 2, 23], [15, 1, 16, 24]]"
12n_0142_12,"[[16, 2, 17, 1], [3, 7, 4, 6], [5, 10, 6, 11], [14, 7, 15, 8], [18, 10, 19, 9], [11, 4, 12, 5], [20, 14, 21, 13], [22, 15, 23, 16], [24, 18, 1, 17], [12, 20, 13, 19], [8, 22, 9, 21], [2, 23, 3, 24]]"
12n_0142_13,"[[2, 23, 3, 24], [16, 2, 17, 1], [3, 7, 4, 6], [5, 10, 6, 11], [14, 7, 15, 8], [18, 10, 19, 9], [11, 4, 12, 5], [20, 14, 21, 13], [22, 15, 23, 16], [24, 18, 1, 17], [12, 20, 13, 19], [8, 22, 9, 21]]"
12n_0142_14,"[[8, 22, 9, 21], [2, 23, 3, 24], [16, 2, 17, 1], [3, 7, 4, 6], [5, 10, 6, 11], [14, 7, 15, 8], [18, 10, 19, 9], [11, 4, 12, 5], [20, 14, 21, 13], [22, 15, 23, 16], [24, 18, 1, 17], [12, 20, 13, 19]]"
12n_0142_15,"[[12, 20, 13, 19], [8, 22, 9, 21], [2, 23, 3, 24], [16, 2, 17, 1], [3, 7, 4, 6], [5, 10, 6, 11], [14, 7, 15, 8], [18, 10, 19, 9], [11, 4, 12, 5], [20, 14, 21, 13], [22, 15, 23, 16], [24, 18, 1, 17]]"
12n_0142_16,"[[24, 18, 1, 17], [12, 20, 13, 19], [8, 22, 9, 21], [2, 23, 3, 24], [16, 2, 17, 1], [3, 7, 4, 6], [5, 10, 6, 11], [14, 7, 15, 8], [18, 10, 19, 9], [11, 4, 12, 5], [20, 14, 21, 13], [22, 15, 23, 16]]"
12n_0142_17,"[[22, 15, 23, 16], [24, 18, 1, 17], [12, 20, 13, 19], [8, 22, 9, 21], [2, 23, 3, 24], [16, 2, 17, 1], [3, 7, 4, 6], [5, 10, 6, 11], [14, 7, 15, 8], [18, 10, 19, 9], [11, 4, 12, 5], [20, 14, 21, 13]]"
12n_0142_18,"[[20, 14, 21, 13], [22, 15, 23, 16], [24, 18, 1, 17], [12, 20, 13, 19], [8, 22, 9, 21], [2, 23, 3, 24], [16, 2, 17, 1], [3, 7, 4, 6], [5, 10, 6, 11], [14, 7, 15, 8], [18, 10, 19, 9], [11, 4, 12, 5]]"
12n_0142_19,"[[11, 4, 12, 5], [20, 14, 21, 13], [22, 15, 23, 16], [24, 18, 1, 17], [12, 20, 13, 19], [8, 22, 9, 21], [2, 23, 3, 24], [16, 2, 17, 1], [3, 7, 4, 6], [5, 10, 6, 11], [14, 7, 15, 8], [18, 10, 19, 9]]"
12n_0142_20,"[[18, 10, 19, 9], [11, 4, 12, 5], [20, 14, 21, 13], [22, 15, 23, 16], [24, 18, 1, 17], [12, 20, 13, 19], [8, 22, 9, 21], [2, 23, 3, 24], [16, 2, 17, 1], [3, 7, 4, 6], [5, 10, 6, 11], [14, 7, 15, 8]]"
12n_0142_21,"[[14, 7, 15, 8], [18, 10, 19, 9], [11, 4, 12, 5], [20, 14, 21, 13], [22, 15, 23, 16], [24, 18, 1, 17], [12, 20, 13, 19], [8, 22, 9, 21], [2, 23, 3, 24], [16, 2, 17, 1], [3, 7, 4, 6], [5, 10, 6, 11]]"
12n_0142_22,"[[5, 10, 6, 11], [14, 7, 15, 8], [18, 10, 19, 9], [11, 4, 12, 5], [20, 14, 21, 13], [22, 15, 23, 16], [24, 18, 1, 17], [12, 20, 13, 19], [8, 22, 9, 21], [2, 23, 3, 24], [16, 2, 17, 1], [3, 7, 4, 6]]"
12n_0142_23,"[[3, 7, 4, 6], [5, 10, 6, 11], [14, 7, 15, 8], [18, 10, 19, 9], [11, 4, 12, 5], [20, 14, 21, 13], [22, 15, 23, 16], [24, 18, 1, 17], [12, 20, 13, 19], [8, 22, 9, 21], [2, 23, 3, 24], [16, 2, 17, 1]]"
12n_0142_24,"[[17, 3, 18, 2], [4, 8, 5, 7], [6, 11, 7, 12], [15, 8, 16, 9], [19, 11, 20, 10], [12, 5, 13, 6], [21, 15, 22, 14], [23, 16, 24, 17], [1, 19, 2, 18], [13, 21, 14, 20], [9, 23, 10, 22], [3, 24, 4, 1]]"
12n_0142_25,"[[3, 24, 4, 1], [17, 3, 18, 2], [4, 8, 5, 7], [6, 11, 7, 12], [15, 8, 16, 9], [19, 11, 20, 10], [12, 5, 13, 6], [21, 15, 22, 14], [23, 16, 24, 17], [1, 19, 2, 18], [13, 21, 14, 20], [9, 23, 10, 22]]"
12n_0142_26,"[[9, 23, 10, 22], [3, 24, 4, 1], [17, 3, 18, 2], [4, 8, 5, 7], [6, 11, 7, 12], [15, 8, 16, 9], [19, 11, 20, 10], [12, 5, 13, 6], [21, 15, 22, 14], [23, 16, 24, 17], [1, 19, 2, 18], [13, 21, 14, 20]]"
12n_0142_27,"[[13, 21, 14, 20], [9, 23, 10, 22], [3, 24, 4, 1], [17, 3, 18, 2], [4, 8, 5, 7], [6, 11, 7, 12], [15, 8, 16, 9], [19, 11, 20, 10], [12, 5, 13, 6], [21, 15, 22, 14], [23, 16, 24, 17], [1, 19, 2, 18]]"
12n_0142_28,"[[1, 19, 2, 18], [13, 21, 14, 20], [9, 23, 10, 22], [3, 24, 4, 1], [17, 3, 18, 2], [4, 8, 5, 7], [6, 11, 7, 12], [15, 8, 16, 9], [19, 11, 20, 10], [12, 5, 13, 6], [21, 15, 22, 14], [23, 16, 24, 17]]"
12n_0142_29,"[[23, 16, 24, 17], [1, 19, 2, 18], [13, 21, 14, 20], [9, 23, 10, 22], [3, 24, 4, 1], [17, 3, 18, 2], [4, 8, 5, 7], [6, 11, 7, 12], [15, 8, 16, 9], [19, 11, 20, 10], [12, 5, 13, 6], [21, 15, 22, 14]]"
12n_0142_30,"[[21, 15, 22, 14], [23, 16, 24, 17], [1, 19, 2, 18], [13, 21, 14, 20], [9, 23, 10, 22], [3, 24, 4, 1], [17, 3, 18, 2], [4, 8, 5, 7], [6, 11, 7, 12], [15, 8, 16, 9], [19, 11, 20, 10], [12, 5, 13, 6]]"
12n_0142_31,"[[12, 5, 13, 6], [21, 15, 22, 14], [23, 16, 24, 17], [1, 19, 2, 18], [13, 21, 14, 20], [9, 23, 10, 22], [3, 24, 4, 1], [17, 3, 18, 2], [4, 8, 5, 7], [6, 11, 7, 12], [15, 8, 16, 9], [19, 11, 20, 10]]"
12n_0142_32,"[[19, 11, 20, 10], [12, 5, 13, 6], [21, 15, 22, 14], [23, 16, 24, 17], [1, 19, 2, 18], [13, 21, 14, 20], [9, 23, 10, 22], [3, 24, 4, 1], [17, 3, 18, 2], [4, 8, 5, 7], [6, 11, 7, 12], [15, 8, 16, 9]]"
12n_0142_33,"[[15, 8, 16, 9], [19, 11, 20, 10], [12, 5, 13, 6], [21, 15, 22, 14], [23, 16, 24, 17], [1, 19, 2, 18], [13, 21, 14, 20], [9, 23, 10, 22], [3, 24, 4, 1], [17, 3, 18, 2], [4, 8, 5, 7], [6, 11, 7, 12]]"
12n_0142_34,"[[6, 11, 7, 12], [15, 8, 16, 9], [19, 11, 20, 10], [12, 5, 13, 6], [21, 15, 22, 14], [23, 16, 24, 17], [1, 19, 2, 18], [13, 21, 14, 20], [9, 23, 10, 22], [3, 24, 4, 1], [17, 3, 18, 2], [4, 8, 5, 7]]"
12n_0142_35,"[[4, 8, 5, 7], [6, 11, 7, 12], [15, 8, 16, 9], [19, 11, 20, 10], [12, 5, 13, 6], [21, 15, 22, 14], [23, 16, 24, 17], [1, 19, 2, 18], [13, 21, 14, 20], [9, 23, 10, 22], [3, 24, 4, 1], [17, 3, 18, 2]]"
12n_0142_36,"[[18, 4, 19, 3], [5, 9, 6, 8], [7, 12, 8, 13], [16, 9, 17, 10], [20, 12, 21, 11], [13, 6, 14, 7], [22, 16, 23, 15], [24, 17, 1, 18], [2, 20, 3, 19], [14, 22, 15, 21], [10, 24, 11, 23], [4, 1, 5, 2]]"
12n_0142_37,"[[4, 1, 5, 2], [18, 4, 19, 3], [5, 9, 6, 8], [7, 12, 8, 13], [16, 9, 17, 10], [20, 12, 21, 11], [13, 6, 14, 7], [22, 16, 23, 15], [24, 17, 1, 18], [2, 20, 3, 19], [14, 22, 15, 21], [10, 24, 11, 23]]"
12n_0142_38,"[[10, 24, 11, 23], [4, 1, 5, 2], [18, 4, 19, 3], [5, 9, 6, 8], [7, 12, 8, 13], [16, 9, 17, 10], [20, 12, 21, 11], [13, 6, 14, 7], [22, 16, 23, 15], [24, 17, 1, 18], [2, 20, 3, 19], [14, 22, 15, 21]]"
12n_0142_39,"[[14, 22, 15, 21], [10, 24, 11, 23], [4, 1, 5, 2], [18, 4, 19, 3], [5, 9, 6, 8], [7, 12, 8, 13], [16, 9, 17, 10], [20, 12, 21, 11], [13, 6, 14, 7], [22, 16, 23, 15], [24, 17, 1, 18], [2, 20, 3, 19]]"
12n_0142_40,"[[2, 20, 3, 19], [14, 22, 15, 21], [10, 24, 11, 23], [4, 1, 5, 2], [18, 4, 19, 3], [5, 9, 6, 8], [7, 12, 8, 13], [16, 9, 17, 10], [20, 12, 21, 11], [13, 6, 14, 7], [22, 16, 23, 15], [24, 17, 1, 18]]"
12n_0142_41,"[[24, 17, 1, 18], [2, 20, 3, 19], [14, 22, 15, 21], [10, 24, 11, 23], [4, 1, 5, 2], [18, 4, 19, 3], [5, 9, 6, 8], [7, 12, 8, 13], [16, 9, 17, 10], [20, 12, 21, 11], [13, 6, 14, 7], [22, 16, 23, 15]]"
12n_0142_42,"[[22, 16, 23, 15], [24, 17, 1, 18], [2, 20, 3, 19], [14, 22, 15, 21], [10, 24, 11, 23], [4, 1, 5, 2], [18, 4, 19, 3], [5, 9, 6, 8], [7, 12, 8, 13], [16, 9, 17, 10], [20, 12, 21, 11], [13, 6, 14, 7]]"
12n_0142_43,"[[13, 6, 14, 7], [22, 16, 23, 15], [24, 17, 1, 18], [2, 20, 3, 19], [14, 22, 15, 21], [10, 24, 11, 23], [4, 1, 5, 2], [18, 4, 19, 3], [5, 9, 6, 8], [7, 12, 8, 13], [16, 9, 17, 10], [20, 12, 21, 11]]"
12n_0142_44,"[[20, 12, 21, 11], [13, 6, 14, 7], [22, 16, 23, 15], [24, 17, 1, 18], [2, 20, 3, 19], [14, 22, 15, 21], [10, 24, 11, 23], [4, 1, 5, 2], [18, 4, 19, 3], [5, 9, 6, 8], [7, 12, 8, 13], [16, 9, 17, 10]]"
12n_0142_45,"[[16, 9, 17, 10], [20, 12, 21, 11], [13, 6, 14, 7], [22, 16, 23, 15], [24, 17, 1, 18], [2, 20, 3, 19], [14, 22, 15, 21], [10, 24, 11, 23], [4, 1, 5, 2], [18, 4, 19, 3], [5, 9, 6, 8], [7, 12, 8, 13]]"
12n_0142_46,"[[7, 12, 8, 13], [16, 9, 17, 10], [20, 12, 21, 11], [13, 6, 14, 7], [22, 16, 23, 15], [24, 17, 1, 18], [2, 20, 3, 19], [14, 22, 15, 21], [10, 24, 11, 23], [4, 1, 5, 2], [18, 4, 19, 3], [5, 9, 6, 8]]"
12n_0142_47,"[[5, 9, 6, 8], [7, 12, 8, 13], [16, 9, 17, 10], [20, 12, 21, 11], [13, 6, 14, 7], [22, 16, 23, 15], [24, 17, 1, 18], [2, 20, 3, 19], [14, 22, 15, 21], [10, 24, 11, 23], [4, 1, 5, 2], [18, 4, 19, 3]]"
12n_0142_48,"[[19, 5, 20, 4], [6, 10, 7, 9], [8, 13, 9, 14], [17, 10, 18, 11], [21, 13, 22, 12], [14, 7, 15, 8], [23, 17, 24, 16], [1, 18, 2, 19], [3, 21, 4, 20], [15, 23, 16, 22], [11, 1, 12, 24], [5, 2, 6, 3]]"
12n_0142_49,"[[5, 2, 6, 3], [19, 5, 20, 4], [6, 10, 7, 9], [8, 13, 9, 14], [17, 10, 18, 11], [21, 13, 22, 12], [14, 7, 15, 8], [23, 17, 24, 16], [1, 18, 2, 19], [3, 21, 4, 20], [15, 23, 16, 22], [11, 1, 12, 24]]"
12n_0142_50,"[[11, 1, 12, 24], [5, 2, 6, 3], [19, 5, 20, 4], [6, 10, 7, 9], [8, 13, 9, 14], [17, 10, 18, 11], [21, 13, 22, 12], [14, 7, 15, 8], [23, 17, 24, 16], [1, 18, 2, 19], [3, 21, 4, 20], [15, 23, 16, 22]]"
12n_0142_51,"[[15, 23, 16, 22], [11, 1, 12, 24], [5, 2, 6, 3], [19, 5, 20, 4], [6, 10, 7, 9], [8, 13, 9, 14], [17, 10, 18, 11], [21, 13, 22, 12], [14, 7, 15, 8], [23, 17, 24, 16], [1, 18, 2, 19], [3, 21, 4, 20]]"
12n_0142_52,"[[3, 21, 4, 20], [15, 23, 16, 22], [11, 1, 12, 24], [5, 2, 6, 3], [19, 5, 20, 4], [6, 10, 7, 9], [8, 13, 9, 14], [17, 10, 18, 11], [21, 13, 22, 12], [14, 7, 15, 8], [23, 17, 24, 16], [1, 18, 2, 19]]"
12n_0142_53,"[[1, 18, 2, 19], [3, 21, 4, 20], [15, 23, 16, 22], [11, 1, 12, 24], [5, 2, 6, 3], [19, 5, 20, 4], [6, 10, 7, 9], [8, 13, 9, 14], [17, 10, 18, 11], [21, 13, 22, 12], [14, 7, 15, 8], [23, 17, 24, 16]]"
12n_0142_54,"[[23, 17, 24, 16], [1, 18, 2, 19], [3, 21, 4, 20], [15, 23, 16, 22], [11, 1, 12, 24], [5, 2, 6, 3], [19, 5, 20, 4], [6, 10, 7, 9], [8, 13, 9, 14], [17, 10, 18, 11], [21, 13, 22, 12], [14, 7, 15, 8]]"
12n_0142_55,"[[14, 7, 15, 8], [23, 17, 24, 16], [1, 18, 2, 19], [3, 21, 4, 20], [15, 23, 16, 22], [11, 1, 12, 24], [5, 2, 6, 3], [19, 5, 20, 4], [6, 10, 7, 9], [8, 13, 9, 14], [17, 10, 18, 11], [21, 13, 22, 12]]"
12n_0142_56,"[[21, 13, 22, 12], [14, 7, 15, 8], [23, 17, 24, 16], [1, 18, 2, 19], [3, 21, 4, 20], [15, 23, 16, 22], [11, 1, 12, 24], [5, 2, 6, 3], [19, 5, 20, 4], [6, 10, 7, 9], [8, 13, 9, 14], [17, 10, 18, 11]]"
12n_0142_57,"[[17, 10, 18, 11], [21, 13, 22, 12], [14, 7, 15, 8], [23, 17, 24, 16], [1, 18, 2, 19], [3, 21, 4, 20], [15, 23, 16, 22], [11, 1, 12, 24], [5, 2, 6, 3], [19, 5, 20, 4], [6, 10, 7, 9], [8, 13, 9, 14]]"
12n_0142_58,"[[8, 13, 9, 14], [17, 10, 18, 11], [21, 13, 22, 12], [14, 7, 15, 8], [23, 17, 24, 16], [1, 18, 2, 19], [3, 21, 4, 20], [15, 23, 16, 22], [11, 1, 12, 24], [5, 2, 6, 3], [19, 5, 20, 4], [6, 10, 7, 9]]"
12n_0142_59,"[[6, 10, 7, 9], [8, 13, 9, 14], [17, 10, 18, 11], [21, 13, 22, 12], [14, 7, 15, 8], [23, 17, 24, 16], [1, 18, 2, 19], [3, 21, 4, 20], [15, 23, 16, 22], [11, 1, 12, 24], [5, 2, 6, 3], [19, 5, 20, 4]]"
12n_0142_60,"[[20, 6, 21, 5], [7, 11, 8, 10], [9, 14, 10, 15], [18, 11, 19, 12], [22, 14, 23, 13], [15, 8, 16, 9], [24, 18, 1, 17], [2, 19, 3, 20], [4, 22, 5, 21], [16, 24, 17, 23], [12, 2, 13, 1], [6, 3, 7, 4]]"
12n_0142_61,"[[6, 3, 7, 4], [20, 6, 21, 5], [7, 11, 8, 10], [9, 14, 10, 15], [18, 11, 19, 12], [22, 14, 23, 13], [15, 8, 16, 9], [24, 18, 1, 17], [2, 19, 3, 20], [4, 22, 5, 21], [16, 24, 17, 23], [12, 2, 13, 1]]"
12n_0142_62,"[[12, 2, 13, 1], [6, 3, 7, 4], [20, 6, 21, 5], [7, 11, 8, 10], [9, 14, 10, 15], [18, 11, 19, 12], [22, 14, 23, 13], [15, 8, 16, 9], [24, 18, 1, 17], [2, 19, 3, 20], [4, 22, 5, 21], [16, 24, 17, 23]]"
12n_0142_63,"[[16, 24, 17, 23], [12, 2, 13, 1], [6, 3, 7, 4], [20, 6, 21, 5], [7, 11, 8, 10], [9, 14, 10, 15], [18, 11, 19, 12], [22, 14, 23, 13], [15, 8, 16, 9], [24, 18, 1, 17], [2, 19, 3, 20], [4, 22, 5, 21]]"
12n_0142_64,"[[4, 22, 5, 21], [16, 24, 17, 23], [12, 2, 13, 1], [6, 3, 7, 4], [20, 6, 21, 5], [7, 11, 8, 10], [9, 14, 10, 15], [18, 11, 19, 12], [22, 14, 23, 13], [15, 8, 16, 9], [24, 18, 1, 17], [2, 19, 3, 20]]"
12n_0142_65,"[[2, 19, 3, 20], [4, 22, 5, 21], [16, 24, 17, 23], [12, 2, 13, 1], [6, 3, 7, 4], [20, 6, 21, 5], [7, 11, 8, 10], [9, 14, 10, 15], [18, 11, 19, 12], [22, 14, 23, 13], [15, 8, 16, 9], [24, 18, 1, 17]]"
12n_0142_66,"[[24, 18, 1, 17], [2, 19, 3, 20], [4, 22, 5, 21], [16, 24, 17, 23], [12, 2, 13, 1], [6, 3, 7, 4], [20, 6, 21, 5], [7, 11, 8, 10], [9, 14, 10, 15], [18, 11, 19, 12], [22, 14, 23, 13], [15, 8, 16, 9]]"
12n_0142_67,"[[15, 8, 16, 9], [24, 18, 1, 17], [2, 19, 3, 20], [4, 22, 5, 21], [16, 24, 17, 23], [12, 2, 13, 1], [6, 3, 7, 4], [20, 6, 21, 5], [7, 11, 8, 10], [9, 14, 10, 15], [18, 11, 19, 12], [22, 14, 23, 13]]"
12n_0142_68,"[[22, 14, 23, 13], [15, 8, 16, 9], [24, 18, 1, 17], [2, 19, 3, 20], [4, 22, 5, 21], [16, 24, 17, 23], [12, 2, 13, 1], [6, 3, 7, 4], [20, 6, 21, 5], [7, 11, 8, 10], [9, 14, 10, 15], [18, 11, 19, 12]]"
12n_0142_69,"[[18, 11, 19, 12], [22, 14, 23, 13], [15, 8, 16, 9], [24, 18, 1, 17], [2, 19, 3, 20], [4, 22, 5, 21], [16, 24, 17, 23], [12, 2, 13, 1], [6, 3, 7, 4], [20, 6, 21, 5], [7, 11, 8, 10], [9, 14, 10, 15]]"
12n_0142_70,"[[9, 14, 10, 15], [18, 11, 19, 12], [22, 14, 23, 13], [15, 8, 16, 9], [24, 18, 1, 17], [2, 19, 3, 20], [4, 22, 5, 21], [16, 24, 17, 23], [12, 2, 13, 1], [6, 3, 7, 4], [20, 6, 21, 5], [7, 11, 8, 10]]"
12n_0142_71,"[[7, 11, 8, 10], [9, 14, 10, 15], [18, 11, 19, 12], [22, 14, 23, 13], [15, 8, 16, 9], [24, 18, 1, 17], [2, 19, 3, 20], [4, 22, 5, 21], [16, 24, 17, 23], [12, 2, 13, 1], [6, 3, 7, 4], [20, 6, 21, 5]]"
12n_0142_72,"[[21, 7, 22, 6], [8, 12, 9, 11], [10, 15, 11, 16], [19, 12, 20, 13], [23, 15, 24, 14], [16, 9, 17, 10], [1, 19, 2, 18], [3, 20, 4, 21], [5, 23, 6, 22], [17, 1, 18, 24], [13, 3, 14, 2], [7, 4, 8, 5]]"
12n_0142_73,"[[7, 4, 8, 5], [21, 7, 22, 6], [8, 12, 9, 11], [10, 15, 11, 16], [19, 12, 20, 13], [23, 15, 24, 14], [16, 9, 17, 10], [1, 19, 2, 18], [3, 20, 4, 21], [5, 23, 6, 22], [17, 1, 18, 24], [13, 3, 14, 2]]"
12n_0142_74,"[[13, 3, 14, 2], [7, 4, 8, 5], [21, 7, 22, 6], [8, 12, 9, 11], [10, 15, 11, 16], [19, 12, 20, 13], [23, 15, 24, 14], [16, 9, 17, 10], [1, 19, 2, 18], [3, 20, 4, 21], [5, 23, 6, 22], [17, 1, 18, 24]]"
12n_0142_75,"[[17, 1, 18, 24], [13, 3, 14, 2], [7, 4, 8, 5], [21, 7, 22, 6], [8, 12, 9, 11], [10, 15, 11, 16], [19, 12, 20, 13], [23, 15, 24, 14], [16, 9, 17, 10], [1, 19, 2, 18], [3, 20, 4, 21], [5, 23, 6, 22]]"
12n_0142_76,"[[5, 23, 6, 22], [17, 1, 18, 24], [13, 3, 14, 2], [7, 4, 8, 5], [21, 7, 22, 6], [8, 12, 9, 11], [10, 15, 11, 16], [19, 12, 20, 13], [23, 15, 24, 14], [16, 9, 17, 10], [1, 19, 2, 18], [3, 20, 4, 21]]"
12n_0142_77,"[[3, 20, 4, 21], [5, 23, 6, 22], [17, 1, 18, 24], [13, 3, 14, 2], [7, 4, 8, 5], [21, 7, 22, 6], [8, 12, 9, 11], [10, 15, 11, 16], [19, 12, 20, 13], [23, 15, 24, 14], [16, 9, 17, 10], [1, 19, 2, 18]]"
12n_0142_78,"[[1, 19, 2, 18], [3, 20, 4, 21], [5, 23, 6, 22], [17, 1, 18, 24], [13, 3, 14, 2], [7, 4, 8, 5], [21, 7, 22, 6], [8, 12, 9, 11], [10, 15, 11, 16], [19, 12, 20, 13], [23, 15, 24, 14], [16, 9, 17, 10]]"
12n_0142_79,"[[16, 9, 17, 10], [1, 19, 2, 18], [3, 20, 4, 21], [5, 23, 6, 22], [17, 1, 18, 24], [13, 3, 14, 2], [7, 4, 8, 5], [21, 7, 22, 6], [8, 12, 9, 11], [10, 15, 11, 16], [19, 12, 20, 13], [23, 15, 24, 14]]"
12n_0142_80,"[[23, 15, 24, 14], [16, 9, 17, 10], [1, 19, 2, 18], [3, 20, 4, 21], [5, 23, 6, 22], [17, 1, 18, 24], [13, 3, 14, 2], [7, 4, 8, 5], [21, 7, 22, 6], [8, 12, 9, 11], [10, 15, 11, 16], [19, 12, 20, 13]]"
12n_0142_81,"[[19, 12, 20, 13], [23, 15, 24, 14], [16, 9, 17, 10], [1, 19, 2, 18], [3, 20, 4, 21], [5, 23, 6, 22], [17, 1, 18, 24], [13, 3, 14, 2], [7, 4, 8, 5], [21, 7, 22, 6], [8, 12, 9, 11], [10, 15, 11, 16]]"
12n_0142_82,"[[10, 15, 11, 16], [19, 12, 20, 13], [23, 15, 24, 14], [16, 9, 17, 10], [1, 19, 2, 18], [3, 20, 4, 21], [5, 23, 6, 22], [17, 1, 18, 24], [13, 3, 14, 2], [7, 4, 8, 5], [21, 7, 22, 6], [8, 12, 9, 11]]"
12n_0142_83,"[[8, 12, 9, 11], [10, 15, 11, 16], [19, 12, 20, 13], [23, 15, 24, 14], [16, 9, 17, 10], [1, 19, 2, 18], [3, 20, 4, 21], [5, 23, 6, 22], [17, 1, 18, 24], [13, 3, 14, 2], [7, 4, 8, 5], [21, 7, 22, 6]]"
12n_0142_84,"[[22, 8, 23, 7], [9, 13, 10, 12], [11, 16, 12, 17], [20, 13, 21, 14], [24, 16, 1, 15], [17, 10, 18, 11], [2, 20, 3, 19], [4, 21, 5, 22], [6, 24, 7, 23], [18, 2, 19, 1], [14, 4, 15, 3], [8, 5, 9, 6]]"
12n_0142_85,"[[8, 5, 9, 6], [22, 8, 23, 7], [9, 13, 10, 12], [11, 16, 12, 17], [20, 13, 21, 14], [24, 16, 1, 15], [17, 10, 18, 11], [2, 20, 3, 19], [4, 21, 5, 22], [6, 24, 7, 23], [18, 2, 19, 1], [14, 4, 15, 3]]"
12n_0142_86,"[[14, 4, 15, 3], [8, 5, 9, 6], [22, 8, 23, 7], [9, 13, 10, 12], [11, 16, 12, 17], [20, 13, 21, 14], [24, 16, 1, 15], [17, 10, 18, 11], [2, 20, 3, 19], [4, 21, 5, 22], [6, 24, 7, 23], [18, 2, 19, 1]]"
12n_0142_87,"[[18, 2, 19, 1], [14, 4, 15, 3], [8, 5, 9, 6], [22, 8, 23, 7], [9, 13, 10, 12], [11, 16, 12, 17], [20, 13, 21, 14], [24, 16, 1, 15], [17, 10, 18, 11], [2, 20, 3, 19], [4, 21, 5, 22], [6, 24, 7, 23]]"
12n_0142_88,"[[6, 24, 7, 23], [18, 2, 19, 1], [14, 4, 15, 3], [8, 5, 9, 6], [22, 8, 23, 7], [9, 13, 10, 12], [11, 16, 12, 17], [20, 13, 21, 14], [24, 16, 1, 15], [17, 10, 18, 11], [2, 20, 3, 19], [4, 21, 5, 22]]"
12n_0142_89,"[[4, 21, 5, 22], [6, 24, 7, 23], [18, 2, 19, 1], [14, 4, 15, 3], [8, 5, 9, 6], [22, 8, 23, 7], [9, 13, 10, 12], [11, 16, 12, 17], [20, 13, 21, 14], [24, 16, 1, 15], [17, 10, 18, 11], [2, 20, 3, 19]]"
12n_0142_90,"[[2, 20, 3, 19], [4, 21, 5, 22], [6, 24, 7, 23], [18, 2, 19, 1], [14, 4, 15, 3], [8, 5, 9, 6], [22, 8, 23, 7], [9, 13, 10, 12], [11, 16, 12, 17], [20, 13, 21, 14], [24, 16, 1, 15], [17, 10, 18, 11]]"
12n_0142_91,"[[17, 10, 18, 11], [2, 20, 3, 19], [4, 21, 5, 22], [6, 24, 7, 23], [18, 2, 19, 1], [14, 4, 15, 3], [8, 5, 9, 6], [22, 8, 23, 7], [9, 13, 10, 12], [11, 16, 12, 17], [20, 13, 21, 14], [24, 16, 1, 15]]"
12n_0142_92,"[[24, 16, 1, 15], [17, 10, 18, 11], [2, 20, 3, 19], [4, 21, 5, 22], [6, 24, 7, 23], [18, 2, 19, 1], [14, 4, 15, 3], [8, 5, 9, 6], [22, 8, 23, 7], [9, 13, 10, 12], [11, 16, 12, 17], [20, 13, 21, 14]]"
12n_0142_93,"[[20, 13, 21, 14], [24, 16, 1, 15], [17, 10, 18, 11], [2, 20, 3, 19], [4, 21, 5, 22], [6, 24, 7, 23], [18, 2, 19, 1], [14, 4, 15, 3], [8, 5, 9, 6], [22, 8, 23, 7], [9, 13, 10, 12], [11, 16, 12, 17]]"
12n_0142_94,"[[11, 16, 12, 17], [20, 13, 21, 14], [24, 16, 1, 15], [17, 10, 18, 11], [2, 20, 3, 19], [4, 21, 5, 22], [6, 24, 7, 23], [18, 2, 19, 1], [14, 4, 15, 3], [8, 5, 9, 6], [22, 8, 23, 7], [9, 13, 10, 12]]"
12n_0142_95,"[[9, 13, 10, 12], [11, 16, 12, 17], [20, 13, 21, 14], [24, 16, 1, 15], [17, 10, 18, 11], [2, 20, 3, 19], [4, 21, 5, 22], [6, 24, 7, 23], [18, 2, 19, 1], [14, 4, 15, 3], [8, 5, 9, 6], [22, 8, 23, 7]]"
12n_0142_96,"[[23, 9, 24, 8], [10, 14, 11, 13], [12, 17, 13, 18], [21, 14, 22, 15], [1, 17, 2, 16], [18, 11, 19, 12], [3, 21, 4, 20], [5, 22, 6, 23], [7, 1, 8, 24], [19, 3, 20, 2], [15, 5, 16, 4], [9, 6, 10, 7]]"
12n_0142_97,"[[9, 6, 10, 7], [23, 9, 24, 8], [10, 14, 11, 13], [12, 17, 13, 18], [21, 14, 22, 15], [1, 17, 2, 16], [18, 11, 19, 12], [3, 21, 4, 20], [5, 22, 6, 23], [7, 1, 8, 24], [19, 3, 20, 2], [15, 5, 16, 4]]"
12n_0142_98,"[[15, 5, 16, 4], [9, 6, 10, 7], [23, 9, 24, 8], [10, 14, 11, 13], [12, 17, 13, 18], [21, 14, 22, 15], [1, 17, 2, 16], [18, 11, 19, 12], [3, 21, 4, 20], [5, 22, 6, 23], [7, 1, 8, 24], [19, 3, 20, 2]]"
12n_0142_99,"[[19, 3, 20, 2], [15, 5, 16, 4], [9, 6, 10, 7], [23, 9, 24, 8], [10, 14, 11, 13], [12, 17, 13, 18], [21, 14, 22, 15], [1, 17, 2, 16], [18, 11, 19, 12], [3, 21, 4, 20], [5, 22, 6, 23], [7, 1, 8, 24]]"
12n_0142_100,"[[7, 1, 8, 24], [19, 3, 20, 2], [15, 5, 16, 4], [9, 6, 10, 7], [23, 9, 24, 8], [10, 14, 11, 13], [12, 17, 13, 18], [21, 14, 22, 15], [1, 17, 2, 16], [18, 11, 19, 12], [3, 21, 4, 20], [5, 22, 6, 23]]"
12n_0142_101,"[[5, 22, 6, 23], [7, 1, 8, 24], [19, 3, 20, 2], [15, 5, 16, 4], [9, 6, 10, 7], [23, 9, 24, 8], [10, 14, 11, 13], [12, 17, 13, 18], [21, 14, 22, 15], [1, 17, 2, 16], [18, 11, 19, 12], [3, 21, 4, 20]]"
12n_0142_102,"[[3, 21, 4, 20], [5, 22, 6, 23], [7, 1, 8, 24], [19, 3, 20, 2], [15, 5, 16, 4], [9, 6, 10, 7], [23, 9, 24, 8], [10, 14, 11, 13], [12, 17, 13, 18], [21, 14, 22, 15], [1, 17, 2, 16], [18, 11, 19, 12]]"
12n_0142_103,"[[18, 11, 19, 12], [3, 21, 4, 20], [5, 22, 6, 23], [7, 1, 8, 24], [19, 3, 20, 2], [15, 5, 16, 4], [9, 6, 10, 7], [23, 9, 24, 8], [10, 14, 11, 13], [12, 17, 13, 18], [21, 14, 22, 15], [1, 17, 2, 16]]"
12n_0142_104,"[[1, 17, 2, 16], [18, 11, 19, 12], [3, 21, 4, 20], [5, 22, 6, 23], [7, 1, 8, 24], [19, 3, 20, 2], [15, 5, 16, 4], [9, 6, 10, 7], [23, 9, 24, 8], [10, 14, 11, 13], [12, 17, 13, 18], [21, 14, 22, 15]]"
12n_0142_105,"[[21, 14, 22, 15], [1, 17, 2, 16], [18, 11, 19, 12], [3, 21, 4, 20], [5, 22, 6, 23], [7, 1, 8, 24], [19, 3, 20, 2], [15, 5, 16, 4], [9, 6, 10, 7], [23, 9, 24, 8], [10, 14, 11, 13], [12, 17, 13, 18]]"
12n_0142_106,"[[12, 17, 13, 18], [21, 14, 22, 15], [1, 17, 2, 16], [18, 11, 19, 12], [3, 21, 4, 20], [5, 22, 6, 23], [7, 1, 8, 24], [19, 3, 20, 2], [15, 5, 16, 4], [9, 6, 10, 7], [23, 9, 24, 8], [10, 14, 11, 13]]"
12n_0142_107,"[[10, 14, 11, 13], [12, 17, 13, 18], [21, 14, 22, 15], [1, 17, 2, 16], [18, 11, 19, 12], [3, 21, 4, 20], [5, 22, 6, 23], [7, 1, 8, 24], [19, 3, 20, 2], [15, 5, 16, 4], [9, 6, 10, 7], [23, 9, 24, 8]]"
12n_0142_108,"[[24, 10, 1, 9], [11, 15, 12, 14], [13, 18, 14, 19], [22, 15, 23, 16], [2, 18, 3, 17], [19, 12, 20, 13], [4, 22, 5, 21], [6, 23, 7, 24], [8, 2, 9, 1], [20, 4, 21, 3], [16, 6, 17, 5], [10, 7, 11, 8]]"
12n_0142_109,"[[10, 7, 11, 8], [24, 10, 1, 9], [11, 15, 12, 14], [13, 18, 14, 19], [22, 15, 23, 16], [2, 18, 3, 17], [19, 12, 20, 13], [4, 22, 5, 21], [6, 23, 7, 24], [8, 2, 9, 1], [20, 4, 21, 3], [16, 6, 17, 5]]"
12n_0142_110,"[[16, 6, 17, 5], [10, 7, 11, 8], [24, 10, 1, 9], [11, 15, 12, 14], [13, 18, 14, 19], [22, 15, 23, 16], [2, 18, 3, 17], [19, 12, 20, 13], [4, 22, 5, 21], [6, 23, 7, 24], [8, 2, 9, 1], [20, 4, 21, 3]]"
12n_0142_111,"[[20, 4, 21, 3], [16, 6, 17, 5], [10, 7, 11, 8], [24, 10, 1, 9], [11, 15, 12, 14], [13, 18, 14, 19], [22, 15, 23, 16], [2, 18, 3, 17], [19, 12, 20, 13], [4, 22, 5, 21], [6, 23, 7, 24], [8, 2, 9, 1]]"
12n_0142_112,"[[8, 2, 9, 1], [20, 4, 21, 3], [16, 6, 17, 5], [10, 7, 11, 8], [24, 10, 1, 9], [11, 15, 12, 14], [13, 18, 14, 19], [22, 15, 23, 16], [2, 18, 3, 17], [19, 12, 20, 13], [4, 22, 5, 21], [6, 23, 7, 24]]"
12n_0142_113,"[[6, 23, 7, 24], [8, 2, 9, 1], [20, 4, 21, 3], [16, 6, 17, 5], [10, 7, 11, 8], [24, 10, 1, 9], [11, 15, 12, 14], [13, 18, 14, 19], [22, 15, 23, 16], [2, 18, 3, 17], [19, 12, 20, 13], [4, 22, 5, 21]]"
12n_0142_114,"[[4, 22, 5, 21], [6, 23, 7, 24], [8, 2, 9, 1], [20, 4, 21, 3], [16, 6, 17, 5], [10, 7, 11, 8], [24, 10, 1, 9], [11, 15, 12, 14], [13, 18, 14, 19], [22, 15, 23, 16], [2, 18, 3, 17], [19, 12, 20, 13]]"
12n_0142_115,"[[19, 12, 20, 13], [4, 22, 5, 21], [6, 23, 7, 24], [8, 2, 9, 1], [20, 4, 21, 3], [16, 6, 17, 5], [10, 7, 11, 8], [24, 10, 1, 9], [11, 15, 12, 14], [13, 18, 14, 19], [22, 15, 23, 16], [2, 18, 3, 17]]"
12n_0142_116,"[[2, 18, 3, 17], [19, 12, 20, 13], [4, 22, 5, 21], [6, 23, 7, 24], [8, 2, 9, 1], [20, 4, 21, 3], [16, 6, 17, 5], [10, 7, 11, 8], [24, 10, 1, 9], [11, 15, 12, 14], [13, 18, 14, 19], [22, 15, 23, 16]]"
12n_0142_117,"[[22, 15, 23, 16], [2, 18, 3, 17], [19, 12, 20, 13], [4, 22, 5, 21], [6, 23, 7, 24], [8, 2, 9, 1], [20, 4, 21, 3], [16, 6, 17, 5], [10, 7, 11, 8], [24, 10, 1, 9], [11, 15, 12, 14], [13, 18, 14, 19]]"
12n_0142_118,"[[13, 18, 14, 19], [22, 15, 23, 16], [2, 18, 3, 17], [19, 12, 20, 13], [4, 22, 5, 21], [6, 23, 7, 24], [8, 2, 9, 1], [20, 4, 21, 3], [16, 6, 17, 5], [10, 7, 11, 8], [24, 10, 1, 9], [11, 15, 12, 14]]"
12n_0142_119,"[[11, 15, 12, 14], [13, 18, 14, 19], [22, 15, 23, 16], [2, 18, 3, 17], [19, 12, 20, 13], [4, 22, 5, 21], [6, 23, 7, 24], [8, 2, 9, 1], [20, 4, 21, 3], [16, 6, 17, 5], [10, 7, 11, 8], [24, 10, 1, 9]]"
12n_0142_120,"[[1, 11, 2, 10], [12, 16, 13, 15], [14, 19, 15, 20], [23, 16, 24, 17], [3, 19, 4, 18], [20, 13, 21, 14], [5, 23, 6, 22], [7, 24, 8, 1], [9, 3, 10, 2], [21, 5, 22, 4], [17, 7, 18, 6], [11, 8, 12, 9]]"
12n_0142_121,"[[11, 8, 12, 9], [1, 11, 2, 10], [12, 16, 13, 15], [14, 19, 15, 20], [23, 16, 24, 17], [3, 19, 4, 18], [20, 13, 21, 14], [5, 23, 6, 22], [7, 24, 8, 1], [9, 3, 10, 2], [21, 5, 22, 4], [17, 7, 18, 6]]"
12n_0142_122,"[[17, 7, 18, 6], [11, 8, 12, 9], [1, 11, 2, 10], [12, 16, 13, 15], [14, 19, 15, 20], [23, 16, 24, 17], [3, 19, 4, 18], [20, 13, 21, 14], [5, 23, 6, 22], [7, 24, 8, 1], [9, 3, 10, 2], [21, 5, 22, 4]]"
12n_0142_123,"[[21, 5, 22, 4], [17, 7, 18, 6], [11, 8, 12, 9], [1, 11, 2, 10], [12, 16, 13, 15], [14, 19, 15, 20], [23, 16, 24, 17], [3, 19, 4, 18], [20, 13, 21, 14], [5, 23, 6, 22], [7, 24, 8, 1], [9, 3, 10, 2]]"
12n_0142_124,"[[9, 3, 10, 2], [21, 5, 22, 4], [17, 7, 18, 6], [11, 8, 12, 9], [1, 11, 2, 10], [12, 16, 13, 15], [14, 19, 15, 20], [23, 16, 24, 17], [3, 19, 4, 18], [20, 13, 21, 14], [5, 23, 6, 22], [7, 24, 8, 1]]"
12n_0142_125,"[[7, 24, 8, 1], [9, 3, 10, 2], [21, 5, 22, 4], [17, 7, 18, 6], [11, 8, 12, 9], [1, 11, 2, 10], [12, 16, 13, 15], [14, 19, 15, 20], [23, 16, 24, 17], [3, 19, 4, 18], [20, 13, 21, 14], [5, 23, 6, 22]]"
12n_0142_126,"[[5, 23, 6, 22], [7, 24, 8, 1], [9, 3, 10, 2], [21, 5, 22, 4], [17, 7, 18, 6], [11, 8, 12, 9], [1, 11, 2, 10], [12, 16, 13, 15], [14, 19, 15, 20], [23, 16, 24, 17], [3, 19, 4, 18], [20, 13, 21, 14]]"
12n_0142_127,"[[20, 13, 21, 14], [5, 23, 6, 22], [7, 24, 8, 1], [9, 3, 10, 2], [21, 5, 22, 4], [17, 7, 18, 6], [11, 8, 12, 9], [1, 11, 2, 10], [12, 16, 13, 15], [14, 19, 15, 20], [23, 16, 24, 17], [3, 19, 4, 18]]"
12n_0142_128,"[[3, 19, 4, 18], [20, 13, 21, 14], [5, 23, 6, 22], [7, 24, 8, 1], [9, 3, 10, 2], [21, 5, 22, 4], [17, 7, 18, 6], [11, 8, 12, 9], [1, 11, 2, 10], [12, 16, 13, 15], [14, 19, 15, 20], [23, 16, 24, 17]]"
12n_0142_129,"[[23, 16, 24, 17], [3, 19, 4, 18], [20, 13, 21, 14], [5, 23, 6, 22], [7, 24, 8, 1], [9, 3, 10, 2], [21, 5, 22, 4], [17, 7, 18, 6], [11, 8, 12, 9], [1, 11, 2, 10], [12, 16, 13, 15], [14, 19, 15, 20]]"
12n_0142_130,"[[14, 19, 15, 20], [23, 16, 24, 17], [3, 19, 4, 18], [20, 13, 21, 14], [5, 23, 6, 22], [7, 24, 8, 1], [9, 3, 10, 2], [21, 5, 22, 4], [17, 7, 18, 6], [11, 8, 12, 9], [1, 11, 2, 10], [12, 16, 13, 15]]"
12n_0142_131,"[[12, 16, 13, 15], [14, 19, 15, 20], [23, 16, 24, 17], [3, 19, 4, 18], [20, 13, 21, 14], [5, 23, 6, 22], [7, 24, 8, 1], [9, 3, 10, 2], [21, 5, 22, 4], [17, 7, 18, 6], [11, 8, 12, 9], [1, 11, 2, 10]]"
12n_0142_132,"[[2, 12, 3, 11], [13, 17, 14, 16], [15, 20, 16, 21], [24, 17, 1, 18], [4, 20, 5, 19], [21, 14, 22, 15], [6, 24, 7, 23], [8, 1, 9, 2], [10, 4, 11, 3], [22, 6, 23, 5], [18, 8, 19, 7], [12, 9, 13, 10]]"
12n_0142_133,"[[12, 9, 13, 10], [2, 12, 3, 11], [13, 17, 14, 16], [15, 20, 16, 21], [24, 17, 1, 18], [4, 20, 5, 19], [21, 14, 22, 15], [6, 24, 7, 23], [8, 1, 9, 2], [10, 4, 11, 3], [22, 6, 23, 5], [18, 8, 19, 7]]"
12n_0142_134,"[[18, 8, 19, 7], [12, 9, 13, 10], [2, 12, 3, 11], [13, 17, 14, 16], [15, 20, 16, 21], [24, 17, 1, 18], [4, 20, 5, 19], [21, 14, 22, 15], [6, 24, 7, 23], [8, 1, 9, 2], [10, 4, 11, 3], [22, 6, 23, 5]]"
12n_0142_135,"[[22, 6, 23, 5], [18, 8, 19, 7], [12, 9, 13, 10], [2, 12, 3, 11], [13, 17, 14, 16], [15, 20, 16, 21], [24, 17, 1, 18], [4, 20, 5, 19], [21, 14, 22, 15], [6, 24, 7, 23], [8, 1, 9, 2], [10, 4, 11, 3]]"
12n_0142_136,"[[10, 4, 11, 3], [22, 6, 23, 5], [18, 8, 19, 7], [12, 9, 13, 10], [2, 12, 3, 11], [13, 17, 14, 16], [15, 20, 16, 21], [24, 17, 1, 18], [4, 20, 5, 19], [21, 14, 22, 15], [6, 24, 7, 23], [8, 1, 9, 2]]"
12n_0142_137,"[[8, 1, 9, 2], [10, 4, 11, 3], [22, 6, 23, 5], [18, 8, 19, 7], [12, 9, 13, 10], [2, 12, 3, 11], [13, 17, 14, 16], [15, 20, 16, 21], [24, 17, 1, 18], [4, 20, 5, 19], [21, 14, 22, 15], [6, 24, 7, 23]]"
12n_0142_138,"[[6, 24, 7, 23], [8, 1, 9, 2], [10, 4, 11, 3], [22, 6, 23, 5], [18, 8, 19, 7], [12, 9, 13, 10], [2, 12, 3, 11], [13, 17, 14, 16], [15, 20, 16, 21], [24, 17, 1, 18], [4, 20, 5, 19], [21, 14, 22, 15]]"
12n_0142_139,"[[21, 14, 22, 15], [6, 24, 7, 23], [8, 1, 9, 2], [10, 4, 11, 3], [22, 6, 23, 5], [18, 8, 19, 7], [12, 9, 13, 10], [2, 12, 3, 11], [13, 17, 14, 16], [15, 20, 16, 21], [24, 17, 1, 18], [4, 20, 5, 19]]"
12n_0142_140,"[[4, 20, 5, 19], [21, 14, 22, 15], [6, 24, 7, 23], [8, 1, 9, 2], [10, 4, 11, 3], [22, 6, 23, 5], [18, 8, 19, 7], [12, 9, 13, 10], [2, 12, 3, 11], [13, 17, 14, 16], [15, 20, 16, 21], [24, 17, 1, 18]]"
12n_0142_141,"[[24, 17, 1, 18], [4, 20, 5, 19], [21, 14, 22, 15], [6, 24, 7, 23], [8, 1, 9, 2], [10, 4, 11, 3], [22, 6, 23, 5], [18, 8, 19, 7], [12, 9, 13, 10], [2, 12, 3, 11], [13, 17, 14, 16], [15, 20, 16, 21]]"
12n_0142_142,"[[15, 20, 16, 21], [24, 17, 1, 18], [4, 20, 5, 19], [21, 14, 22, 15], [6, 24, 7, 23], [8, 1, 9, 2], [10, 4, 11, 3], [22, 6, 23, 5], [18, 8, 19, 7], [12, 9, 13, 10], [2, 12, 3, 11], [13, 17, 14, 16]]"
12n_0142_143,"[[13, 17, 14, 16], [15, 20, 16, 21], [24, 17, 1, 18], [4, 20, 5, 19], [21, 14, 22, 15], [6, 24, 7, 23], [8, 1, 9, 2], [10, 4, 11, 3], [22, 6, 23, 5], [18, 8, 19, 7], [12, 9, 13, 10], [2, 12, 3, 11]]"
12n_0142_144,"[[3, 13, 4, 12], [14, 18, 15, 17], [16, 21, 17, 22], [1, 18, 2, 19], [5, 21, 6, 20], [22, 15, 23, 16], [7, 1, 8, 24], [9, 2, 10, 3], [11, 5, 12, 4], [23, 7, 24, 6], [19, 9, 20, 8], [13, 10, 14, 11]]"
12n_0142_145,"[[13, 10, 14, 11], [3, 13, 4, 12], [14, 18, 15, 17], [16, 21, 17, 22], [1, 18, 2, 19], [5, 21, 6, 20], [22, 15, 23, 16], [7, 1, 8, 24], [9, 2, 10, 3], [11, 5, 12, 4], [23, 7, 24, 6], [19, 9, 20, 8]]"
12n_0142_146,"[[19, 9, 20, 8], [13, 10, 14, 11], [3, 13, 4, 12], [14, 18, 15, 17], [16, 21, 17, 22], [1, 18, 2, 19], [5, 21, 6, 20], [22, 15, 23, 16], [7, 1, 8, 24], [9, 2, 10, 3], [11, 5, 12, 4], [23, 7, 24, 6]]"
12n_0142_147,"[[23, 7, 24, 6], [19, 9, 20, 8], [13, 10, 14, 11], [3, 13, 4, 12], [14, 18, 15, 17], [16, 21, 17, 22], [1, 18, 2, 19], [5, 21, 6, 20], [22, 15, 23, 16], [7, 1, 8, 24], [9, 2, 10, 3], [11, 5, 12, 4]]"
12n_0142_148,"[[11, 5, 12, 4], [23, 7, 24, 6], [19, 9, 20, 8], [13, 10, 14, 11], [3, 13, 4, 12], [14, 18, 15, 17], [16, 21, 17, 22], [1, 18, 2, 19], [5, 21, 6, 20], [22, 15, 23, 16], [7, 1, 8, 24], [9, 2, 10, 3]]"
12n_0142_149,"[[9, 2, 10, 3], [11, 5, 12, 4], [23, 7, 24, 6], [19, 9, 20, 8], [13, 10, 14, 11], [3, 13, 4, 12], [14, 18, 15, 17], [16, 21, 17, 22], [1, 18, 2, 19], [5, 21, 6, 20], [22, 15, 23, 16], [7, 1, 8, 24]]"
12n_0142_150,"[[7, 1, 8, 24], [9, 2, 10, 3], [11, 5, 12, 4], [23, 7, 24, 6], [19, 9, 20, 8], [13, 10, 14, 11], [3, 13, 4, 12], [14, 18, 15, 17], [16, 21, 17, 22], [1, 18, 2, 19], [5, 21, 6, 20], [22, 15, 23, 16]]"
12n_0142_151,"[[22, 15, 23, 16], [7, 1, 8, 24], [9, 2, 10, 3], [11, 5, 12, 4], [23, 7, 24, 6], [19, 9, 20, 8], [13, 10, 14, 11], [3, 13, 4, 12], [14, 18, 15, 17], [16, 21, 17, 22], [1, 18, 2, 19], [5, 21, 6, 20]]"
12n_0142_152,"[[5, 21, 6, 20], [22, 15, 23, 16], [7, 1, 8, 24], [9, 2, 10, 3], [11, 5, 12, 4], [23, 7, 24, 6], [19, 9, 20, 8], [13, 10, 14, 11], [3, 13, 4, 12], [14, 18, 15, 17], [16, 21, 17, 22], [1, 18, 2, 19]]"
12n_0142_153,"[[1, 18, 2, 19], [5, 21, 6, 20], [22, 15, 23, 16], [7, 1, 8, 24], [9, 2, 10, 3], [11, 5, 12, 4], [23, 7, 24, 6], [19, 9, 20, 8], [13, 10, 14, 11], [3, 13, 4, 12], [14, 18, 15, 17], [16, 21, 17, 22]]"
12n_0142_154,"[[16, 21, 17, 22], [1, 18, 2, 19], [5, 21, 6, 20], [22, 15, 23, 16], [7, 1, 8, 24], [9, 2, 10, 3], [11, 5, 12, 4], [23, 7, 24, 6], [19, 9, 20, 8], [13, 10, 14, 11], [3, 13, 4, 12], [14, 18, 15, 17]]"
12n_0142_155,"[[14, 18, 15, 17], [16, 21, 17, 22], [1, 18, 2, 19], [5, 21, 6, 20], [22, 15, 23, 16], [7, 1, 8, 24], [9, 2, 10, 3], [11, 5, 12, 4], [23, 7, 24, 6], [19, 9, 20, 8], [13, 10, 14, 11], [3, 13, 4, 12]]"
12n_0142_156,"[[4, 14, 5, 13], [15, 19, 16, 18], [17, 22, 18, 23], [2, 19, 3, 20], [6, 22, 7, 21], [23, 16, 24, 17], [8, 2, 9, 1], [10, 3, 11, 4], [12, 6, 13, 5], [24, 8, 1, 7], [20, 10, 21, 9], [14, 11, 15, 12]]"
12n_0142_157,"[[14, 11, 15, 12], [4, 14, 5, 13], [15, 19, 16, 18], [17, 22, 18, 23], [2, 19, 3, 20], [6, 22, 7, 21], [23, 16, 24, 17], [8, 2, 9, 1], [10, 3, 11, 4], [12, 6, 13, 5], [24, 8, 1, 7], [20, 10, 21, 9]]"
12n_0142_158,"[[20, 10, 21, 9], [14, 11, 15, 12], [4, 14, 5, 13], [15, 19, 16, 18], [17, 22, 18, 23], [2, 19, 3, 20], [6, 22, 7, 21], [23, 16, 24, 17], [8, 2, 9, 1], [10, 3, 11, 4], [12, 6, 13, 5], [24, 8, 1, 7]]"
12n_0142_159,"[[24, 8, 1, 7], [20, 10, 21, 9], [14, 11, 15, 12], [4, 14, 5, 13], [15, 19, 16, 18], [17, 22, 18, 23], [2, 19, 3, 20], [6, 22, 7, 21], [23, 16, 24, 17], [8, 2, 9, 1], [10, 3, 11, 4], [12, 6, 13, 5]]"
12n_0142_160,"[[12, 6, 13, 5], [24, 8, 1, 7], [20, 10, 21, 9], [14, 11, 15, 12], [4, 14, 5, 13], [15, 19, 16, 18], [17, 22, 18, 23], [2, 19, 3, 20], [6, 22, 7, 21], [23, 16, 24, 17], [8, 2, 9, 1], [10, 3, 11, 4]]"
12n_0142_161,"[[10, 3, 11, 4], [12, 6, 13, 5], [24, 8, 1, 7], [20, 10, 21, 9], [14, 11, 15, 12], [4, 14, 5, 13], [15, 19, 16, 18], [17, 22, 18, 23], [2, 19, 3, 20], [6, 22, 7, 21], [23, 16, 24, 17], [8, 2, 9, 1]]"
12n_0142_162,"[[8, 2, 9, 1], [10, 3, 11, 4], [12, 6, 13, 5], [24, 8, 1, 7], [20, 10, 21, 9], [14, 11, 15, 12], [4, 14, 5, 13], [15, 19, 16, 18], [17, 22, 18, 23], [2, 19, 3, 20], [6, 22, 7, 21], [23, 16, 24, 17]]"
12n_0142_163,"[[23, 16, 24, 17], [8, 2, 9, 1], [10, 3, 11, 4], [12, 6, 13, 5], [24, 8, 1, 7], [20, 10, 21, 9], [14, 11, 15, 12], [4, 14, 5, 13], [15, 19, 16, 18], [17, 22, 18, 23], [2, 19, 3, 20], [6, 22, 7, 21]]"
12n_0142_164,"[[6, 22, 7, 21], [23, 16, 24, 17], [8, 2, 9, 1], [10, 3, 11, 4], [12, 6, 13, 5], [24, 8, 1, 7], [20, 10, 21, 9], [14, 11, 15, 12], [4, 14, 5, 13], [15, 19, 16, 18], [17, 22, 18, 23], [2, 19, 3, 20]]"
12n_0142_165,"[[2, 19, 3, 20], [6, 22, 7, 21], [23, 16, 24, 17], [8, 2, 9, 1], [10, 3, 11, 4], [12, 6, 13, 5], [24, 8, 1, 7], [20, 10, 21, 9], [14, 11, 15, 12], [4, 14, 5, 13], [15, 19, 16, 18], [17, 22, 18, 23]]"
12n_0142_166,"[[17, 22, 18, 23], [2, 19, 3, 20], [6, 22, 7, 21], [23, 16, 24, 17], [8, 2, 9, 1], [10, 3, 11, 4], [12, 6, 13, 5], [24, 8, 1, 7], [20, 10, 21, 9], [14, 11, 15, 12], [4, 14, 5, 13], [15, 19, 16, 18]]"
12n_0142_167,"[[15, 19, 16, 18], [17, 22, 18, 23], [2, 19, 3, 20], [6, 22, 7, 21], [23, 16, 24, 17], [8, 2, 9, 1], [10, 3, 11, 4], [12, 6, 13, 5], [24, 8, 1, 7], [20, 10, 21, 9], [14, 11, 15, 12], [4, 14, 5, 13]]"
12n_0142_168,"[[5, 15, 6, 14], [16, 20, 17, 19], [18, 23, 19, 24], [3, 20, 4, 21], [7, 23, 8, 22], [24, 17, 1, 18], [9, 3, 10, 2], [11, 4, 12, 5], [13, 7, 14, 6], [1, 9, 2, 8], [21, 11, 22, 10], [15, 12, 16, 13]]"
12n_0142_169,"[[15, 12, 16, 13], [5, 15, 6, 14], [16, 20, 17, 19], [18, 23, 19, 24], [3, 20, 4, 21], [7, 23, 8, 22], [24, 17, 1, 18], [9, 3, 10, 2], [11, 4, 12, 5], [13, 7, 14, 6], [1, 9, 2, 8], [21, 11, 22, 10]]"
12n_0142_170,"[[21, 11, 22, 10], [15, 12, 16, 13], [5, 15, 6, 14], [16, 20, 17, 19], [18, 23, 19, 24], [3, 20, 4, 21], [7, 23, 8, 22], [24, 17, 1, 18], [9, 3, 10, 2], [11, 4, 12, 5], [13, 7, 14, 6], [1, 9, 2, 8]]"
12n_0142_171,"[[1, 9, 2, 8], [21, 11, 22, 10], [15, 12, 16, 13], [5, 15, 6, 14], [16, 20, 17, 19], [18, 23, 19, 24], [3, 20, 4, 21], [7, 23, 8, 22], [24, 17, 1, 18], [9, 3, 10, 2], [11, 4, 12, 5], [13, 7, 14, 6]]"
12n_0142_172,"[[13, 7, 14, 6], [1, 9, 2, 8], [21, 11, 22, 10], [15, 12, 16, 13], [5, 15, 6, 14], [16, 20, 17, 19], [18, 23, 19, 24], [3, 20, 4, 21], [7, 23, 8, 22], [24, 17, 1, 18], [9, 3, 10, 2], [11, 4, 12, 5]]"
12n_0142_173,"[[11, 4, 12, 5], [13, 7, 14, 6], [1, 9, 2, 8], [21, 11, 22, 10], [15, 12, 16, 13], [5, 15, 6, 14], [16, 20, 17, 19], [18, 23, 19, 24], [3, 20, 4, 21], [7, 23, 8, 22], [24, 17, 1, 18], [9, 3, 10, 2]]"
12n_0142_174,"[[9, 3, 10, 2], [11, 4, 12, 5], [13, 7, 14, 6], [1, 9, 2, 8], [21, 11, 22, 10], [15, 12, 16, 13], [5, 15, 6, 14], [16, 20, 17, 19], [18, 23, 19, 24], [3, 20, 4, 21], [7, 23, 8, 22], [24, 17, 1, 18]]"
12n_0142_175,"[[24, 17, 1, 18], [9, 3, 10, 2], [11, 4, 12, 5], [13, 7, 14, 6], [1, 9, 2, 8], [21, 11, 22, 10], [15, 12, 16, 13], [5, 15, 6, 14], [16, 20, 17, 19], [18, 23, 19, 24], [3, 20, 4, 21], [7, 23, 8, 22]]"
12n_0142_176,"[[7, 23, 8, 22], [24, 17, 1, 18], [9, 3, 10, 2], [11, 4, 12, 5], [13, 7, 14, 6], [1, 9, 2, 8], [21, 11, 22, 10], [15, 12, 16, 13], [5, 15, 6, 14], [16, 20, 17, 19], [18, 23, 19, 24], [3, 20, 4, 21]]"
12n_0142_177,"[[3, 20, 4, 21], [7, 23, 8, 22], [24, 17, 1, 18], [9, 3, 10, 2], [11, 4, 12, 5], [13, 7, 14, 6], [1, 9, 2, 8], [21, 11, 22, 10], [15, 12, 16, 13], [5, 15, 6, 14], [16, 20, 17, 19], [18, 23, 19, 24]]"
12n_0142_178,"[[18, 23, 19, 24], [3, 20, 4, 21], [7, 23, 8, 22], [24, 17, 1, 18], [9, 3, 10, 2], [11, 4, 12, 5], [13, 7, 14, 6], [1, 9, 2, 8], [21, 11, 22, 10], [15, 12, 16, 13], [5, 15, 6, 14], [16, 20, 17, 19]]"
12n_0142_179,"[[16, 20, 17, 19], [18, 23, 19, 24], [3, 20, 4, 21], [7, 23, 8, 22], [24, 17, 1, 18], [9, 3, 10, 2], [11, 4, 12, 5], [13, 7, 14, 6], [1, 9, 2, 8], [21, 11, 22, 10], [15, 12, 16, 13], [5, 15, 6, 14]]"
12n_0142_180,"[[6, 16, 7, 15], [17, 21, 18, 20], [19, 24, 20, 1], [4, 21, 5, 22], [8, 24, 9, 23], [1, 18, 2, 19], [10, 4, 11, 3], [12, 5, 13, 6], [14, 8, 15, 7], [2, 10, 3, 9], [22, 12, 23, 11], [16, 13, 17, 14]]"
12n_0142_181,"[[16, 13, 17, 14], [6, 16, 7, 15], [17, 21, 18, 20], [19, 24, 20, 1], [4, 21, 5, 22], [8, 24, 9, 23], [1, 18, 2, 19], [10, 4, 11, 3], [12, 5, 13, 6], [14, 8, 15, 7], [2, 10, 3, 9], [22, 12, 23, 11]]"
12n_0142_182,"[[22, 12, 23, 11], [16, 13, 17, 14], [6, 16, 7, 15], [17, 21, 18, 20], [19, 24, 20, 1], [4, 21, 5, 22], [8, 24, 9, 23], [1, 18, 2, 19], [10, 4, 11, 3], [12, 5, 13, 6], [14, 8, 15, 7], [2, 10, 3, 9]]"
12n_0142_183,"[[2, 10, 3, 9], [22, 12, 23, 11], [16, 13, 17, 14], [6, 16, 7, 15], [17, 21, 18, 20], [19, 24, 20, 1], [4, 21, 5, 22], [8, 24, 9, 23], [1, 18, 2, 19], [10, 4, 11, 3], [12, 5, 13, 6], [14, 8, 15, 7]]"
12n_0142_184,"[[14, 8, 15, 7], [2, 10, 3, 9], [22, 12, 23, 11], [16, 13, 17, 14], [6, 16, 7, 15], [17, 21, 18, 20], [19, 24, 20, 1], [4, 21, 5, 22], [8, 24, 9, 23], [1, 18, 2, 19], [10, 4, 11, 3], [12, 5, 13, 6]]"
12n_0142_185,"[[12, 5, 13, 6], [14, 8, 15, 7], [2, 10, 3, 9], [22, 12, 23, 11], [16, 13, 17, 14], [6, 16, 7, 15], [17, 21, 18, 20], [19, 24, 20, 1], [4, 21, 5, 22], [8, 24, 9, 23], [1, 18, 2, 19], [10, 4, 11, 3]]"
