name,pd_notation
12n_0102_0,"[[19, 1, 20, 24], [2, 6, 3, 5], [4, 10, 5, 9], [6, 13, 7, 14], [8, 4, 9, 3], [17, 11, 18, 10], [23, 13, 24, 12], [14, 7, 15, 8], [21, 17, 22, 16], [1, 19, 2, 18], [11, 21, 12, 20], [15, 23, 16, 22]]"
12n_0102_1,"[[15, 23, 16, 22], [19, 1, 20, 24], [2, 6, 3, 5], [4, 10, 5, 9], [6, 13, 7, 14], [8, 4, 9, 3], [17, 11, 18, 10], [23, 13, 24, 12], [14, 7, 15, 8], [21, 17, 22, 16], [1, 19, 2, 18], [11, 21, 12, 20]]"
12n_0102_2,"[[11, 21, 12, 20], [15, 23, 16, 22], [19, 1, 20, 24], [2, 6, 3, 5], [4, 10, 5, 9], [6, 13, 7, 14], [8, 4, 9, 3], [17, 11, 18, 10], [23, 13, 24, 12], [14, 7, 15, 8], [21, 17, 22, 16], [1, 19, 2, 18]]"
12n_0102_3,"[[1, 19, 2, 18], [11, 21, 12, 20], [15, 23, 16, 22], [19, 1, 20, 24], [2, 6, 3, 5], [4, 10, 5, 9], [6, 13, 7, 14], [8, 4, 9, 3], [17, 11, 18, 10], [23, 13, 24, 12], [14, 7, 15, 8], [21, 17, 22, 16]]"
12n_0102_4,"[[21, 17, 22, 16], [1, 19, 2, 18], [11, 21, 12, 20], [15, 23, 16, 22], [19, 1, 20, 24], [2, 6, 3, 5], [4, 10, 5, 9], [6, 13, 7, 14], [8, 4, 9, 3], [17, 11, 18, 10], [23, 13, 24, 12], [14, 7, 15, 8]]"
12n_0102_5,"[[14, 7, 15, 8], [21, 17, 22, 16], [1, 19, 2, 18], [11, 21, 12, 20], [15, 23, 16, 22], [19, 1, 20, 24], [2, 6, 3, 5], [4, 10, 5, 9], [6, 13, 7, 14], [8, 4, 9, 3], [17, 11, 18, 10], [23, 13, 24, 12]]"
12n_0102_6,"[[23, 13, 24, 12], [14, 7, 15, 8], [21, 17, 22, 16], [1, 19, 2, 18], [11, 21, 12, 20], [15, 23, 16, 22], [19, 1, 20, 24], [2, 6, 3, 5], [4, 10, 5, 9], [6, 13, 7, 14], [8, 4, 9, 3], [17, 11, 18, 10]]"
12n_0102_7,"[[17, 11, 18, 10], [23, 13, 24, 12], [14, 7, 15, 8], [21, 17, 22, 16], [1, 19, 2, 18], [11, 21, 12, 20], [15, 23, 16, 22], [19, 1, 20, 24], [2, 6, 3, 5], [4, 10, 5, 9], [6, 13, 7, 14], [8, 4, 9, 3]]"
12n_0102_8,"[[8, 4, 9, 3], [17, 11, 18, 10], [23, 13, 24, 12], [14, 7, 15, 8], [21, 17, 22, 16], [1, 19, 2, 18], [11, 21, 12, 20], [15, 23, 16, 22], [19, 1, 20, 24], [2, 6, 3, 5], [4, 10, 5, 9], [6, 13, 7, 14]]"
12n_0102_9,"[[6, 13, 7, 14], [8, 4, 9, 3], [17, 11, 18, 10], [23, 13, 24, 12], [14, 7, 15, 8], [21, 17, 22, 16], [1, 19, 2, 18], [11, 21, 12, 20], [15, 23, 16, 22], [19, 1, 20, 24], [2, 6, 3, 5], [4, 10, 5, 9]]"
12n_0102_10,"[[4, 10, 5, 9], [6, 13, 7, 14], [8, 4, 9, 3], [17, 11, 18, 10], [23, 13, 24, 12], [14, 7, 15, 8], [21, 17, 22, 16], [1, 19, 2, 18], [11, 21, 12, 20], [15, 23, 16, 22], [19, 1, 20, 24], [2, 6, 3, 5]]"
12n_0102_11,"[[2, 6, 3, 5], [4, 10, 5, 9], [6, 13, 7, 14], [8, 4, 9, 3], [17, 11, 18, 10], [23, 13, 24, 12], [14, 7, 15, 8], [21, 17, 22, 16], [1, 19, 2, 18], [11, 21, 12, 20], [15, 23, 16, 22], [19, 1, 20, 24]]"
12n_0102_12,"[[20, 2, 21, 1], [3, 7, 4, 6], [5, 11, 6, 10], [7, 14, 8, 15], [9, 5, 10, 4], [18, 12, 19, 11], [24, 14, 1, 13], [15, 8, 16, 9], [22, 18, 23, 17], [2, 20, 3, 19], [12, 22, 13, 21], [16, 24, 17, 23]]"
12n_0102_13,"[[16, 24, 17, 23], [20, 2, 21, 1], [3, 7, 4, 6], [5, 11, 6, 10], [7, 14, 8, 15], [9, 5, 10, 4], [18, 12, 19, 11], [24, 14, 1, 13], [15, 8, 16, 9], [22, 18, 23, 17], [2, 20, 3, 19], [12, 22, 13, 21]]"
12n_0102_14,"[[12, 22, 13, 21], [16, 24, 17, 23], [20, 2, 21, 1], [3, 7, 4, 6], [5, 11, 6, 10], [7, 14, 8, 15], [9, 5, 10, 4], [18, 12, 19, 11], [24, 14, 1, 13], [15, 8, 16, 9], [22, 18, 23, 17], [2, 20, 3, 19]]"
12n_0102_15,"[[2, 20, 3, 19], [12, 22, 13, 21], [16, 24, 17, 23], [20, 2, 21, 1], [3, 7, 4, 6], [5, 11, 6, 10], [7, 14, 8, 15], [9, 5, 10, 4], [18, 12, 19, 11], [24, 14, 1, 13], [15, 8, 16, 9], [22, 18, 23, 17]]"
12n_0102_16,"[[22, 18, 23, 17], [2, 20, 3, 19], [12, 22, 13, 21], [16, 24, 17, 23], [20, 2, 21, 1], [3, 7, 4, 6], [5, 11, 6, 10], [7, 14, 8, 15], [9, 5, 10, 4], [18, 12, 19, 11], [24, 14, 1, 13], [15, 8, 16, 9]]"
12n_0102_17,"[[15, 8, 16, 9], [22, 18, 23, 17], [2, 20, 3, 19], [12, 22, 13, 21], [16, 24, 17, 23], [20, 2, 21, 1], [3, 7, 4, 6], [5, 11, 6, 10], [7, 14, 8, 15], [9, 5, 10, 4], [18, 12, 19, 11], [24, 14, 1, 13]]"
12n_0102_18,"[[24, 14, 1, 13], [15, 8, 16, 9], [22, 18, 23, 17], [2, 20, 3, 19], [12, 22, 13, 21], [16, 24, 17, 23], [20, 2, 21, 1], [3, 7, 4, 6], [5, 11, 6, 10], [7, 14, 8, 15], [9, 5, 10, 4], [18, 12, 19, 11]]"
12n_0102_19,"[[18, 12, 19, 11], [24, 14, 1, 13], [15, 8, 16, 9], [22, 18, 23, 17], [2, 20, 3, 19], [12, 22, 13, 21], [16, 24, 17, 23], [20, 2, 21, 1], [3, 7, 4, 6], [5, 11, 6, 10], [7, 14, 8, 15], [9, 5, 10, 4]]"
12n_0102_20,"[[9, 5, 10, 4], [18, 12, 19, 11], [24, 14, 1, 13], [15, 8, 16, 9], [22, 18, 23, 17], [2, 20, 3, 19], [12, 22, 13, 21], [16, 24, 17, 23], [20, 2, 21, 1], [3, 7, 4, 6], [5, 11, 6, 10], [7, 14, 8, 15]]"
12n_0102_21,"[[7, 14, 8, 15], [9, 5, 10, 4], [18, 12, 19, 11], [24, 14, 1, 13], [15, 8, 16, 9], [22, 18, 23, 17], [2, 20, 3, 19], [12, 22, 13, 21], [16, 24, 17, 23], [20, 2, 21, 1], [3, 7, 4, 6], [5, 11, 6, 10]]"
12n_0102_22,"[[5, 11, 6, 10], [7, 14, 8, 15], [9, 5, 10, 4], [18, 12, 19, 11], [24, 14, 1, 13], [15, 8, 16, 9], [22, 18, 23, 17], [2, 20, 3, 19], [12, 22, 13, 21], [16, 24, 17, 23], [20, 2, 21, 1], [3, 7, 4, 6]]"
12n_0102_23,"[[3, 7, 4, 6], [5, 11, 6, 10], [7, 14, 8, 15], [9, 5, 10, 4], [18, 12, 19, 11], [24, 14, 1, 13], [15, 8, 16, 9], [22, 18, 23, 17], [2, 20, 3, 19], [12, 22, 13, 21], [16, 24, 17, 23], [20, 2, 21, 1]]"
12n_0102_24,"[[21, 3, 22, 2], [4, 8, 5, 7], [6, 12, 7, 11], [8, 15, 9, 16], [10, 6, 11, 5], [19, 13, 20, 12], [1, 15, 2, 14], [16, 9, 17, 10], [23, 19, 24, 18], [3, 21, 4, 20], [13, 23, 14, 22], [17, 1, 18, 24]]"
12n_0102_25,"[[17, 1, 18, 24], [21, 3, 22, 2], [4, 8, 5, 7], [6, 12, 7, 11], [8, 15, 9, 16], [10, 6, 11, 5], [19, 13, 20, 12], [1, 15, 2, 14], [16, 9, 17, 10], [23, 19, 24, 18], [3, 21, 4, 20], [13, 23, 14, 22]]"
12n_0102_26,"[[13, 23, 14, 22], [17, 1, 18, 24], [21, 3, 22, 2], [4, 8, 5, 7], [6, 12, 7, 11], [8, 15, 9, 16], [10, 6, 11, 5], [19, 13, 20, 12], [1, 15, 2, 14], [16, 9, 17, 10], [23, 19, 24, 18], [3, 21, 4, 20]]"
12n_0102_27,"[[3, 21, 4, 20], [13, 23, 14, 22], [17, 1, 18, 24], [21, 3, 22, 2], [4, 8, 5, 7], [6, 12, 7, 11], [8, 15, 9, 16], [10, 6, 11, 5], [19, 13, 20, 12], [1, 15, 2, 14], [16, 9, 17, 10], [23, 19, 24, 18]]"
12n_0102_28,"[[23, 19, 24, 18], [3, 21, 4, 20], [13, 23, 14, 22], [17, 1, 18, 24], [21, 3, 22, 2], [4, 8, 5, 7], [6, 12, 7, 11], [8, 15, 9, 16], [10, 6, 11, 5], [19, 13, 20, 12], [1, 15, 2, 14], [16, 9, 17, 10]]"
12n_0102_29,"[[16, 9, 17, 10], [23, 19, 24, 18], [3, 21, 4, 20], [13, 23, 14, 22], [17, 1, 18, 24], [21, 3, 22, 2], [4, 8, 5, 7], [6, 12, 7, 11], [8, 15, 9, 16], [10, 6, 11, 5], [19, 13, 20, 12], [1, 15, 2, 14]]"
12n_0102_30,"[[1, 15, 2, 14], [16, 9, 17, 10], [23, 19, 24, 18], [3, 21, 4, 20], [13, 23, 14, 22], [17, 1, 18, 24], [21, 3, 22, 2], [4, 8, 5, 7], [6, 12, 7, 11], [8, 15, 9, 16], [10, 6, 11, 5], [19, 13, 20, 12]]"
12n_0102_31,"[[19, 13, 20, 12], [1, 15, 2, 14], [16, 9, 17, 10], [23, 19, 24, 18], [3, 21, 4, 20], [13, 23, 14, 22], [17, 1, 18, 24], [21, 3, 22, 2], [4, 8, 5, 7], [6, 12, 7, 11], [8, 15, 9, 16], [10, 6, 11, 5]]"
12n_0102_32,"[[10, 6, 11, 5], [19, 13, 20, 12], [1, 15, 2, 14], [16, 9, 17, 10], [23, 19, 24, 18], [3, 21, 4, 20], [13, 23, 14, 22], [17, 1, 18, 24], [21, 3, 22, 2], [4, 8, 5, 7], [6, 12, 7, 11], [8, 15, 9, 16]]"
12n_0102_33,"[[8, 15, 9, 16], [10, 6, 11, 5], [19, 13, 20, 12], [1, 15, 2, 14], [16, 9, 17, 10], [23, 19, 24, 18], [3, 21, 4, 20], [13, 23, 14, 22], [17, 1, 18, 24], [21, 3, 22, 2], [4, 8, 5, 7], [6, 12, 7, 11]]"
12n_0102_34,"[[6, 12, 7, 11], [8, 15, 9, 16], [10, 6, 11, 5], [19, 13, 20, 12], [1, 15, 2, 14], [16, 9, 17, 10], [23, 19, 24, 18], [3, 21, 4, 20], [13, 23, 14, 22], [17, 1, 18, 24], [21, 3, 22, 2], [4, 8, 5, 7]]"
12n_0102_35,"[[4, 8, 5, 7], [6, 12, 7, 11], [8, 15, 9, 16], [10, 6, 11, 5], [19, 13, 20, 12], [1, 15, 2, 14], [16, 9, 17, 10], [23, 19, 24, 18], [3, 21, 4, 20], [13, 23, 14, 22], [17, 1, 18, 24], [21, 3, 22, 2]]"
12n_0102_36,"[[22, 4, 23, 3], [5, 9, 6, 8], [7, 13, 8, 12], [9, 16, 10, 17], [11, 7, 12, 6], [20, 14, 21, 13], [2, 16, 3, 15], [17, 10, 18, 11], [24, 20, 1, 19], [4, 22, 5, 21], [14, 24, 15, 23], [18, 2, 19, 1]]"
12n_0102_37,"[[18, 2, 19, 1], [22, 4, 23, 3], [5, 9, 6, 8], [7, 13, 8, 12], [9, 16, 10, 17], [11, 7, 12, 6], [20, 14, 21, 13], [2, 16, 3, 15], [17, 10, 18, 11], [24, 20, 1, 19], [4, 22, 5, 21], [14, 24, 15, 23]]"
12n_0102_38,"[[14, 24, 15, 23], [18, 2, 19, 1], [22, 4, 23, 3], [5, 9, 6, 8], [7, 13, 8, 12], [9, 16, 10, 17], [11, 7, 12, 6], [20, 14, 21, 13], [2, 16, 3, 15], [17, 10, 18, 11], [24, 20, 1, 19], [4, 22, 5, 21]]"
12n_0102_39,"[[4, 22, 5, 21], [14, 24, 15, 23], [18, 2, 19, 1], [22, 4, 23, 3], [5, 9, 6, 8], [7, 13, 8, 12], [9, 16, 10, 17], [11, 7, 12, 6], [20, 14, 21, 13], [2, 16, 3, 15], [17, 10, 18, 11], [24, 20, 1, 19]]"
12n_0102_40,"[[24, 20, 1, 19], [4, 22, 5, 21], [14, 24, 15, 23], [18, 2, 19, 1], [22, 4, 23, 3], [5, 9, 6, 8], [7, 13, 8, 12], [9, 16, 10, 17], [11, 7, 12, 6], [20, 14, 21, 13], [2, 16, 3, 15], [17, 10, 18, 11]]"
12n_0102_41,"[[17, 10, 18, 11], [24, 20, 1, 19], [4, 22, 5, 21], [14, 24, 15, 23], [18, 2, 19, 1], [22, 4, 23, 3], [5, 9, 6, 8], [7, 13, 8, 12], [9, 16, 10, 17], [11, 7, 12, 6], [20, 14, 21, 13], [2, 16, 3, 15]]"
12n_0102_42,"[[2, 16, 3, 15], [17, 10, 18, 11], [24, 20, 1, 19], [4, 22, 5, 21], [14, 24, 15, 23], [18, 2, 19, 1], [22, 4, 23, 3], [5, 9, 6, 8], [7, 13, 8, 12], [9, 16, 10, 17], [11, 7, 12, 6], [20, 14, 21, 13]]"
12n_0102_43,"[[20, 14, 21, 13], [2, 16, 3, 15], [17, 10, 18, 11], [24, 20, 1, 19], [4, 22, 5, 21], [14, 24, 15, 23], [18, 2, 19, 1], [22, 4, 23, 3], [5, 9, 6, 8], [7, 13, 8, 12], [9, 16, 10, 17], [11, 7, 12, 6]]"
12n_0102_44,"[[11, 7, 12, 6], [20, 14, 21, 13], [2, 16, 3, 15], [17, 10, 18, 11], [24, 20, 1, 19], [4, 22, 5, 21], [14, 24, 15, 23], [18, 2, 19, 1], [22, 4, 23, 3], [5, 9, 6, 8], [7, 13, 8, 12], [9, 16, 10, 17]]"
12n_0102_45,"[[9, 16, 10, 17], [11, 7, 12, 6], [20, 14, 21, 13], [2, 16, 3, 15], [17, 10, 18, 11], [24, 20, 1, 19], [4, 22, 5, 21], [14, 24, 15, 23], [18, 2, 19, 1], [22, 4, 23, 3], [5, 9, 6, 8], [7, 13, 8, 12]]"
12n_0102_46,"[[7, 13, 8, 12], [9, 16, 10, 17], [11, 7, 12, 6], [20, 14, 21, 13], [2, 16, 3, 15], [17, 10, 18, 11], [24, 20, 1, 19], [4, 22, 5, 21], [14, 24, 15, 23], [18, 2, 19, 1], [22, 4, 23, 3], [5, 9, 6, 8]]"
12n_0102_47,"[[5, 9, 6, 8], [7, 13, 8, 12], [9, 16, 10, 17], [11, 7, 12, 6], [20, 14, 21, 13], [2, 16, 3, 15], [17, 10, 18, 11], [24, 20, 1, 19], [4, 22, 5, 21], [14, 24, 15, 23], [18, 2, 19, 1], [22, 4, 23, 3]]"
12n_0102_48,"[[23, 5, 24, 4], [6, 10, 7, 9], [8, 14, 9, 13], [10, 17, 11, 18], [12, 8, 13, 7], [21, 15, 22, 14], [3, 17, 4, 16], [18, 11, 19, 12], [1, 21, 2, 20], [5, 23, 6, 22], [15, 1, 16, 24], [19, 3, 20, 2]]"
12n_0102_49,"[[19, 3, 20, 2], [23, 5, 24, 4], [6, 10, 7, 9], [8, 14, 9, 13], [10, 17, 11, 18], [12, 8, 13, 7], [21, 15, 22, 14], [3, 17, 4, 16], [18, 11, 19, 12], [1, 21, 2, 20], [5, 23, 6, 22], [15, 1, 16, 24]]"
12n_0102_50,"[[15, 1, 16, 24], [19, 3, 20, 2], [23, 5, 24, 4], [6, 10, 7, 9], [8, 14, 9, 13], [10, 17, 11, 18], [12, 8, 13, 7], [21, 15, 22, 14], [3, 17, 4, 16], [18, 11, 19, 12], [1, 21, 2, 20], [5, 23, 6, 22]]"
12n_0102_51,"[[5, 23, 6, 22], [15, 1, 16, 24], [19, 3, 20, 2], [23, 5, 24, 4], [6, 10, 7, 9], [8, 14, 9, 13], [10, 17, 11, 18], [12, 8, 13, 7], [21, 15, 22, 14], [3, 17, 4, 16], [18, 11, 19, 12], [1, 21, 2, 20]]"
12n_0102_52,"[[1, 21, 2, 20], [5, 23, 6, 22], [15, 1, 16, 24], [19, 3, 20, 2], [23, 5, 24, 4], [6, 10, 7, 9], [8, 14, 9, 13], [10, 17, 11, 18], [12, 8, 13, 7], [21, 15, 22, 14], [3, 17, 4, 16], [18, 11, 19, 12]]"
12n_0102_53,"[[18, 11, 19, 12], [1, 21, 2, 20], [5, 23, 6, 22], [15, 1, 16, 24], [19, 3, 20, 2], [23, 5, 24, 4], [6, 10, 7, 9], [8, 14, 9, 13], [10, 17, 11, 18], [12, 8, 13, 7], [21, 15, 22, 14], [3, 17, 4, 16]]"
12n_0102_54,"[[3, 17, 4, 16], [18, 11, 19, 12], [1, 21, 2, 20], [5, 23, 6, 22], [15, 1, 16, 24], [19, 3, 20, 2], [23, 5, 24, 4], [6, 10, 7, 9], [8, 14, 9, 13], [10, 17, 11, 18], [12, 8, 13, 7], [21, 15, 22, 14]]"
12n_0102_55,"[[21, 15, 22, 14], [3, 17, 4, 16], [18, 11, 19, 12], [1, 21, 2, 20], [5, 23, 6, 22], [15, 1, 16, 24], [19, 3, 20, 2], [23, 5, 24, 4], [6, 10, 7, 9], [8, 14, 9, 13], [10, 17, 11, 18], [12, 8, 13, 7]]"
12n_0102_56,"[[12, 8, 13, 7], [21, 15, 22, 14], [3, 17, 4, 16], [18, 11, 19, 12], [1, 21, 2, 20], [5, 23, 6, 22], [15, 1, 16, 24], [19, 3, 20, 2], [23, 5, 24, 4], [6, 10, 7, 9], [8, 14, 9, 13], [10, 17, 11, 18]]"
12n_0102_57,"[[10, 17, 11, 18], [12, 8, 13, 7], [21, 15, 22, 14], [3, 17, 4, 16], [18, 11, 19, 12], [1, 21, 2, 20], [5, 23, 6, 22], [15, 1, 16, 24], [19, 3, 20, 2], [23, 5, 24, 4], [6, 10, 7, 9], [8, 14, 9, 13]]"
12n_0102_58,"[[8, 14, 9, 13], [10, 17, 11, 18], [12, 8, 13, 7], [21, 15, 22, 14], [3, 17, 4, 16], [18, 11, 19, 12], [1, 21, 2, 20], [5, 23, 6, 22], [15, 1, 16, 24], [19, 3, 20, 2], [23, 5, 24, 4], [6, 10, 7, 9]]"
12n_0102_59,"[[6, 10, 7, 9], [8, 14, 9, 13], [10, 17, 11, 18], [12, 8, 13, 7], [21, 15, 22, 14], [3, 17, 4, 16], [18, 11, 19, 12], [1, 21, 2, 20], [5, 23, 6, 22], [15, 1, 16, 24], [19, 3, 20, 2], [23, 5, 24, 4]]"
12n_0102_60,"[[24, 6, 1, 5], [7, 11, 8, 10], [9, 15, 10, 14], [11, 18, 12, 19], [13, 9, 14, 8], [22, 16, 23, 15], [4, 18, 5, 17], [19, 12, 20, 13], [2, 22, 3, 21], [6, 24, 7, 23], [16, 2, 17, 1], [20, 4, 21, 3]]"
12n_0102_61,"[[20, 4, 21, 3], [24, 6, 1, 5], [7, 11, 8, 10], [9, 15, 10, 14], [11, 18, 12, 19], [13, 9, 14, 8], [22, 16, 23, 15], [4, 18, 5, 17], [19, 12, 20, 13], [2, 22, 3, 21], [6, 24, 7, 23], [16, 2, 17, 1]]"
12n_0102_62,"[[16, 2, 17, 1], [20, 4, 21, 3], [24, 6, 1, 5], [7, 11, 8, 10], [9, 15, 10, 14], [11, 18, 12, 19], [13, 9, 14, 8], [22, 16, 23, 15], [4, 18, 5, 17], [19, 12, 20, 13], [2, 22, 3, 21], [6, 24, 7, 23]]"
12n_0102_63,"[[6, 24, 7, 23], [16, 2, 17, 1], [20, 4, 21, 3], [24, 6, 1, 5], [7, 11, 8, 10], [9, 15, 10, 14], [11, 18, 12, 19], [13, 9, 14, 8], [22, 16, 23, 15], [4, 18, 5, 17], [19, 12, 20, 13], [2, 22, 3, 21]]"
12n_0102_64,"[[2, 22, 3, 21], [6, 24, 7, 23], [16, 2, 17, 1], [20, 4, 21, 3], [24, 6, 1, 5], [7, 11, 8, 10], [9, 15, 10, 14], [11, 18, 12, 19], [13, 9, 14, 8], [22, 16, 23, 15], [4, 18, 5, 17], [19, 12, 20, 13]]"
12n_0102_65,"[[19, 12, 20, 13], [2, 22, 3, 21], [6, 24, 7, 23], [16, 2, 17, 1], [20, 4, 21, 3], [24, 6, 1, 5], [7, 11, 8, 10], [9, 15, 10, 14], [11, 18, 12, 19], [13, 9, 14, 8], [22, 16, 23, 15], [4, 18, 5, 17]]"
12n_0102_66,"[[4, 18, 5, 17], [19, 12, 20, 13], [2, 22, 3, 21], [6, 24, 7, 23], [16, 2, 17, 1], [20, 4, 21, 3], [24, 6, 1, 5], [7, 11, 8, 10], [9, 15, 10, 14], [11, 18, 12, 19], [13, 9, 14, 8], [22, 16, 23, 15]]"
12n_0102_67,"[[22, 16, 23, 15], [4, 18, 5, 17], [19, 12, 20, 13], [2, 22, 3, 21], [6, 24, 7, 23], [16, 2, 17, 1], [20, 4, 21, 3], [24, 6, 1, 5], [7, 11, 8, 10], [9, 15, 10, 14], [11, 18, 12, 19], [13, 9, 14, 8]]"
12n_0102_68,"[[13, 9, 14, 8], [22, 16, 23, 15], [4, 18, 5, 17], [19, 12, 20, 13], [2, 22, 3, 21], [6, 24, 7, 23], [16, 2, 17, 1], [20, 4, 21, 3], [24, 6, 1, 5], [7, 11, 8, 10], [9, 15, 10, 14], [11, 18, 12, 19]]"
12n_0102_69,"[[11, 18, 12, 19], [13, 9, 14, 8], [22, 16, 23, 15], [4, 18, 5, 17], [19, 12, 20, 13], [2, 22, 3, 21], [6, 24, 7, 23], [16, 2, 17, 1], [20, 4, 21, 3], [24, 6, 1, 5], [7, 11, 8, 10], [9, 15, 10, 14]]"
12n_0102_70,"[[9, 15, 10, 14], [11, 18, 12, 19], [13, 9, 14, 8], [22, 16, 23, 15], [4, 18, 5, 17], [19, 12, 20, 13], [2, 22, 3, 21], [6, 24, 7, 23], [16, 2, 17, 1], [20, 4, 21, 3], [24, 6, 1, 5], [7, 11, 8, 10]]"
12n_0102_71,"[[7, 11, 8, 10], [9, 15, 10, 14], [11, 18, 12, 19], [13, 9, 14, 8], [22, 16, 23, 15], [4, 18, 5, 17], [19, 12, 20, 13], [2, 22, 3, 21], [6, 24, 7, 23], [16, 2, 17, 1], [20, 4, 21, 3], [24, 6, 1, 5]]"
12n_0102_72,"[[1, 7, 2, 6], [8, 12, 9, 11], [10, 16, 11, 15], [12, 19, 13, 20], [14, 10, 15, 9], [23, 17, 24, 16], [5, 19, 6, 18], [20, 13, 21, 14], [3, 23, 4, 22], [7, 1, 8, 24], [17, 3, 18, 2], [21, 5, 22, 4]]"
12n_0102_73,"[[21, 5, 22, 4], [1, 7, 2, 6], [8, 12, 9, 11], [10, 16, 11, 15], [12, 19, 13, 20], [14, 10, 15, 9], [23, 17, 24, 16], [5, 19, 6, 18], [20, 13, 21, 14], [3, 23, 4, 22], [7, 1, 8, 24], [17, 3, 18, 2]]"
12n_0102_74,"[[17, 3, 18, 2], [21, 5, 22, 4], [1, 7, 2, 6], [8, 12, 9, 11], [10, 16, 11, 15], [12, 19, 13, 20], [14, 10, 15, 9], [23, 17, 24, 16], [5, 19, 6, 18], [20, 13, 21, 14], [3, 23, 4, 22], [7, 1, 8, 24]]"
12n_0102_75,"[[7, 1, 8, 24], [17, 3, 18, 2], [21, 5, 22, 4], [1, 7, 2, 6], [8, 12, 9, 11], [10, 16, 11, 15], [12, 19, 13, 20], [14, 10, 15, 9], [23, 17, 24, 16], [5, 19, 6, 18], [20, 13, 21, 14], [3, 23, 4, 22]]"
12n_0102_76,"[[3, 23, 4, 22], [7, 1, 8, 24], [17, 3, 18, 2], [21, 5, 22, 4], [1, 7, 2, 6], [8, 12, 9, 11], [10, 16, 11, 15], [12, 19, 13, 20], [14, 10, 15, 9], [23, 17, 24, 16], [5, 19, 6, 18], [20, 13, 21, 14]]"
12n_0102_77,"[[20, 13, 21, 14], [3, 23, 4, 22], [7, 1, 8, 24], [17, 3, 18, 2], [21, 5, 22, 4], [1, 7, 2, 6], [8, 12, 9, 11], [10, 16, 11, 15], [12, 19, 13, 20], [14, 10, 15, 9], [23, 17, 24, 16], [5, 19, 6, 18]]"
12n_0102_78,"[[5, 19, 6, 18], [20, 13, 21, 14], [3, 23, 4, 22], [7, 1, 8, 24], [17, 3, 18, 2], [21, 5, 22, 4], [1, 7, 2, 6], [8, 12, 9, 11], [10, 16, 11, 15], [12, 19, 13, 20], [14, 10, 15, 9], [23, 17, 24, 16]]"
12n_0102_79,"[[23, 17, 24, 16], [5, 19, 6, 18], [20, 13, 21, 14], [3, 23, 4, 22], [7, 1, 8, 24], [17, 3, 18, 2], [21, 5, 22, 4], [1, 7, 2, 6], [8, 12, 9, 11], [10, 16, 11, 15], [12, 19, 13, 20], [14, 10, 15, 9]]"
12n_0102_80,"[[14, 10, 15, 9], [23, 17, 24, 16], [5, 19, 6, 18], [20, 13, 21, 14], [3, 23, 4, 22], [7, 1, 8, 24], [17, 3, 18, 2], [21, 5, 22, 4], [1, 7, 2, 6], [8, 12, 9, 11], [10, 16, 11, 15], [12, 19, 13, 20]]"
12n_0102_81,"[[12, 19, 13, 20], [14, 10, 15, 9], [23, 17, 24, 16], [5, 19, 6, 18], [20, 13, 21, 14], [3, 23, 4, 22], [7, 1, 8, 24], [17, 3, 18, 2], [21, 5, 22, 4], [1, 7, 2, 6], [8, 12, 9, 11], [10, 16, 11, 15]]"
12n_0102_82,"[[10, 16, 11, 15], [12, 19, 13, 20], [14, 10, 15, 9], [23, 17, 24, 16], [5, 19, 6, 18], [20, 13, 21, 14], [3, 23, 4, 22], [7, 1, 8, 24], [17, 3, 18, 2], [21, 5, 22, 4], [1, 7, 2, 6], [8, 12, 9, 11]]"
12n_0102_83,"[[8, 12, 9, 11], [10, 16, 11, 15], [12, 19, 13, 20], [14, 10, 15, 9], [23, 17, 24, 16], [5, 19, 6, 18], [20, 13, 21, 14], [3, 23, 4, 22], [7, 1, 8, 24], [17, 3, 18, 2], [21, 5, 22, 4], [1, 7, 2, 6]]"
12n_0102_84,"[[2, 8, 3, 7], [9, 13, 10, 12], [11, 17, 12, 16], [13, 20, 14, 21], [15, 11, 16, 10], [24, 18, 1, 17], [6, 20, 7, 19], [21, 14, 22, 15], [4, 24, 5, 23], [8, 2, 9, 1], [18, 4, 19, 3], [22, 6, 23, 5]]"
12n_0102_85,"[[22, 6, 23, 5], [2, 8, 3, 7], [9, 13, 10, 12], [11, 17, 12, 16], [13, 20, 14, 21], [15, 11, 16, 10], [24, 18, 1, 17], [6, 20, 7, 19], [21, 14, 22, 15], [4, 24, 5, 23], [8, 2, 9, 1], [18, 4, 19, 3]]"
12n_0102_86,"[[18, 4, 19, 3], [22, 6, 23, 5], [2, 8, 3, 7], [9, 13, 10, 12], [11, 17, 12, 16], [13, 20, 14, 21], [15, 11, 16, 10], [24, 18, 1, 17], [6, 20, 7, 19], [21, 14, 22, 15], [4, 24, 5, 23], [8, 2, 9, 1]]"
12n_0102_87,"[[8, 2, 9, 1], [18, 4, 19, 3], [22, 6, 23, 5], [2, 8, 3, 7], [9, 13, 10, 12], [11, 17, 12, 16], [13, 20, 14, 21], [15, 11, 16, 10], [24, 18, 1, 17], [6, 20, 7, 19], [21, 14, 22, 15], [4, 24, 5, 23]]"
12n_0102_88,"[[4, 24, 5, 23], [8, 2, 9, 1], [18, 4, 19, 3], [22, 6, 23, 5], [2, 8, 3, 7], [9, 13, 10, 12], [11, 17, 12, 16], [13, 20, 14, 21], [15, 11, 16, 10], [24, 18, 1, 17], [6, 20, 7, 19], [21, 14, 22, 15]]"
12n_0102_89,"[[21, 14, 22, 15], [4, 24, 5, 23], [8, 2, 9, 1], [18, 4, 19, 3], [22, 6, 23, 5], [2, 8, 3, 7], [9, 13, 10, 12], [11, 17, 12, 16], [13, 20, 14, 21], [15, 11, 16, 10], [24, 18, 1, 17], [6, 20, 7, 19]]"
12n_0102_90,"[[6, 20, 7, 19], [21, 14, 22, 15], [4, 24, 5, 23], [8, 2, 9, 1], [18, 4, 19, 3], [22, 6, 23, 5], [2, 8, 3, 7], [9, 13, 10, 12], [11, 17, 12, 16], [13, 20, 14, 21], [15, 11, 16, 10], [24, 18, 1, 17]]"
12n_0102_91,"[[24, 18, 1, 17], [6, 20, 7, 19], [21, 14, 22, 15], [4, 24, 5, 23], [8, 2, 9, 1], [18, 4, 19, 3], [22, 6, 23, 5], [2, 8, 3, 7], [9, 13, 10, 12], [11, 17, 12, 16], [13, 20, 14, 21], [15, 11, 16, 10]]"
12n_0102_92,"[[15, 11, 16, 10], [24, 18, 1, 17], [6, 20, 7, 19], [21, 14, 22, 15], [4, 24, 5, 23], [8, 2, 9, 1], [18, 4, 19, 3], [22, 6, 23, 5], [2, 8, 3, 7], [9, 13, 10, 12], [11, 17, 12, 16], [13, 20, 14, 21]]"
12n_0102_93,"[[13, 20, 14, 21], [15, 11, 16, 10], [24, 18, 1, 17], [6, 20, 7, 19], [21, 14, 22, 15], [4, 24, 5, 23], [8, 2, 9, 1], [18, 4, 19, 3], [22, 6, 23, 5], [2, 8, 3, 7], [9, 13, 10, 12], [11, 17, 12, 16]]"
12n_0102_94,"[[11, 17, 12, 16], [13, 20, 14, 21], [15, 11, 16, 10], [24, 18, 1, 17], [6, 20, 7, 19], [21, 14, 22, 15], [4, 24, 5, 23], [8, 2, 9, 1], [18, 4, 19, 3], [22, 6, 23, 5], [2, 8, 3, 7], [9, 13, 10, 12]]"
12n_0102_95,"[[9, 13, 10, 12], [11, 17, 12, 16], [13, 20, 14, 21], [15, 11, 16, 10], [24, 18, 1, 17], [6, 20, 7, 19], [21, 14, 22, 15], [4, 24, 5, 23], [8, 2, 9, 1], [18, 4, 19, 3], [22, 6, 23, 5], [2, 8, 3, 7]]"
12n_0102_96,"[[3, 9, 4, 8], [10, 14, 11, 13], [12, 18, 13, 17], [14, 21, 15, 22], [16, 12, 17, 11], [1, 19, 2, 18], [7, 21, 8, 20], [22, 15, 23, 16], [5, 1, 6, 24], [9, 3, 10, 2], [19, 5, 20, 4], [23, 7, 24, 6]]"
12n_0102_97,"[[23, 7, 24, 6], [3, 9, 4, 8], [10, 14, 11, 13], [12, 18, 13, 17], [14, 21, 15, 22], [16, 12, 17, 11], [1, 19, 2, 18], [7, 21, 8, 20], [22, 15, 23, 16], [5, 1, 6, 24], [9, 3, 10, 2], [19, 5, 20, 4]]"
12n_0102_98,"[[19, 5, 20, 4], [23, 7, 24, 6], [3, 9, 4, 8], [10, 14, 11, 13], [12, 18, 13, 17], [14, 21, 15, 22], [16, 12, 17, 11], [1, 19, 2, 18], [7, 21, 8, 20], [22, 15, 23, 16], [5, 1, 6, 24], [9, 3, 10, 2]]"
12n_0102_99,"[[9, 3, 10, 2], [19, 5, 20, 4], [23, 7, 24, 6], [3, 9, 4, 8], [10, 14, 11, 13], [12, 18, 13, 17], [14, 21, 15, 22], [16, 12, 17, 11], [1, 19, 2, 18], [7, 21, 8, 20], [22, 15, 23, 16], [5, 1, 6, 24]]"
12n_0102_100,"[[5, 1, 6, 24], [9, 3, 10, 2], [19, 5, 20, 4], [23, 7, 24, 6], [3, 9, 4, 8], [10, 14, 11, 13], [12, 18, 13, 17], [14, 21, 15, 22], [16, 12, 17, 11], [1, 19, 2, 18], [7, 21, 8, 20], [22, 15, 23, 16]]"
12n_0102_101,"[[22, 15, 23, 16], [5, 1, 6, 24], [9, 3, 10, 2], [19, 5, 20, 4], [23, 7, 24, 6], [3, 9, 4, 8], [10, 14, 11, 13], [12, 18, 13, 17], [14, 21, 15, 22], [16, 12, 17, 11], [1, 19, 2, 18], [7, 21, 8, 20]]"
12n_0102_102,"[[7, 21, 8, 20], [22, 15, 23, 16], [5, 1, 6, 24], [9, 3, 10, 2], [19, 5, 20, 4], [23, 7, 24, 6], [3, 9, 4, 8], [10, 14, 11, 13], [12, 18, 13, 17], [14, 21, 15, 22], [16, 12, 17, 11], [1, 19, 2, 18]]"
12n_0102_103,"[[1, 19, 2, 18], [7, 21, 8, 20], [22, 15, 23, 16], [5, 1, 6, 24], [9, 3, 10, 2], [19, 5, 20, 4], [23, 7, 24, 6], [3, 9, 4, 8], [10, 14, 11, 13], [12, 18, 13, 17], [14, 21, 15, 22], [16, 12, 17, 11]]"
12n_0102_104,"[[16, 12, 17, 11], [1, 19, 2, 18], [7, 21, 8, 20], [22, 15, 23, 16], [5, 1, 6, 24], [9, 3, 10, 2], [19, 5, 20, 4], [23, 7, 24, 6], [3, 9, 4, 8], [10, 14, 11, 13], [12, 18, 13, 17], [14, 21, 15, 22]]"
12n_0102_105,"[[14, 21, 15, 22], [16, 12, 17, 11], [1, 19, 2, 18], [7, 21, 8, 20], [22, 15, 23, 16], [5, 1, 6, 24], [9, 3, 10, 2], [19, 5, 20, 4], [23, 7, 24, 6], [3, 9, 4, 8], [10, 14, 11, 13], [12, 18, 13, 17]]"
12n_0102_106,"[[12, 18, 13, 17], [14, 21, 15, 22], [16, 12, 17, 11], [1, 19, 2, 18], [7, 21, 8, 20], [22, 15, 23, 16], [5, 1, 6, 24], [9, 3, 10, 2], [19, 5, 20, 4], [23, 7, 24, 6], [3, 9, 4, 8], [10, 14, 11, 13]]"
12n_0102_107,"[[10, 14, 11, 13], [12, 18, 13, 17], [14, 21, 15, 22], [16, 12, 17, 11], [1, 19, 2, 18], [7, 21, 8, 20], [22, 15, 23, 16], [5, 1, 6, 24], [9, 3, 10, 2], [19, 5, 20, 4], [23, 7, 24, 6], [3, 9, 4, 8]]"
12n_0102_108,"[[4, 10, 5, 9], [11, 15, 12, 14], [13, 19, 14, 18], [15, 22, 16, 23], [17, 13, 18, 12], [2, 20, 3, 19], [8, 22, 9, 21], [23, 16, 24, 17], [6, 2, 7, 1], [10, 4, 11, 3], [20, 6, 21, 5], [24, 8, 1, 7]]"
12n_0102_109,"[[24, 8, 1, 7], [4, 10, 5, 9], [11, 15, 12, 14], [13, 19, 14, 18], [15, 22, 16, 23], [17, 13, 18, 12], [2, 20, 3, 19], [8, 22, 9, 21], [23, 16, 24, 17], [6, 2, 7, 1], [10, 4, 11, 3], [20, 6, 21, 5]]"
12n_0102_110,"[[20, 6, 21, 5], [24, 8, 1, 7], [4, 10, 5, 9], [11, 15, 12, 14], [13, 19, 14, 18], [15, 22, 16, 23], [17, 13, 18, 12], [2, 20, 3, 19], [8, 22, 9, 21], [23, 16, 24, 17], [6, 2, 7, 1], [10, 4, 11, 3]]"
12n_0102_111,"[[10, 4, 11, 3], [20, 6, 21, 5], [24, 8, 1, 7], [4, 10, 5, 9], [11, 15, 12, 14], [13, 19, 14, 18], [15, 22, 16, 23], [17, 13, 18, 12], [2, 20, 3, 19], [8, 22, 9, 21], [23, 16, 24, 17], [6, 2, 7, 1]]"
12n_0102_112,"[[6, 2, 7, 1], [10, 4, 11, 3], [20, 6, 21, 5], [24, 8, 1, 7], [4, 10, 5, 9], [11, 15, 12, 14], [13, 19, 14, 18], [15, 22, 16, 23], [17, 13, 18, 12], [2, 20, 3, 19], [8, 22, 9, 21], [23, 16, 24, 17]]"
12n_0102_113,"[[23, 16, 24, 17], [6, 2, 7, 1], [10, 4, 11, 3], [20, 6, 21, 5], [24, 8, 1, 7], [4, 10, 5, 9], [11, 15, 12, 14], [13, 19, 14, 18], [15, 22, 16, 23], [17, 13, 18, 12], [2, 20, 3, 19], [8, 22, 9, 21]]"
12n_0102_114,"[[8, 22, 9, 21], [23, 16, 24, 17], [6, 2, 7, 1], [10, 4, 11, 3], [20, 6, 21, 5], [24, 8, 1, 7], [4, 10, 5, 9], [11, 15, 12, 14], [13, 19, 14, 18], [15, 22, 16, 23], [17, 13, 18, 12], [2, 20, 3, 19]]"
12n_0102_115,"[[2, 20, 3, 19], [8, 22, 9, 21], [23, 16, 24, 17], [6, 2, 7, 1], [10, 4, 11, 3], [20, 6, 21, 5], [24, 8, 1, 7], [4, 10, 5, 9], [11, 15, 12, 14], [13, 19, 14, 18], [15, 22, 16, 23], [17, 13, 18, 12]]"
12n_0102_116,"[[17, 13, 18, 12], [2, 20, 3, 19], [8, 22, 9, 21], [23, 16, 24, 17], [6, 2, 7, 1], [10, 4, 11, 3], [20, 6, 21, 5], [24, 8, 1, 7], [4, 10, 5, 9], [11, 15, 12, 14], [13, 19, 14, 18], [15, 22, 16, 23]]"
12n_0102_117,"[[15, 22, 16, 23], [17, 13, 18, 12], [2, 20, 3, 19], [8, 22, 9, 21], [23, 16, 24, 17], [6, 2, 7, 1], [10, 4, 11, 3], [20, 6, 21, 5], [24, 8, 1, 7], [4, 10, 5, 9], [11, 15, 12, 14], [13, 19, 14, 18]]"
12n_0102_118,"[[13, 19, 14, 18], [15, 22, 16, 23], [17, 13, 18, 12], [2, 20, 3, 19], [8, 22, 9, 21], [23, 16, 24, 17], [6, 2, 7, 1], [10, 4, 11, 3], [20, 6, 21, 5], [24, 8, 1, 7], [4, 10, 5, 9], [11, 15, 12, 14]]"
12n_0102_119,"[[11, 15, 12, 14], [13, 19, 14, 18], [15, 22, 16, 23], [17, 13, 18, 12], [2, 20, 3, 19], [8, 22, 9, 21], [23, 16, 24, 17], [6, 2, 7, 1], [10, 4, 11, 3], [20, 6, 21, 5], [24, 8, 1, 7], [4, 10, 5, 9]]"
12n_0102_120,"[[5, 11, 6, 10], [12, 16, 13, 15], [14, 20, 15, 19], [16, 23, 17, 24], [18, 14, 19, 13], [3, 21, 4, 20], [9, 23, 10, 22], [24, 17, 1, 18], [7, 3, 8, 2], [11, 5, 12, 4], [21, 7, 22, 6], [1, 9, 2, 8]]"
12n_0102_121,"[[1, 9, 2, 8], [5, 11, 6, 10], [12, 16, 13, 15], [14, 20, 15, 19], [16, 23, 17, 24], [18, 14, 19, 13], [3, 21, 4, 20], [9, 23, 10, 22], [24, 17, 1, 18], [7, 3, 8, 2], [11, 5, 12, 4], [21, 7, 22, 6]]"
12n_0102_122,"[[21, 7, 22, 6], [1, 9, 2, 8], [5, 11, 6, 10], [12, 16, 13, 15], [14, 20, 15, 19], [16, 23, 17, 24], [18, 14, 19, 13], [3, 21, 4, 20], [9, 23, 10, 22], [24, 17, 1, 18], [7, 3, 8, 2], [11, 5, 12, 4]]"
12n_0102_123,"[[11, 5, 12, 4], [21, 7, 22, 6], [1, 9, 2, 8], [5, 11, 6, 10], [12, 16, 13, 15], [14, 20, 15, 19], [16, 23, 17, 24], [18, 14, 19, 13], [3, 21, 4, 20], [9, 23, 10, 22], [24, 17, 1, 18], [7, 3, 8, 2]]"
12n_0102_124,"[[7, 3, 8, 2], [11, 5, 12, 4], [21, 7, 22, 6], [1, 9, 2, 8], [5, 11, 6, 10], [12, 16, 13, 15], [14, 20, 15, 19], [16, 23, 17, 24], [18, 14, 19, 13], [3, 21, 4, 20], [9, 23, 10, 22], [24, 17, 1, 18]]"
12n_0102_125,"[[24, 17, 1, 18], [7, 3, 8, 2], [11, 5, 12, 4], [21, 7, 22, 6], [1, 9, 2, 8], [5, 11, 6, 10], [12, 16, 13, 15], [14, 20, 15, 19], [16, 23, 17, 24], [18, 14, 19, 13], [3, 21, 4, 20], [9, 23, 10, 22]]"
12n_0102_126,"[[9, 23, 10, 22], [24, 17, 1, 18], [7, 3, 8, 2], [11, 5, 12, 4], [21, 7, 22, 6], [1, 9, 2, 8], [5, 11, 6, 10], [12, 16, 13, 15], [14, 20, 15, 19], [16, 23, 17, 24], [18, 14, 19, 13], [3, 21, 4, 20]]"
12n_0102_127,"[[3, 21, 4, 20], [9, 23, 10, 22], [24, 17, 1, 18], [7, 3, 8, 2], [11, 5, 12, 4], [21, 7, 22, 6], [1, 9, 2, 8], [5, 11, 6, 10], [12, 16, 13, 15], [14, 20, 15, 19], [16, 23, 17, 24], [18, 14, 19, 13]]"
12n_0102_128,"[[18, 14, 19, 13], [3, 21, 4, 20], [9, 23, 10, 22], [24, 17, 1, 18], [7, 3, 8, 2], [11, 5, 12, 4], [21, 7, 22, 6], [1, 9, 2, 8], [5, 11, 6, 10], [12, 16, 13, 15], [14, 20, 15, 19], [16, 23, 17, 24]]"
12n_0102_129,"[[16, 23, 17, 24], [18, 14, 19, 13], [3, 21, 4, 20], [9, 23, 10, 22], [24, 17, 1, 18], [7, 3, 8, 2], [11, 5, 12, 4], [21, 7, 22, 6], [1, 9, 2, 8], [5, 11, 6, 10], [12, 16, 13, 15], [14, 20, 15, 19]]"
12n_0102_130,"[[14, 20, 15, 19], [16, 23, 17, 24], [18, 14, 19, 13], [3, 21, 4, 20], [9, 23, 10, 22], [24, 17, 1, 18], [7, 3, 8, 2], [11, 5, 12, 4], [21, 7, 22, 6], [1, 9, 2, 8], [5, 11, 6, 10], [12, 16, 13, 15]]"
12n_0102_131,"[[12, 16, 13, 15], [14, 20, 15, 19], [16, 23, 17, 24], [18, 14, 19, 13], [3, 21, 4, 20], [9, 23, 10, 22], [24, 17, 1, 18], [7, 3, 8, 2], [11, 5, 12, 4], [21, 7, 22, 6], [1, 9, 2, 8], [5, 11, 6, 10]]"
12n_0102_132,"[[6, 12, 7, 11], [13, 17, 14, 16], [15, 21, 16, 20], [17, 24, 18, 1], [19, 15, 20, 14], [4, 22, 5, 21], [10, 24, 11, 23], [1, 18, 2, 19], [8, 4, 9, 3], [12, 6, 13, 5], [22, 8, 23, 7], [2, 10, 3, 9]]"
12n_0102_133,"[[2, 10, 3, 9], [6, 12, 7, 11], [13, 17, 14, 16], [15, 21, 16, 20], [17, 24, 18, 1], [19, 15, 20, 14], [4, 22, 5, 21], [10, 24, 11, 23], [1, 18, 2, 19], [8, 4, 9, 3], [12, 6, 13, 5], [22, 8, 23, 7]]"
12n_0102_134,"[[22, 8, 23, 7], [2, 10, 3, 9], [6, 12, 7, 11], [13, 17, 14, 16], [15, 21, 16, 20], [17, 24, 18, 1], [19, 15, 20, 14], [4, 22, 5, 21], [10, 24, 11, 23], [1, 18, 2, 19], [8, 4, 9, 3], [12, 6, 13, 5]]"
12n_0102_135,"[[12, 6, 13, 5], [22, 8, 23, 7], [2, 10, 3, 9], [6, 12, 7, 11], [13, 17, 14, 16], [15, 21, 16, 20], [17, 24, 18, 1], [19, 15, 20, 14], [4, 22, 5, 21], [10, 24, 11, 23], [1, 18, 2, 19], [8, 4, 9, 3]]"
12n_0102_136,"[[8, 4, 9, 3], [12, 6, 13, 5], [22, 8, 23, 7], [2, 10, 3, 9], [6, 12, 7, 11], [13, 17, 14, 16], [15, 21, 16, 20], [17, 24, 18, 1], [19, 15, 20, 14], [4, 22, 5, 21], [10, 24, 11, 23], [1, 18, 2, 19]]"
12n_0102_137,"[[1, 18, 2, 19], [8, 4, 9, 3], [12, 6, 13, 5], [22, 8, 23, 7], [2, 10, 3, 9], [6, 12, 7, 11], [13, 17, 14, 16], [15, 21, 16, 20], [17, 24, 18, 1], [19, 15, 20, 14], [4, 22, 5, 21], [10, 24, 11, 23]]"
12n_0102_138,"[[10, 24, 11, 23], [1, 18, 2, 19], [8, 4, 9, 3], [12, 6, 13, 5], [22, 8, 23, 7], [2, 10, 3, 9], [6, 12, 7, 11], [13, 17, 14, 16], [15, 21, 16, 20], [17, 24, 18, 1], [19, 15, 20, 14], [4, 22, 5, 21]]"
12n_0102_139,"[[4, 22, 5, 21], [10, 24, 11, 23], [1, 18, 2, 19], [8, 4, 9, 3], [12, 6, 13, 5], [22, 8, 23, 7], [2, 10, 3, 9], [6, 12, 7, 11], [13, 17, 14, 16], [15, 21, 16, 20], [17, 24, 18, 1], [19, 15, 20, 14]]"
12n_0102_140,"[[19, 15, 20, 14], [4, 22, 5, 21], [10, 24, 11, 23], [1, 18, 2, 19], [8, 4, 9, 3], [12, 6, 13, 5], [22, 8, 23, 7], [2, 10, 3, 9], [6, 12, 7, 11], [13, 17, 14, 16], [15, 21, 16, 20], [17, 24, 18, 1]]"
12n_0102_141,"[[17, 24, 18, 1], [19, 15, 20, 14], [4, 22, 5, 21], [10, 24, 11, 23], [1, 18, 2, 19], [8, 4, 9, 3], [12, 6, 13, 5], [22, 8, 23, 7], [2, 10, 3, 9], [6, 12, 7, 11], [13, 17, 14, 16], [15, 21, 16, 20]]"
12n_0102_142,"[[15, 21, 16, 20], [17, 24, 18, 1], [19, 15, 20, 14], [4, 22, 5, 21], [10, 24, 11, 23], [1, 18, 2, 19], [8, 4, 9, 3], [12, 6, 13, 5], [22, 8, 23, 7], [2, 10, 3, 9], [6, 12, 7, 11], [13, 17, 14, 16]]"
12n_0102_143,"[[13, 17, 14, 16], [15, 21, 16, 20], [17, 24, 18, 1], [19, 15, 20, 14], [4, 22, 5, 21], [10, 24, 11, 23], [1, 18, 2, 19], [8, 4, 9, 3], [12, 6, 13, 5], [22, 8, 23, 7], [2, 10, 3, 9], [6, 12, 7, 11]]"
12n_0102_144,"[[7, 13, 8, 12], [14, 18, 15, 17], [16, 22, 17, 21], [18, 1, 19, 2], [20, 16, 21, 15], [5, 23, 6, 22], [11, 1, 12, 24], [2, 19, 3, 20], [9, 5, 10, 4], [13, 7, 14, 6], [23, 9, 24, 8], [3, 11, 4, 10]]"
12n_0102_145,"[[3, 11, 4, 10], [7, 13, 8, 12], [14, 18, 15, 17], [16, 22, 17, 21], [18, 1, 19, 2], [20, 16, 21, 15], [5, 23, 6, 22], [11, 1, 12, 24], [2, 19, 3, 20], [9, 5, 10, 4], [13, 7, 14, 6], [23, 9, 24, 8]]"
12n_0102_146,"[[23, 9, 24, 8], [3, 11, 4, 10], [7, 13, 8, 12], [14, 18, 15, 17], [16, 22, 17, 21], [18, 1, 19, 2], [20, 16, 21, 15], [5, 23, 6, 22], [11, 1, 12, 24], [2, 19, 3, 20], [9, 5, 10, 4], [13, 7, 14, 6]]"
12n_0102_147,"[[13, 7, 14, 6], [23, 9, 24, 8], [3, 11, 4, 10], [7, 13, 8, 12], [14, 18, 15, 17], [16, 22, 17, 21], [18, 1, 19, 2], [20, 16, 21, 15], [5, 23, 6, 22], [11, 1, 12, 24], [2, 19, 3, 20], [9, 5, 10, 4]]"
12n_0102_148,"[[9, 5, 10, 4], [13, 7, 14, 6], [23, 9, 24, 8], [3, 11, 4, 10], [7, 13, 8, 12], [14, 18, 15, 17], [16, 22, 17, 21], [18, 1, 19, 2], [20, 16, 21, 15], [5, 23, 6, 22], [11, 1, 12, 24], [2, 19, 3, 20]]"
12n_0102_149,"[[2, 19, 3, 20], [9, 5, 10, 4], [13, 7, 14, 6], [23, 9, 24, 8], [3, 11, 4, 10], [7, 13, 8, 12], [14, 18, 15, 17], [16, 22, 17, 21], [18, 1, 19, 2], [20, 16, 21, 15], [5, 23, 6, 22], [11, 1, 12, 24]]"
12n_0102_150,"[[11, 1, 12, 24], [2, 19, 3, 20], [9, 5, 10, 4], [13, 7, 14, 6], [23, 9, 24, 8], [3, 11, 4, 10], [7, 13, 8, 12], [14, 18, 15, 17], [16, 22, 17, 21], [18, 1, 19, 2], [20, 16, 21, 15], [5, 23, 6, 22]]"
12n_0102_151,"[[5, 23, 6, 22], [11, 1, 12, 24], [2, 19, 3, 20], [9, 5, 10, 4], [13, 7, 14, 6], [23, 9, 24, 8], [3, 11, 4, 10], [7, 13, 8, 12], [14, 18, 15, 17], [16, 22, 17, 21], [18, 1, 19, 2], [20, 16, 21, 15]]"
12n_0102_152,"[[20, 16, 21, 15], [5, 23, 6, 22], [11, 1, 12, 24], [2, 19, 3, 20], [9, 5, 10, 4], [13, 7, 14, 6], [23, 9, 24, 8], [3, 11, 4, 10], [7, 13, 8, 12], [14, 18, 15, 17], [16, 22, 17, 21], [18, 1, 19, 2]]"
12n_0102_153,"[[18, 1, 19, 2], [20, 16, 21, 15], [5, 23, 6, 22], [11, 1, 12, 24], [2, 19, 3, 20], [9, 5, 10, 4], [13, 7, 14, 6], [23, 9, 24, 8], [3, 11, 4, 10], [7, 13, 8, 12], [14, 18, 15, 17], [16, 22, 17, 21]]"
12n_0102_154,"[[16, 22, 17, 21], [18, 1, 19, 2], [20, 16, 21, 15], [5, 23, 6, 22], [11, 1, 12, 24], [2, 19, 3, 20], [9, 5, 10, 4], [13, 7, 14, 6], [23, 9, 24, 8], [3, 11, 4, 10], [7, 13, 8, 12], [14, 18, 15, 17]]"
12n_0102_155,"[[14, 18, 15, 17], [16, 22, 17, 21], [18, 1, 19, 2], [20, 16, 21, 15], [5, 23, 6, 22], [11, 1, 12, 24], [2, 19, 3, 20], [9, 5, 10, 4], [13, 7, 14, 6], [23, 9, 24, 8], [3, 11, 4, 10], [7, 13, 8, 12]]"
12n_0102_156,"[[8, 14, 9, 13], [15, 19, 16, 18], [17, 23, 18, 22], [19, 2, 20, 3], [21, 17, 22, 16], [6, 24, 7, 23], [12, 2, 13, 1], [3, 20, 4, 21], [10, 6, 11, 5], [14, 8, 15, 7], [24, 10, 1, 9], [4, 12, 5, 11]]"
12n_0102_157,"[[4, 12, 5, 11], [8, 14, 9, 13], [15, 19, 16, 18], [17, 23, 18, 22], [19, 2, 20, 3], [21, 17, 22, 16], [6, 24, 7, 23], [12, 2, 13, 1], [3, 20, 4, 21], [10, 6, 11, 5], [14, 8, 15, 7], [24, 10, 1, 9]]"
12n_0102_158,"[[24, 10, 1, 9], [4, 12, 5, 11], [8, 14, 9, 13], [15, 19, 16, 18], [17, 23, 18, 22], [19, 2, 20, 3], [21, 17, 22, 16], [6, 24, 7, 23], [12, 2, 13, 1], [3, 20, 4, 21], [10, 6, 11, 5], [14, 8, 15, 7]]"
12n_0102_159,"[[14, 8, 15, 7], [24, 10, 1, 9], [4, 12, 5, 11], [8, 14, 9, 13], [15, 19, 16, 18], [17, 23, 18, 22], [19, 2, 20, 3], [21, 17, 22, 16], [6, 24, 7, 23], [12, 2, 13, 1], [3, 20, 4, 21], [10, 6, 11, 5]]"
12n_0102_160,"[[10, 6, 11, 5], [14, 8, 15, 7], [24, 10, 1, 9], [4, 12, 5, 11], [8, 14, 9, 13], [15, 19, 16, 18], [17, 23, 18, 22], [19, 2, 20, 3], [21, 17, 22, 16], [6, 24, 7, 23], [12, 2, 13, 1], [3, 20, 4, 21]]"
12n_0102_161,"[[3, 20, 4, 21], [10, 6, 11, 5], [14, 8, 15, 7], [24, 10, 1, 9], [4, 12, 5, 11], [8, 14, 9, 13], [15, 19, 16, 18], [17, 23, 18, 22], [19, 2, 20, 3], [21, 17, 22, 16], [6, 24, 7, 23], [12, 2, 13, 1]]"
12n_0102_162,"[[12, 2, 13, 1], [3, 20, 4, 21], [10, 6, 11, 5], [14, 8, 15, 7], [24, 10, 1, 9], [4, 12, 5, 11], [8, 14, 9, 13], [15, 19, 16, 18], [17, 23, 18, 22], [19, 2, 20, 3], [21, 17, 22, 16], [6, 24, 7, 23]]"
12n_0102_163,"[[6, 24, 7, 23], [12, 2, 13, 1], [3, 20, 4, 21], [10, 6, 11, 5], [14, 8, 15, 7], [24, 10, 1, 9], [4, 12, 5, 11], [8, 14, 9, 13], [15, 19, 16, 18], [17, 23, 18, 22], [19, 2, 20, 3], [21, 17, 22, 16]]"
12n_0102_164,"[[21, 17, 22, 16], [6, 24, 7, 23], [12, 2, 13, 1], [3, 20, 4, 21], [10, 6, 11, 5], [14, 8, 15, 7], [24, 10, 1, 9], [4, 12, 5, 11], [8, 14, 9, 13], [15, 19, 16, 18], [17, 23, 18, 22], [19, 2, 20, 3]]"
12n_0102_165,"[[19, 2, 20, 3], [21, 17, 22, 16], [6, 24, 7, 23], [12, 2, 13, 1], [3, 20, 4, 21], [10, 6, 11, 5], [14, 8, 15, 7], [24, 10, 1, 9], [4, 12, 5, 11], [8, 14, 9, 13], [15, 19, 16, 18], [17, 23, 18, 22]]"
12n_0102_166,"[[17, 23, 18, 22], [19, 2, 20, 3], [21, 17, 22, 16], [6, 24, 7, 23], [12, 2, 13, 1], [3, 20, 4, 21], [10, 6, 11, 5], [14, 8, 15, 7], [24, 10, 1, 9], [4, 12, 5, 11], [8, 14, 9, 13], [15, 19, 16, 18]]"
12n_0102_167,"[[15, 19, 16, 18], [17, 23, 18, 22], [19, 2, 20, 3], [21, 17, 22, 16], [6, 24, 7, 23], [12, 2, 13, 1], [3, 20, 4, 21], [10, 6, 11, 5], [14, 8, 15, 7], [24, 10, 1, 9], [4, 12, 5, 11], [8, 14, 9, 13]]"
12n_0102_168,"[[9, 15, 10, 14], [16, 20, 17, 19], [18, 24, 19, 23], [20, 3, 21, 4], [22, 18, 23, 17], [7, 1, 8, 24], [13, 3, 14, 2], [4, 21, 5, 22], [11, 7, 12, 6], [15, 9, 16, 8], [1, 11, 2, 10], [5, 13, 6, 12]]"
12n_0102_169,"[[5, 13, 6, 12], [9, 15, 10, 14], [16, 20, 17, 19], [18, 24, 19, 23], [20, 3, 21, 4], [22, 18, 23, 17], [7, 1, 8, 24], [13, 3, 14, 2], [4, 21, 5, 22], [11, 7, 12, 6], [15, 9, 16, 8], [1, 11, 2, 10]]"
12n_0102_170,"[[1, 11, 2, 10], [5, 13, 6, 12], [9, 15, 10, 14], [16, 20, 17, 19], [18, 24, 19, 23], [20, 3, 21, 4], [22, 18, 23, 17], [7, 1, 8, 24], [13, 3, 14, 2], [4, 21, 5, 22], [11, 7, 12, 6], [15, 9, 16, 8]]"
12n_0102_171,"[[15, 9, 16, 8], [1, 11, 2, 10], [5, 13, 6, 12], [9, 15, 10, 14], [16, 20, 17, 19], [18, 24, 19, 23], [20, 3, 21, 4], [22, 18, 23, 17], [7, 1, 8, 24], [13, 3, 14, 2], [4, 21, 5, 22], [11, 7, 12, 6]]"
12n_0102_172,"[[11, 7, 12, 6], [15, 9, 16, 8], [1, 11, 2, 10], [5, 13, 6, 12], [9, 15, 10, 14], [16, 20, 17, 19], [18, 24, 19, 23], [20, 3, 21, 4], [22, 18, 23, 17], [7, 1, 8, 24], [13, 3, 14, 2], [4, 21, 5, 22]]"
12n_0102_173,"[[4, 21, 5, 22], [11, 7, 12, 6], [15, 9, 16, 8], [1, 11, 2, 10], [5, 13, 6, 12], [9, 15, 10, 14], [16, 20, 17, 19], [18, 24, 19, 23], [20, 3, 21, 4], [22, 18, 23, 17], [7, 1, 8, 24], [13, 3, 14, 2]]"
12n_0102_174,"[[13, 3, 14, 2], [4, 21, 5, 22], [11, 7, 12, 6], [15, 9, 16, 8], [1, 11, 2, 10], [5, 13, 6, 12], [9, 15, 10, 14], [16, 20, 17, 19], [18, 24, 19, 23], [20, 3, 21, 4], [22, 18, 23, 17], [7, 1, 8, 24]]"
12n_0102_175,"[[7, 1, 8, 24], [13, 3, 14, 2], [4, 21, 5, 22], [11, 7, 12, 6], [15, 9, 16, 8], [1, 11, 2, 10], [5, 13, 6, 12], [9, 15, 10, 14], [16, 20, 17, 19], [18, 24, 19, 23], [20, 3, 21, 4], [22, 18, 23, 17]]"
12n_0102_176,"[[22, 18, 23, 17], [7, 1, 8, 24], [13, 3, 14, 2], [4, 21, 5, 22], [11, 7, 12, 6], [15, 9, 16, 8], [1, 11, 2, 10], [5, 13, 6, 12], [9, 15, 10, 14], [16, 20, 17, 19], [18, 24, 19, 23], [20, 3, 21, 4]]"
12n_0102_177,"[[20, 3, 21, 4], [22, 18, 23, 17], [7, 1, 8, 24], [13, 3, 14, 2], [4, 21, 5, 22], [11, 7, 12, 6], [15, 9, 16, 8], [1, 11, 2, 10], [5, 13, 6, 12], [9, 15, 10, 14], [16, 20, 17, 19], [18, 24, 19, 23]]"
12n_0102_178,"[[18, 24, 19, 23], [20, 3, 21, 4], [22, 18, 23, 17], [7, 1, 8, 24], [13, 3, 14, 2], [4, 21, 5, 22], [11, 7, 12, 6], [15, 9, 16, 8], [1, 11, 2, 10], [5, 13, 6, 12], [9, 15, 10, 14], [16, 20, 17, 19]]"
12n_0102_179,"[[16, 20, 17, 19], [18, 24, 19, 23], [20, 3, 21, 4], [22, 18, 23, 17], [7, 1, 8, 24], [13, 3, 14, 2], [4, 21, 5, 22], [11, 7, 12, 6], [15, 9, 16, 8], [1, 11, 2, 10], [5, 13, 6, 12], [9, 15, 10, 14]]"
12n_0102_180,"[[10, 16, 11, 15], [17, 21, 18, 20], [19, 1, 20, 24], [21, 4, 22, 5], [23, 19, 24, 18], [8, 2, 9, 1], [14, 4, 15, 3], [5, 22, 6, 23], [12, 8, 13, 7], [16, 10, 17, 9], [2, 12, 3, 11], [6, 14, 7, 13]]"
12n_0102_181,"[[6, 14, 7, 13], [10, 16, 11, 15], [17, 21, 18, 20], [19, 1, 20, 24], [21, 4, 22, 5], [23, 19, 24, 18], [8, 2, 9, 1], [14, 4, 15, 3], [5, 22, 6, 23], [12, 8, 13, 7], [16, 10, 17, 9], [2, 12, 3, 11]]"
12n_0102_182,"[[2, 12, 3, 11], [6, 14, 7, 13], [10, 16, 11, 15], [17, 21, 18, 20], [19, 1, 20, 24], [21, 4, 22, 5], [23, 19, 24, 18], [8, 2, 9, 1], [14, 4, 15, 3], [5, 22, 6, 23], [12, 8, 13, 7], [16, 10, 17, 9]]"
12n_0102_183,"[[16, 10, 17, 9], [2, 12, 3, 11], [6, 14, 7, 13], [10, 16, 11, 15], [17, 21, 18, 20], [19, 1, 20, 24], [21, 4, 22, 5], [23, 19, 24, 18], [8, 2, 9, 1], [14, 4, 15, 3], [5, 22, 6, 23], [12, 8, 13, 7]]"
12n_0102_184,"[[12, 8, 13, 7], [16, 10, 17, 9], [2, 12, 3, 11], [6, 14, 7, 13], [10, 16, 11, 15], [17, 21, 18, 20], [19, 1, 20, 24], [21, 4, 22, 5], [23, 19, 24, 18], [8, 2, 9, 1], [14, 4, 15, 3], [5, 22, 6, 23]]"
12n_0102_185,"[[5, 22, 6, 23], [12, 8, 13, 7], [16, 10, 17, 9], [2, 12, 3, 11], [6, 14, 7, 13], [10, 16, 11, 15], [17, 21, 18, 20], [19, 1, 20, 24], [21, 4, 22, 5], [23, 19, 24, 18], [8, 2, 9, 1], [14, 4, 15, 3]]"
