name,pd_notation
12n_0092_0,"[[24, 19, 1, 20], [2, 6, 3, 5], [4, 10, 5, 9], [6, 14, 7, 13], [8, 4, 9, 3], [17, 11, 18, 10], [12, 8, 13, 7], [14, 21, 15, 22], [11, 17, 12, 16], [18, 23, 19, 24], [20, 1, 21, 2], [22, 15, 23, 16]]"
12n_0092_1,"[[22, 15, 23, 16], [24, 19, 1, 20], [2, 6, 3, 5], [4, 10, 5, 9], [6, 14, 7, 13], [8, 4, 9, 3], [17, 11, 18, 10], [12, 8, 13, 7], [14, 21, 15, 22], [11, 17, 12, 16], [18, 23, 19, 24], [20, 1, 21, 2]]"
12n_0092_2,"[[20, 1, 21, 2], [22, 15, 23, 16], [24, 19, 1, 20], [2, 6, 3, 5], [4, 10, 5, 9], [6, 14, 7, 13], [8, 4, 9, 3], [17, 11, 18, 10], [12, 8, 13, 7], [14, 21, 15, 22], [11, 17, 12, 16], [18, 23, 19, 24]]"
12n_0092_3,"[[18, 23, 19, 24], [20, 1, 21, 2], [22, 15, 23, 16], [24, 19, 1, 20], [2, 6, 3, 5], [4, 10, 5, 9], [6, 14, 7, 13], [8, 4, 9, 3], [17, 11, 18, 10], [12, 8, 13, 7], [14, 21, 15, 22], [11, 17, 12, 16]]"
12n_0092_4,"[[11, 17, 12, 16], [18, 23, 19, 24], [20, 1, 21, 2], [22, 15, 23, 16], [24, 19, 1, 20], [2, 6, 3, 5], [4, 10, 5, 9], [6, 14, 7, 13], [8, 4, 9, 3], [17, 11, 18, 10], [12, 8, 13, 7], [14, 21, 15, 22]]"
12n_0092_5,"[[14, 21, 15, 22], [11, 17, 12, 16], [18, 23, 19, 24], [20, 1, 21, 2], [22, 15, 23, 16], [24, 19, 1, 20], [2, 6, 3, 5], [4, 10, 5, 9], [6, 14, 7, 13], [8, 4, 9, 3], [17, 11, 18, 10], [12, 8, 13, 7]]"
12n_0092_6,"[[12, 8, 13, 7], [14, 21, 15, 22], [11, 17, 12, 16], [18, 23, 19, 24], [20, 1, 21, 2], [22, 15, 23, 16], [24, 19, 1, 20], [2, 6, 3, 5], [4, 10, 5, 9], [6, 14, 7, 13], [8, 4, 9, 3], [17, 11, 18, 10]]"
12n_0092_7,"[[17, 11, 18, 10], [12, 8, 13, 7], [14, 21, 15, 22], [11, 17, 12, 16], [18, 23, 19, 24], [20, 1, 21, 2], [22, 15, 23, 16], [24, 19, 1, 20], [2, 6, 3, 5], [4, 10, 5, 9], [6, 14, 7, 13], [8, 4, 9, 3]]"
12n_0092_8,"[[8, 4, 9, 3], [17, 11, 18, 10], [12, 8, 13, 7], [14, 21, 15, 22], [11, 17, 12, 16], [18, 23, 19, 24], [20, 1, 21, 2], [22, 15, 23, 16], [24, 19, 1, 20], [2, 6, 3, 5], [4, 10, 5, 9], [6, 14, 7, 13]]"
12n_0092_9,"[[6, 14, 7, 13], [8, 4, 9, 3], [17, 11, 18, 10], [12, 8, 13, 7], [14, 21, 15, 22], [11, 17, 12, 16], [18, 23, 19, 24], [20, 1, 21, 2], [22, 15, 23, 16], [24, 19, 1, 20], [2, 6, 3, 5], [4, 10, 5, 9]]"
12n_0092_10,"[[4, 10, 5, 9], [6, 14, 7, 13], [8, 4, 9, 3], [17, 11, 18, 10], [12, 8, 13, 7], [14, 21, 15, 22], [11, 17, 12, 16], [18, 23, 19, 24], [20, 1, 21, 2], [22, 15, 23, 16], [24, 19, 1, 20], [2, 6, 3, 5]]"
12n_0092_11,"[[2, 6, 3, 5], [4, 10, 5, 9], [6, 14, 7, 13], [8, 4, 9, 3], [17, 11, 18, 10], [12, 8, 13, 7], [14, 21, 15, 22], [11, 17, 12, 16], [18, 23, 19, 24], [20, 1, 21, 2], [22, 15, 23, 16], [24, 19, 1, 20]]"
12n_0092_12,"[[1, 20, 2, 21], [3, 7, 4, 6], [5, 11, 6, 10], [7, 15, 8, 14], [9, 5, 10, 4], [18, 12, 19, 11], [13, 9, 14, 8], [15, 22, 16, 23], [12, 18, 13, 17], [19, 24, 20, 1], [21, 2, 22, 3], [23, 16, 24, 17]]"
12n_0092_13,"[[23, 16, 24, 17], [1, 20, 2, 21], [3, 7, 4, 6], [5, 11, 6, 10], [7, 15, 8, 14], [9, 5, 10, 4], [18, 12, 19, 11], [13, 9, 14, 8], [15, 22, 16, 23], [12, 18, 13, 17], [19, 24, 20, 1], [21, 2, 22, 3]]"
12n_0092_14,"[[21, 2, 22, 3], [23, 16, 24, 17], [1, 20, 2, 21], [3, 7, 4, 6], [5, 11, 6, 10], [7, 15, 8, 14], [9, 5, 10, 4], [18, 12, 19, 11], [13, 9, 14, 8], [15, 22, 16, 23], [12, 18, 13, 17], [19, 24, 20, 1]]"
12n_0092_15,"[[19, 24, 20, 1], [21, 2, 22, 3], [23, 16, 24, 17], [1, 20, 2, 21], [3, 7, 4, 6], [5, 11, 6, 10], [7, 15, 8, 14], [9, 5, 10, 4], [18, 12, 19, 11], [13, 9, 14, 8], [15, 22, 16, 23], [12, 18, 13, 17]]"
12n_0092_16,"[[12, 18, 13, 17], [19, 24, 20, 1], [21, 2, 22, 3], [23, 16, 24, 17], [1, 20, 2, 21], [3, 7, 4, 6], [5, 11, 6, 10], [7, 15, 8, 14], [9, 5, 10, 4], [18, 12, 19, 11], [13, 9, 14, 8], [15, 22, 16, 23]]"
12n_0092_17,"[[15, 22, 16, 23], [12, 18, 13, 17], [19, 24, 20, 1], [21, 2, 22, 3], [23, 16, 24, 17], [1, 20, 2, 21], [3, 7, 4, 6], [5, 11, 6, 10], [7, 15, 8, 14], [9, 5, 10, 4], [18, 12, 19, 11], [13, 9, 14, 8]]"
12n_0092_18,"[[13, 9, 14, 8], [15, 22, 16, 23], [12, 18, 13, 17], [19, 24, 20, 1], [21, 2, 22, 3], [23, 16, 24, 17], [1, 20, 2, 21], [3, 7, 4, 6], [5, 11, 6, 10], [7, 15, 8, 14], [9, 5, 10, 4], [18, 12, 19, 11]]"
12n_0092_19,"[[18, 12, 19, 11], [13, 9, 14, 8], [15, 22, 16, 23], [12, 18, 13, 17], [19, 24, 20, 1], [21, 2, 22, 3], [23, 16, 24, 17], [1, 20, 2, 21], [3, 7, 4, 6], [5, 11, 6, 10], [7, 15, 8, 14], [9, 5, 10, 4]]"
12n_0092_20,"[[9, 5, 10, 4], [18, 12, 19, 11], [13, 9, 14, 8], [15, 22, 16, 23], [12, 18, 13, 17], [19, 24, 20, 1], [21, 2, 22, 3], [23, 16, 24, 17], [1, 20, 2, 21], [3, 7, 4, 6], [5, 11, 6, 10], [7, 15, 8, 14]]"
12n_0092_21,"[[7, 15, 8, 14], [9, 5, 10, 4], [18, 12, 19, 11], [13, 9, 14, 8], [15, 22, 16, 23], [12, 18, 13, 17], [19, 24, 20, 1], [21, 2, 22, 3], [23, 16, 24, 17], [1, 20, 2, 21], [3, 7, 4, 6], [5, 11, 6, 10]]"
12n_0092_22,"[[5, 11, 6, 10], [7, 15, 8, 14], [9, 5, 10, 4], [18, 12, 19, 11], [13, 9, 14, 8], [15, 22, 16, 23], [12, 18, 13, 17], [19, 24, 20, 1], [21, 2, 22, 3], [23, 16, 24, 17], [1, 20, 2, 21], [3, 7, 4, 6]]"
12n_0092_23,"[[3, 7, 4, 6], [5, 11, 6, 10], [7, 15, 8, 14], [9, 5, 10, 4], [18, 12, 19, 11], [13, 9, 14, 8], [15, 22, 16, 23], [12, 18, 13, 17], [19, 24, 20, 1], [21, 2, 22, 3], [23, 16, 24, 17], [1, 20, 2, 21]]"
12n_0092_24,"[[2, 21, 3, 22], [4, 8, 5, 7], [6, 12, 7, 11], [8, 16, 9, 15], [10, 6, 11, 5], [19, 13, 20, 12], [14, 10, 15, 9], [16, 23, 17, 24], [13, 19, 14, 18], [20, 1, 21, 2], [22, 3, 23, 4], [24, 17, 1, 18]]"
12n_0092_25,"[[24, 17, 1, 18], [2, 21, 3, 22], [4, 8, 5, 7], [6, 12, 7, 11], [8, 16, 9, 15], [10, 6, 11, 5], [19, 13, 20, 12], [14, 10, 15, 9], [16, 23, 17, 24], [13, 19, 14, 18], [20, 1, 21, 2], [22, 3, 23, 4]]"
12n_0092_26,"[[22, 3, 23, 4], [24, 17, 1, 18], [2, 21, 3, 22], [4, 8, 5, 7], [6, 12, 7, 11], [8, 16, 9, 15], [10, 6, 11, 5], [19, 13, 20, 12], [14, 10, 15, 9], [16, 23, 17, 24], [13, 19, 14, 18], [20, 1, 21, 2]]"
12n_0092_27,"[[20, 1, 21, 2], [22, 3, 23, 4], [24, 17, 1, 18], [2, 21, 3, 22], [4, 8, 5, 7], [6, 12, 7, 11], [8, 16, 9, 15], [10, 6, 11, 5], [19, 13, 20, 12], [14, 10, 15, 9], [16, 23, 17, 24], [13, 19, 14, 18]]"
12n_0092_28,"[[13, 19, 14, 18], [20, 1, 21, 2], [22, 3, 23, 4], [24, 17, 1, 18], [2, 21, 3, 22], [4, 8, 5, 7], [6, 12, 7, 11], [8, 16, 9, 15], [10, 6, 11, 5], [19, 13, 20, 12], [14, 10, 15, 9], [16, 23, 17, 24]]"
12n_0092_29,"[[16, 23, 17, 24], [13, 19, 14, 18], [20, 1, 21, 2], [22, 3, 23, 4], [24, 17, 1, 18], [2, 21, 3, 22], [4, 8, 5, 7], [6, 12, 7, 11], [8, 16, 9, 15], [10, 6, 11, 5], [19, 13, 20, 12], [14, 10, 15, 9]]"
12n_0092_30,"[[14, 10, 15, 9], [16, 23, 17, 24], [13, 19, 14, 18], [20, 1, 21, 2], [22, 3, 23, 4], [24, 17, 1, 18], [2, 21, 3, 22], [4, 8, 5, 7], [6, 12, 7, 11], [8, 16, 9, 15], [10, 6, 11, 5], [19, 13, 20, 12]]"
12n_0092_31,"[[19, 13, 20, 12], [14, 10, 15, 9], [16, 23, 17, 24], [13, 19, 14, 18], [20, 1, 21, 2], [22, 3, 23, 4], [24, 17, 1, 18], [2, 21, 3, 22], [4, 8, 5, 7], [6, 12, 7, 11], [8, 16, 9, 15], [10, 6, 11, 5]]"
12n_0092_32,"[[10, 6, 11, 5], [19, 13, 20, 12], [14, 10, 15, 9], [16, 23, 17, 24], [13, 19, 14, 18], [20, 1, 21, 2], [22, 3, 23, 4], [24, 17, 1, 18], [2, 21, 3, 22], [4, 8, 5, 7], [6, 12, 7, 11], [8, 16, 9, 15]]"
12n_0092_33,"[[8, 16, 9, 15], [10, 6, 11, 5], [19, 13, 20, 12], [14, 10, 15, 9], [16, 23, 17, 24], [13, 19, 14, 18], [20, 1, 21, 2], [22, 3, 23, 4], [24, 17, 1, 18], [2, 21, 3, 22], [4, 8, 5, 7], [6, 12, 7, 11]]"
12n_0092_34,"[[6, 12, 7, 11], [8, 16, 9, 15], [10, 6, 11, 5], [19, 13, 20, 12], [14, 10, 15, 9], [16, 23, 17, 24], [13, 19, 14, 18], [20, 1, 21, 2], [22, 3, 23, 4], [24, 17, 1, 18], [2, 21, 3, 22], [4, 8, 5, 7]]"
12n_0092_35,"[[4, 8, 5, 7], [6, 12, 7, 11], [8, 16, 9, 15], [10, 6, 11, 5], [19, 13, 20, 12], [14, 10, 15, 9], [16, 23, 17, 24], [13, 19, 14, 18], [20, 1, 21, 2], [22, 3, 23, 4], [24, 17, 1, 18], [2, 21, 3, 22]]"
12n_0092_36,"[[3, 22, 4, 23], [5, 9, 6, 8], [7, 13, 8, 12], [9, 17, 10, 16], [11, 7, 12, 6], [20, 14, 21, 13], [15, 11, 16, 10], [17, 24, 18, 1], [14, 20, 15, 19], [21, 2, 22, 3], [23, 4, 24, 5], [1, 18, 2, 19]]"
12n_0092_37,"[[1, 18, 2, 19], [3, 22, 4, 23], [5, 9, 6, 8], [7, 13, 8, 12], [9, 17, 10, 16], [11, 7, 12, 6], [20, 14, 21, 13], [15, 11, 16, 10], [17, 24, 18, 1], [14, 20, 15, 19], [21, 2, 22, 3], [23, 4, 24, 5]]"
12n_0092_38,"[[23, 4, 24, 5], [1, 18, 2, 19], [3, 22, 4, 23], [5, 9, 6, 8], [7, 13, 8, 12], [9, 17, 10, 16], [11, 7, 12, 6], [20, 14, 21, 13], [15, 11, 16, 10], [17, 24, 18, 1], [14, 20, 15, 19], [21, 2, 22, 3]]"
12n_0092_39,"[[21, 2, 22, 3], [23, 4, 24, 5], [1, 18, 2, 19], [3, 22, 4, 23], [5, 9, 6, 8], [7, 13, 8, 12], [9, 17, 10, 16], [11, 7, 12, 6], [20, 14, 21, 13], [15, 11, 16, 10], [17, 24, 18, 1], [14, 20, 15, 19]]"
12n_0092_40,"[[14, 20, 15, 19], [21, 2, 22, 3], [23, 4, 24, 5], [1, 18, 2, 19], [3, 22, 4, 23], [5, 9, 6, 8], [7, 13, 8, 12], [9, 17, 10, 16], [11, 7, 12, 6], [20, 14, 21, 13], [15, 11, 16, 10], [17, 24, 18, 1]]"
12n_0092_41,"[[17, 24, 18, 1], [14, 20, 15, 19], [21, 2, 22, 3], [23, 4, 24, 5], [1, 18, 2, 19], [3, 22, 4, 23], [5, 9, 6, 8], [7, 13, 8, 12], [9, 17, 10, 16], [11, 7, 12, 6], [20, 14, 21, 13], [15, 11, 16, 10]]"
12n_0092_42,"[[15, 11, 16, 10], [17, 24, 18, 1], [14, 20, 15, 19], [21, 2, 22, 3], [23, 4, 24, 5], [1, 18, 2, 19], [3, 22, 4, 23], [5, 9, 6, 8], [7, 13, 8, 12], [9, 17, 10, 16], [11, 7, 12, 6], [20, 14, 21, 13]]"
12n_0092_43,"[[20, 14, 21, 13], [15, 11, 16, 10], [17, 24, 18, 1], [14, 20, 15, 19], [21, 2, 22, 3], [23, 4, 24, 5], [1, 18, 2, 19], [3, 22, 4, 23], [5, 9, 6, 8], [7, 13, 8, 12], [9, 17, 10, 16], [11, 7, 12, 6]]"
12n_0092_44,"[[11, 7, 12, 6], [20, 14, 21, 13], [15, 11, 16, 10], [17, 24, 18, 1], [14, 20, 15, 19], [21, 2, 22, 3], [23, 4, 24, 5], [1, 18, 2, 19], [3, 22, 4, 23], [5, 9, 6, 8], [7, 13, 8, 12], [9, 17, 10, 16]]"
12n_0092_45,"[[9, 17, 10, 16], [11, 7, 12, 6], [20, 14, 21, 13], [15, 11, 16, 10], [17, 24, 18, 1], [14, 20, 15, 19], [21, 2, 22, 3], [23, 4, 24, 5], [1, 18, 2, 19], [3, 22, 4, 23], [5, 9, 6, 8], [7, 13, 8, 12]]"
12n_0092_46,"[[7, 13, 8, 12], [9, 17, 10, 16], [11, 7, 12, 6], [20, 14, 21, 13], [15, 11, 16, 10], [17, 24, 18, 1], [14, 20, 15, 19], [21, 2, 22, 3], [23, 4, 24, 5], [1, 18, 2, 19], [3, 22, 4, 23], [5, 9, 6, 8]]"
12n_0092_47,"[[5, 9, 6, 8], [7, 13, 8, 12], [9, 17, 10, 16], [11, 7, 12, 6], [20, 14, 21, 13], [15, 11, 16, 10], [17, 24, 18, 1], [14, 20, 15, 19], [21, 2, 22, 3], [23, 4, 24, 5], [1, 18, 2, 19], [3, 22, 4, 23]]"
12n_0092_48,"[[4, 23, 5, 24], [6, 10, 7, 9], [8, 14, 9, 13], [10, 18, 11, 17], [12, 8, 13, 7], [21, 15, 22, 14], [16, 12, 17, 11], [18, 1, 19, 2], [15, 21, 16, 20], [22, 3, 23, 4], [24, 5, 1, 6], [2, 19, 3, 20]]"
12n_0092_49,"[[2, 19, 3, 20], [4, 23, 5, 24], [6, 10, 7, 9], [8, 14, 9, 13], [10, 18, 11, 17], [12, 8, 13, 7], [21, 15, 22, 14], [16, 12, 17, 11], [18, 1, 19, 2], [15, 21, 16, 20], [22, 3, 23, 4], [24, 5, 1, 6]]"
12n_0092_50,"[[24, 5, 1, 6], [2, 19, 3, 20], [4, 23, 5, 24], [6, 10, 7, 9], [8, 14, 9, 13], [10, 18, 11, 17], [12, 8, 13, 7], [21, 15, 22, 14], [16, 12, 17, 11], [18, 1, 19, 2], [15, 21, 16, 20], [22, 3, 23, 4]]"
12n_0092_51,"[[22, 3, 23, 4], [24, 5, 1, 6], [2, 19, 3, 20], [4, 23, 5, 24], [6, 10, 7, 9], [8, 14, 9, 13], [10, 18, 11, 17], [12, 8, 13, 7], [21, 15, 22, 14], [16, 12, 17, 11], [18, 1, 19, 2], [15, 21, 16, 20]]"
12n_0092_52,"[[15, 21, 16, 20], [22, 3, 23, 4], [24, 5, 1, 6], [2, 19, 3, 20], [4, 23, 5, 24], [6, 10, 7, 9], [8, 14, 9, 13], [10, 18, 11, 17], [12, 8, 13, 7], [21, 15, 22, 14], [16, 12, 17, 11], [18, 1, 19, 2]]"
12n_0092_53,"[[18, 1, 19, 2], [15, 21, 16, 20], [22, 3, 23, 4], [24, 5, 1, 6], [2, 19, 3, 20], [4, 23, 5, 24], [6, 10, 7, 9], [8, 14, 9, 13], [10, 18, 11, 17], [12, 8, 13, 7], [21, 15, 22, 14], [16, 12, 17, 11]]"
12n_0092_54,"[[16, 12, 17, 11], [18, 1, 19, 2], [15, 21, 16, 20], [22, 3, 23, 4], [24, 5, 1, 6], [2, 19, 3, 20], [4, 23, 5, 24], [6, 10, 7, 9], [8, 14, 9, 13], [10, 18, 11, 17], [12, 8, 13, 7], [21, 15, 22, 14]]"
12n_0092_55,"[[21, 15, 22, 14], [16, 12, 17, 11], [18, 1, 19, 2], [15, 21, 16, 20], [22, 3, 23, 4], [24, 5, 1, 6], [2, 19, 3, 20], [4, 23, 5, 24], [6, 10, 7, 9], [8, 14, 9, 13], [10, 18, 11, 17], [12, 8, 13, 7]]"
12n_0092_56,"[[12, 8, 13, 7], [21, 15, 22, 14], [16, 12, 17, 11], [18, 1, 19, 2], [15, 21, 16, 20], [22, 3, 23, 4], [24, 5, 1, 6], [2, 19, 3, 20], [4, 23, 5, 24], [6, 10, 7, 9], [8, 14, 9, 13], [10, 18, 11, 17]]"
12n_0092_57,"[[10, 18, 11, 17], [12, 8, 13, 7], [21, 15, 22, 14], [16, 12, 17, 11], [18, 1, 19, 2], [15, 21, 16, 20], [22, 3, 23, 4], [24, 5, 1, 6], [2, 19, 3, 20], [4, 23, 5, 24], [6, 10, 7, 9], [8, 14, 9, 13]]"
12n_0092_58,"[[8, 14, 9, 13], [10, 18, 11, 17], [12, 8, 13, 7], [21, 15, 22, 14], [16, 12, 17, 11], [18, 1, 19, 2], [15, 21, 16, 20], [22, 3, 23, 4], [24, 5, 1, 6], [2, 19, 3, 20], [4, 23, 5, 24], [6, 10, 7, 9]]"
12n_0092_59,"[[6, 10, 7, 9], [8, 14, 9, 13], [10, 18, 11, 17], [12, 8, 13, 7], [21, 15, 22, 14], [16, 12, 17, 11], [18, 1, 19, 2], [15, 21, 16, 20], [22, 3, 23, 4], [24, 5, 1, 6], [2, 19, 3, 20], [4, 23, 5, 24]]"
12n_0092_60,"[[5, 24, 6, 1], [7, 11, 8, 10], [9, 15, 10, 14], [11, 19, 12, 18], [13, 9, 14, 8], [22, 16, 23, 15], [17, 13, 18, 12], [19, 2, 20, 3], [16, 22, 17, 21], [23, 4, 24, 5], [1, 6, 2, 7], [3, 20, 4, 21]]"
12n_0092_61,"[[3, 20, 4, 21], [5, 24, 6, 1], [7, 11, 8, 10], [9, 15, 10, 14], [11, 19, 12, 18], [13, 9, 14, 8], [22, 16, 23, 15], [17, 13, 18, 12], [19, 2, 20, 3], [16, 22, 17, 21], [23, 4, 24, 5], [1, 6, 2, 7]]"
12n_0092_62,"[[1, 6, 2, 7], [3, 20, 4, 21], [5, 24, 6, 1], [7, 11, 8, 10], [9, 15, 10, 14], [11, 19, 12, 18], [13, 9, 14, 8], [22, 16, 23, 15], [17, 13, 18, 12], [19, 2, 20, 3], [16, 22, 17, 21], [23, 4, 24, 5]]"
12n_0092_63,"[[23, 4, 24, 5], [1, 6, 2, 7], [3, 20, 4, 21], [5, 24, 6, 1], [7, 11, 8, 10], [9, 15, 10, 14], [11, 19, 12, 18], [13, 9, 14, 8], [22, 16, 23, 15], [17, 13, 18, 12], [19, 2, 20, 3], [16, 22, 17, 21]]"
12n_0092_64,"[[16, 22, 17, 21], [23, 4, 24, 5], [1, 6, 2, 7], [3, 20, 4, 21], [5, 24, 6, 1], [7, 11, 8, 10], [9, 15, 10, 14], [11, 19, 12, 18], [13, 9, 14, 8], [22, 16, 23, 15], [17, 13, 18, 12], [19, 2, 20, 3]]"
12n_0092_65,"[[19, 2, 20, 3], [16, 22, 17, 21], [23, 4, 24, 5], [1, 6, 2, 7], [3, 20, 4, 21], [5, 24, 6, 1], [7, 11, 8, 10], [9, 15, 10, 14], [11, 19, 12, 18], [13, 9, 14, 8], [22, 16, 23, 15], [17, 13, 18, 12]]"
12n_0092_66,"[[17, 13, 18, 12], [19, 2, 20, 3], [16, 22, 17, 21], [23, 4, 24, 5], [1, 6, 2, 7], [3, 20, 4, 21], [5, 24, 6, 1], [7, 11, 8, 10], [9, 15, 10, 14], [11, 19, 12, 18], [13, 9, 14, 8], [22, 16, 23, 15]]"
12n_0092_67,"[[22, 16, 23, 15], [17, 13, 18, 12], [19, 2, 20, 3], [16, 22, 17, 21], [23, 4, 24, 5], [1, 6, 2, 7], [3, 20, 4, 21], [5, 24, 6, 1], [7, 11, 8, 10], [9, 15, 10, 14], [11, 19, 12, 18], [13, 9, 14, 8]]"
12n_0092_68,"[[13, 9, 14, 8], [22, 16, 23, 15], [17, 13, 18, 12], [19, 2, 20, 3], [16, 22, 17, 21], [23, 4, 24, 5], [1, 6, 2, 7], [3, 20, 4, 21], [5, 24, 6, 1], [7, 11, 8, 10], [9, 15, 10, 14], [11, 19, 12, 18]]"
12n_0092_69,"[[11, 19, 12, 18], [13, 9, 14, 8], [22, 16, 23, 15], [17, 13, 18, 12], [19, 2, 20, 3], [16, 22, 17, 21], [23, 4, 24, 5], [1, 6, 2, 7], [3, 20, 4, 21], [5, 24, 6, 1], [7, 11, 8, 10], [9, 15, 10, 14]]"
12n_0092_70,"[[9, 15, 10, 14], [11, 19, 12, 18], [13, 9, 14, 8], [22, 16, 23, 15], [17, 13, 18, 12], [19, 2, 20, 3], [16, 22, 17, 21], [23, 4, 24, 5], [1, 6, 2, 7], [3, 20, 4, 21], [5, 24, 6, 1], [7, 11, 8, 10]]"
12n_0092_71,"[[7, 11, 8, 10], [9, 15, 10, 14], [11, 19, 12, 18], [13, 9, 14, 8], [22, 16, 23, 15], [17, 13, 18, 12], [19, 2, 20, 3], [16, 22, 17, 21], [23, 4, 24, 5], [1, 6, 2, 7], [3, 20, 4, 21], [5, 24, 6, 1]]"
12n_0092_72,"[[6, 1, 7, 2], [8, 12, 9, 11], [10, 16, 11, 15], [12, 20, 13, 19], [14, 10, 15, 9], [23, 17, 24, 16], [18, 14, 19, 13], [20, 3, 21, 4], [17, 23, 18, 22], [24, 5, 1, 6], [2, 7, 3, 8], [4, 21, 5, 22]]"
12n_0092_73,"[[4, 21, 5, 22], [6, 1, 7, 2], [8, 12, 9, 11], [10, 16, 11, 15], [12, 20, 13, 19], [14, 10, 15, 9], [23, 17, 24, 16], [18, 14, 19, 13], [20, 3, 21, 4], [17, 23, 18, 22], [24, 5, 1, 6], [2, 7, 3, 8]]"
12n_0092_74,"[[2, 7, 3, 8], [4, 21, 5, 22], [6, 1, 7, 2], [8, 12, 9, 11], [10, 16, 11, 15], [12, 20, 13, 19], [14, 10, 15, 9], [23, 17, 24, 16], [18, 14, 19, 13], [20, 3, 21, 4], [17, 23, 18, 22], [24, 5, 1, 6]]"
12n_0092_75,"[[24, 5, 1, 6], [2, 7, 3, 8], [4, 21, 5, 22], [6, 1, 7, 2], [8, 12, 9, 11], [10, 16, 11, 15], [12, 20, 13, 19], [14, 10, 15, 9], [23, 17, 24, 16], [18, 14, 19, 13], [20, 3, 21, 4], [17, 23, 18, 22]]"
12n_0092_76,"[[17, 23, 18, 22], [24, 5, 1, 6], [2, 7, 3, 8], [4, 21, 5, 22], [6, 1, 7, 2], [8, 12, 9, 11], [10, 16, 11, 15], [12, 20, 13, 19], [14, 10, 15, 9], [23, 17, 24, 16], [18, 14, 19, 13], [20, 3, 21, 4]]"
12n_0092_77,"[[20, 3, 21, 4], [17, 23, 18, 22], [24, 5, 1, 6], [2, 7, 3, 8], [4, 21, 5, 22], [6, 1, 7, 2], [8, 12, 9, 11], [10, 16, 11, 15], [12, 20, 13, 19], [14, 10, 15, 9], [23, 17, 24, 16], [18, 14, 19, 13]]"
12n_0092_78,"[[18, 14, 19, 13], [20, 3, 21, 4], [17, 23, 18, 22], [24, 5, 1, 6], [2, 7, 3, 8], [4, 21, 5, 22], [6, 1, 7, 2], [8, 12, 9, 11], [10, 16, 11, 15], [12, 20, 13, 19], [14, 10, 15, 9], [23, 17, 24, 16]]"
12n_0092_79,"[[23, 17, 24, 16], [18, 14, 19, 13], [20, 3, 21, 4], [17, 23, 18, 22], [24, 5, 1, 6], [2, 7, 3, 8], [4, 21, 5, 22], [6, 1, 7, 2], [8, 12, 9, 11], [10, 16, 11, 15], [12, 20, 13, 19], [14, 10, 15, 9]]"
12n_0092_80,"[[14, 10, 15, 9], [23, 17, 24, 16], [18, 14, 19, 13], [20, 3, 21, 4], [17, 23, 18, 22], [24, 5, 1, 6], [2, 7, 3, 8], [4, 21, 5, 22], [6, 1, 7, 2], [8, 12, 9, 11], [10, 16, 11, 15], [12, 20, 13, 19]]"
12n_0092_81,"[[12, 20, 13, 19], [14, 10, 15, 9], [23, 17, 24, 16], [18, 14, 19, 13], [20, 3, 21, 4], [17, 23, 18, 22], [24, 5, 1, 6], [2, 7, 3, 8], [4, 21, 5, 22], [6, 1, 7, 2], [8, 12, 9, 11], [10, 16, 11, 15]]"
12n_0092_82,"[[10, 16, 11, 15], [12, 20, 13, 19], [14, 10, 15, 9], [23, 17, 24, 16], [18, 14, 19, 13], [20, 3, 21, 4], [17, 23, 18, 22], [24, 5, 1, 6], [2, 7, 3, 8], [4, 21, 5, 22], [6, 1, 7, 2], [8, 12, 9, 11]]"
12n_0092_83,"[[8, 12, 9, 11], [10, 16, 11, 15], [12, 20, 13, 19], [14, 10, 15, 9], [23, 17, 24, 16], [18, 14, 19, 13], [20, 3, 21, 4], [17, 23, 18, 22], [24, 5, 1, 6], [2, 7, 3, 8], [4, 21, 5, 22], [6, 1, 7, 2]]"
12n_0092_84,"[[7, 2, 8, 3], [9, 13, 10, 12], [11, 17, 12, 16], [13, 21, 14, 20], [15, 11, 16, 10], [24, 18, 1, 17], [19, 15, 20, 14], [21, 4, 22, 5], [18, 24, 19, 23], [1, 6, 2, 7], [3, 8, 4, 9], [5, 22, 6, 23]]"
12n_0092_85,"[[5, 22, 6, 23], [7, 2, 8, 3], [9, 13, 10, 12], [11, 17, 12, 16], [13, 21, 14, 20], [15, 11, 16, 10], [24, 18, 1, 17], [19, 15, 20, 14], [21, 4, 22, 5], [18, 24, 19, 23], [1, 6, 2, 7], [3, 8, 4, 9]]"
12n_0092_86,"[[3, 8, 4, 9], [5, 22, 6, 23], [7, 2, 8, 3], [9, 13, 10, 12], [11, 17, 12, 16], [13, 21, 14, 20], [15, 11, 16, 10], [24, 18, 1, 17], [19, 15, 20, 14], [21, 4, 22, 5], [18, 24, 19, 23], [1, 6, 2, 7]]"
12n_0092_87,"[[1, 6, 2, 7], [3, 8, 4, 9], [5, 22, 6, 23], [7, 2, 8, 3], [9, 13, 10, 12], [11, 17, 12, 16], [13, 21, 14, 20], [15, 11, 16, 10], [24, 18, 1, 17], [19, 15, 20, 14], [21, 4, 22, 5], [18, 24, 19, 23]]"
12n_0092_88,"[[18, 24, 19, 23], [1, 6, 2, 7], [3, 8, 4, 9], [5, 22, 6, 23], [7, 2, 8, 3], [9, 13, 10, 12], [11, 17, 12, 16], [13, 21, 14, 20], [15, 11, 16, 10], [24, 18, 1, 17], [19, 15, 20, 14], [21, 4, 22, 5]]"
12n_0092_89,"[[21, 4, 22, 5], [18, 24, 19, 23], [1, 6, 2, 7], [3, 8, 4, 9], [5, 22, 6, 23], [7, 2, 8, 3], [9, 13, 10, 12], [11, 17, 12, 16], [13, 21, 14, 20], [15, 11, 16, 10], [24, 18, 1, 17], [19, 15, 20, 14]]"
12n_0092_90,"[[19, 15, 20, 14], [21, 4, 22, 5], [18, 24, 19, 23], [1, 6, 2, 7], [3, 8, 4, 9], [5, 22, 6, 23], [7, 2, 8, 3], [9, 13, 10, 12], [11, 17, 12, 16], [13, 21, 14, 20], [15, 11, 16, 10], [24, 18, 1, 17]]"
12n_0092_91,"[[24, 18, 1, 17], [19, 15, 20, 14], [21, 4, 22, 5], [18, 24, 19, 23], [1, 6, 2, 7], [3, 8, 4, 9], [5, 22, 6, 23], [7, 2, 8, 3], [9, 13, 10, 12], [11, 17, 12, 16], [13, 21, 14, 20], [15, 11, 16, 10]]"
12n_0092_92,"[[15, 11, 16, 10], [24, 18, 1, 17], [19, 15, 20, 14], [21, 4, 22, 5], [18, 24, 19, 23], [1, 6, 2, 7], [3, 8, 4, 9], [5, 22, 6, 23], [7, 2, 8, 3], [9, 13, 10, 12], [11, 17, 12, 16], [13, 21, 14, 20]]"
12n_0092_93,"[[13, 21, 14, 20], [15, 11, 16, 10], [24, 18, 1, 17], [19, 15, 20, 14], [21, 4, 22, 5], [18, 24, 19, 23], [1, 6, 2, 7], [3, 8, 4, 9], [5, 22, 6, 23], [7, 2, 8, 3], [9, 13, 10, 12], [11, 17, 12, 16]]"
12n_0092_94,"[[11, 17, 12, 16], [13, 21, 14, 20], [15, 11, 16, 10], [24, 18, 1, 17], [19, 15, 20, 14], [21, 4, 22, 5], [18, 24, 19, 23], [1, 6, 2, 7], [3, 8, 4, 9], [5, 22, 6, 23], [7, 2, 8, 3], [9, 13, 10, 12]]"
12n_0092_95,"[[9, 13, 10, 12], [11, 17, 12, 16], [13, 21, 14, 20], [15, 11, 16, 10], [24, 18, 1, 17], [19, 15, 20, 14], [21, 4, 22, 5], [18, 24, 19, 23], [1, 6, 2, 7], [3, 8, 4, 9], [5, 22, 6, 23], [7, 2, 8, 3]]"
12n_0092_96,"[[8, 3, 9, 4], [10, 14, 11, 13], [12, 18, 13, 17], [14, 22, 15, 21], [16, 12, 17, 11], [1, 19, 2, 18], [20, 16, 21, 15], [22, 5, 23, 6], [19, 1, 20, 24], [2, 7, 3, 8], [4, 9, 5, 10], [6, 23, 7, 24]]"
12n_0092_97,"[[6, 23, 7, 24], [8, 3, 9, 4], [10, 14, 11, 13], [12, 18, 13, 17], [14, 22, 15, 21], [16, 12, 17, 11], [1, 19, 2, 18], [20, 16, 21, 15], [22, 5, 23, 6], [19, 1, 20, 24], [2, 7, 3, 8], [4, 9, 5, 10]]"
12n_0092_98,"[[4, 9, 5, 10], [6, 23, 7, 24], [8, 3, 9, 4], [10, 14, 11, 13], [12, 18, 13, 17], [14, 22, 15, 21], [16, 12, 17, 11], [1, 19, 2, 18], [20, 16, 21, 15], [22, 5, 23, 6], [19, 1, 20, 24], [2, 7, 3, 8]]"
12n_0092_99,"[[2, 7, 3, 8], [4, 9, 5, 10], [6, 23, 7, 24], [8, 3, 9, 4], [10, 14, 11, 13], [12, 18, 13, 17], [14, 22, 15, 21], [16, 12, 17, 11], [1, 19, 2, 18], [20, 16, 21, 15], [22, 5, 23, 6], [19, 1, 20, 24]]"
12n_0092_100,"[[19, 1, 20, 24], [2, 7, 3, 8], [4, 9, 5, 10], [6, 23, 7, 24], [8, 3, 9, 4], [10, 14, 11, 13], [12, 18, 13, 17], [14, 22, 15, 21], [16, 12, 17, 11], [1, 19, 2, 18], [20, 16, 21, 15], [22, 5, 23, 6]]"
12n_0092_101,"[[22, 5, 23, 6], [19, 1, 20, 24], [2, 7, 3, 8], [4, 9, 5, 10], [6, 23, 7, 24], [8, 3, 9, 4], [10, 14, 11, 13], [12, 18, 13, 17], [14, 22, 15, 21], [16, 12, 17, 11], [1, 19, 2, 18], [20, 16, 21, 15]]"
12n_0092_102,"[[20, 16, 21, 15], [22, 5, 23, 6], [19, 1, 20, 24], [2, 7, 3, 8], [4, 9, 5, 10], [6, 23, 7, 24], [8, 3, 9, 4], [10, 14, 11, 13], [12, 18, 13, 17], [14, 22, 15, 21], [16, 12, 17, 11], [1, 19, 2, 18]]"
12n_0092_103,"[[1, 19, 2, 18], [20, 16, 21, 15], [22, 5, 23, 6], [19, 1, 20, 24], [2, 7, 3, 8], [4, 9, 5, 10], [6, 23, 7, 24], [8, 3, 9, 4], [10, 14, 11, 13], [12, 18, 13, 17], [14, 22, 15, 21], [16, 12, 17, 11]]"
12n_0092_104,"[[16, 12, 17, 11], [1, 19, 2, 18], [20, 16, 21, 15], [22, 5, 23, 6], [19, 1, 20, 24], [2, 7, 3, 8], [4, 9, 5, 10], [6, 23, 7, 24], [8, 3, 9, 4], [10, 14, 11, 13], [12, 18, 13, 17], [14, 22, 15, 21]]"
12n_0092_105,"[[14, 22, 15, 21], [16, 12, 17, 11], [1, 19, 2, 18], [20, 16, 21, 15], [22, 5, 23, 6], [19, 1, 20, 24], [2, 7, 3, 8], [4, 9, 5, 10], [6, 23, 7, 24], [8, 3, 9, 4], [10, 14, 11, 13], [12, 18, 13, 17]]"
12n_0092_106,"[[12, 18, 13, 17], [14, 22, 15, 21], [16, 12, 17, 11], [1, 19, 2, 18], [20, 16, 21, 15], [22, 5, 23, 6], [19, 1, 20, 24], [2, 7, 3, 8], [4, 9, 5, 10], [6, 23, 7, 24], [8, 3, 9, 4], [10, 14, 11, 13]]"
12n_0092_107,"[[10, 14, 11, 13], [12, 18, 13, 17], [14, 22, 15, 21], [16, 12, 17, 11], [1, 19, 2, 18], [20, 16, 21, 15], [22, 5, 23, 6], [19, 1, 20, 24], [2, 7, 3, 8], [4, 9, 5, 10], [6, 23, 7, 24], [8, 3, 9, 4]]"
12n_0092_108,"[[9, 4, 10, 5], [11, 15, 12, 14], [13, 19, 14, 18], [15, 23, 16, 22], [17, 13, 18, 12], [2, 20, 3, 19], [21, 17, 22, 16], [23, 6, 24, 7], [20, 2, 21, 1], [3, 8, 4, 9], [5, 10, 6, 11], [7, 24, 8, 1]]"
12n_0092_109,"[[7, 24, 8, 1], [9, 4, 10, 5], [11, 15, 12, 14], [13, 19, 14, 18], [15, 23, 16, 22], [17, 13, 18, 12], [2, 20, 3, 19], [21, 17, 22, 16], [23, 6, 24, 7], [20, 2, 21, 1], [3, 8, 4, 9], [5, 10, 6, 11]]"
12n_0092_110,"[[5, 10, 6, 11], [7, 24, 8, 1], [9, 4, 10, 5], [11, 15, 12, 14], [13, 19, 14, 18], [15, 23, 16, 22], [17, 13, 18, 12], [2, 20, 3, 19], [21, 17, 22, 16], [23, 6, 24, 7], [20, 2, 21, 1], [3, 8, 4, 9]]"
12n_0092_111,"[[3, 8, 4, 9], [5, 10, 6, 11], [7, 24, 8, 1], [9, 4, 10, 5], [11, 15, 12, 14], [13, 19, 14, 18], [15, 23, 16, 22], [17, 13, 18, 12], [2, 20, 3, 19], [21, 17, 22, 16], [23, 6, 24, 7], [20, 2, 21, 1]]"
12n_0092_112,"[[20, 2, 21, 1], [3, 8, 4, 9], [5, 10, 6, 11], [7, 24, 8, 1], [9, 4, 10, 5], [11, 15, 12, 14], [13, 19, 14, 18], [15, 23, 16, 22], [17, 13, 18, 12], [2, 20, 3, 19], [21, 17, 22, 16], [23, 6, 24, 7]]"
12n_0092_113,"[[23, 6, 24, 7], [20, 2, 21, 1], [3, 8, 4, 9], [5, 10, 6, 11], [7, 24, 8, 1], [9, 4, 10, 5], [11, 15, 12, 14], [13, 19, 14, 18], [15, 23, 16, 22], [17, 13, 18, 12], [2, 20, 3, 19], [21, 17, 22, 16]]"
12n_0092_114,"[[21, 17, 22, 16], [23, 6, 24, 7], [20, 2, 21, 1], [3, 8, 4, 9], [5, 10, 6, 11], [7, 24, 8, 1], [9, 4, 10, 5], [11, 15, 12, 14], [13, 19, 14, 18], [15, 23, 16, 22], [17, 13, 18, 12], [2, 20, 3, 19]]"
12n_0092_115,"[[2, 20, 3, 19], [21, 17, 22, 16], [23, 6, 24, 7], [20, 2, 21, 1], [3, 8, 4, 9], [5, 10, 6, 11], [7, 24, 8, 1], [9, 4, 10, 5], [11, 15, 12, 14], [13, 19, 14, 18], [15, 23, 16, 22], [17, 13, 18, 12]]"
12n_0092_116,"[[17, 13, 18, 12], [2, 20, 3, 19], [21, 17, 22, 16], [23, 6, 24, 7], [20, 2, 21, 1], [3, 8, 4, 9], [5, 10, 6, 11], [7, 24, 8, 1], [9, 4, 10, 5], [11, 15, 12, 14], [13, 19, 14, 18], [15, 23, 16, 22]]"
12n_0092_117,"[[15, 23, 16, 22], [17, 13, 18, 12], [2, 20, 3, 19], [21, 17, 22, 16], [23, 6, 24, 7], [20, 2, 21, 1], [3, 8, 4, 9], [5, 10, 6, 11], [7, 24, 8, 1], [9, 4, 10, 5], [11, 15, 12, 14], [13, 19, 14, 18]]"
12n_0092_118,"[[13, 19, 14, 18], [15, 23, 16, 22], [17, 13, 18, 12], [2, 20, 3, 19], [21, 17, 22, 16], [23, 6, 24, 7], [20, 2, 21, 1], [3, 8, 4, 9], [5, 10, 6, 11], [7, 24, 8, 1], [9, 4, 10, 5], [11, 15, 12, 14]]"
12n_0092_119,"[[11, 15, 12, 14], [13, 19, 14, 18], [15, 23, 16, 22], [17, 13, 18, 12], [2, 20, 3, 19], [21, 17, 22, 16], [23, 6, 24, 7], [20, 2, 21, 1], [3, 8, 4, 9], [5, 10, 6, 11], [7, 24, 8, 1], [9, 4, 10, 5]]"
12n_0092_120,"[[10, 5, 11, 6], [12, 16, 13, 15], [14, 20, 15, 19], [16, 24, 17, 23], [18, 14, 19, 13], [3, 21, 4, 20], [22, 18, 23, 17], [24, 7, 1, 8], [21, 3, 22, 2], [4, 9, 5, 10], [6, 11, 7, 12], [8, 1, 9, 2]]"
12n_0092_121,"[[8, 1, 9, 2], [10, 5, 11, 6], [12, 16, 13, 15], [14, 20, 15, 19], [16, 24, 17, 23], [18, 14, 19, 13], [3, 21, 4, 20], [22, 18, 23, 17], [24, 7, 1, 8], [21, 3, 22, 2], [4, 9, 5, 10], [6, 11, 7, 12]]"
12n_0092_122,"[[6, 11, 7, 12], [8, 1, 9, 2], [10, 5, 11, 6], [12, 16, 13, 15], [14, 20, 15, 19], [16, 24, 17, 23], [18, 14, 19, 13], [3, 21, 4, 20], [22, 18, 23, 17], [24, 7, 1, 8], [21, 3, 22, 2], [4, 9, 5, 10]]"
12n_0092_123,"[[4, 9, 5, 10], [6, 11, 7, 12], [8, 1, 9, 2], [10, 5, 11, 6], [12, 16, 13, 15], [14, 20, 15, 19], [16, 24, 17, 23], [18, 14, 19, 13], [3, 21, 4, 20], [22, 18, 23, 17], [24, 7, 1, 8], [21, 3, 22, 2]]"
12n_0092_124,"[[21, 3, 22, 2], [4, 9, 5, 10], [6, 11, 7, 12], [8, 1, 9, 2], [10, 5, 11, 6], [12, 16, 13, 15], [14, 20, 15, 19], [16, 24, 17, 23], [18, 14, 19, 13], [3, 21, 4, 20], [22, 18, 23, 17], [24, 7, 1, 8]]"
12n_0092_125,"[[24, 7, 1, 8], [21, 3, 22, 2], [4, 9, 5, 10], [6, 11, 7, 12], [8, 1, 9, 2], [10, 5, 11, 6], [12, 16, 13, 15], [14, 20, 15, 19], [16, 24, 17, 23], [18, 14, 19, 13], [3, 21, 4, 20], [22, 18, 23, 17]]"
12n_0092_126,"[[22, 18, 23, 17], [24, 7, 1, 8], [21, 3, 22, 2], [4, 9, 5, 10], [6, 11, 7, 12], [8, 1, 9, 2], [10, 5, 11, 6], [12, 16, 13, 15], [14, 20, 15, 19], [16, 24, 17, 23], [18, 14, 19, 13], [3, 21, 4, 20]]"
12n_0092_127,"[[3, 21, 4, 20], [22, 18, 23, 17], [24, 7, 1, 8], [21, 3, 22, 2], [4, 9, 5, 10], [6, 11, 7, 12], [8, 1, 9, 2], [10, 5, 11, 6], [12, 16, 13, 15], [14, 20, 15, 19], [16, 24, 17, 23], [18, 14, 19, 13]]"
12n_0092_128,"[[18, 14, 19, 13], [3, 21, 4, 20], [22, 18, 23, 17], [24, 7, 1, 8], [21, 3, 22, 2], [4, 9, 5, 10], [6, 11, 7, 12], [8, 1, 9, 2], [10, 5, 11, 6], [12, 16, 13, 15], [14, 20, 15, 19], [16, 24, 17, 23]]"
12n_0092_129,"[[16, 24, 17, 23], [18, 14, 19, 13], [3, 21, 4, 20], [22, 18, 23, 17], [24, 7, 1, 8], [21, 3, 22, 2], [4, 9, 5, 10], [6, 11, 7, 12], [8, 1, 9, 2], [10, 5, 11, 6], [12, 16, 13, 15], [14, 20, 15, 19]]"
12n_0092_130,"[[14, 20, 15, 19], [16, 24, 17, 23], [18, 14, 19, 13], [3, 21, 4, 20], [22, 18, 23, 17], [24, 7, 1, 8], [21, 3, 22, 2], [4, 9, 5, 10], [6, 11, 7, 12], [8, 1, 9, 2], [10, 5, 11, 6], [12, 16, 13, 15]]"
12n_0092_131,"[[12, 16, 13, 15], [14, 20, 15, 19], [16, 24, 17, 23], [18, 14, 19, 13], [3, 21, 4, 20], [22, 18, 23, 17], [24, 7, 1, 8], [21, 3, 22, 2], [4, 9, 5, 10], [6, 11, 7, 12], [8, 1, 9, 2], [10, 5, 11, 6]]"
12n_0092_132,"[[11, 6, 12, 7], [13, 17, 14, 16], [15, 21, 16, 20], [17, 1, 18, 24], [19, 15, 20, 14], [4, 22, 5, 21], [23, 19, 24, 18], [1, 8, 2, 9], [22, 4, 23, 3], [5, 10, 6, 11], [7, 12, 8, 13], [9, 2, 10, 3]]"
12n_0092_133,"[[9, 2, 10, 3], [11, 6, 12, 7], [13, 17, 14, 16], [15, 21, 16, 20], [17, 1, 18, 24], [19, 15, 20, 14], [4, 22, 5, 21], [23, 19, 24, 18], [1, 8, 2, 9], [22, 4, 23, 3], [5, 10, 6, 11], [7, 12, 8, 13]]"
12n_0092_134,"[[7, 12, 8, 13], [9, 2, 10, 3], [11, 6, 12, 7], [13, 17, 14, 16], [15, 21, 16, 20], [17, 1, 18, 24], [19, 15, 20, 14], [4, 22, 5, 21], [23, 19, 24, 18], [1, 8, 2, 9], [22, 4, 23, 3], [5, 10, 6, 11]]"
12n_0092_135,"[[5, 10, 6, 11], [7, 12, 8, 13], [9, 2, 10, 3], [11, 6, 12, 7], [13, 17, 14, 16], [15, 21, 16, 20], [17, 1, 18, 24], [19, 15, 20, 14], [4, 22, 5, 21], [23, 19, 24, 18], [1, 8, 2, 9], [22, 4, 23, 3]]"
12n_0092_136,"[[22, 4, 23, 3], [5, 10, 6, 11], [7, 12, 8, 13], [9, 2, 10, 3], [11, 6, 12, 7], [13, 17, 14, 16], [15, 21, 16, 20], [17, 1, 18, 24], [19, 15, 20, 14], [4, 22, 5, 21], [23, 19, 24, 18], [1, 8, 2, 9]]"
12n_0092_137,"[[1, 8, 2, 9], [22, 4, 23, 3], [5, 10, 6, 11], [7, 12, 8, 13], [9, 2, 10, 3], [11, 6, 12, 7], [13, 17, 14, 16], [15, 21, 16, 20], [17, 1, 18, 24], [19, 15, 20, 14], [4, 22, 5, 21], [23, 19, 24, 18]]"
12n_0092_138,"[[23, 19, 24, 18], [1, 8, 2, 9], [22, 4, 23, 3], [5, 10, 6, 11], [7, 12, 8, 13], [9, 2, 10, 3], [11, 6, 12, 7], [13, 17, 14, 16], [15, 21, 16, 20], [17, 1, 18, 24], [19, 15, 20, 14], [4, 22, 5, 21]]"
12n_0092_139,"[[4, 22, 5, 21], [23, 19, 24, 18], [1, 8, 2, 9], [22, 4, 23, 3], [5, 10, 6, 11], [7, 12, 8, 13], [9, 2, 10, 3], [11, 6, 12, 7], [13, 17, 14, 16], [15, 21, 16, 20], [17, 1, 18, 24], [19, 15, 20, 14]]"
12n_0092_140,"[[19, 15, 20, 14], [4, 22, 5, 21], [23, 19, 24, 18], [1, 8, 2, 9], [22, 4, 23, 3], [5, 10, 6, 11], [7, 12, 8, 13], [9, 2, 10, 3], [11, 6, 12, 7], [13, 17, 14, 16], [15, 21, 16, 20], [17, 1, 18, 24]]"
12n_0092_141,"[[17, 1, 18, 24], [19, 15, 20, 14], [4, 22, 5, 21], [23, 19, 24, 18], [1, 8, 2, 9], [22, 4, 23, 3], [5, 10, 6, 11], [7, 12, 8, 13], [9, 2, 10, 3], [11, 6, 12, 7], [13, 17, 14, 16], [15, 21, 16, 20]]"
12n_0092_142,"[[15, 21, 16, 20], [17, 1, 18, 24], [19, 15, 20, 14], [4, 22, 5, 21], [23, 19, 24, 18], [1, 8, 2, 9], [22, 4, 23, 3], [5, 10, 6, 11], [7, 12, 8, 13], [9, 2, 10, 3], [11, 6, 12, 7], [13, 17, 14, 16]]"
12n_0092_143,"[[13, 17, 14, 16], [15, 21, 16, 20], [17, 1, 18, 24], [19, 15, 20, 14], [4, 22, 5, 21], [23, 19, 24, 18], [1, 8, 2, 9], [22, 4, 23, 3], [5, 10, 6, 11], [7, 12, 8, 13], [9, 2, 10, 3], [11, 6, 12, 7]]"
12n_0092_144,"[[12, 7, 13, 8], [14, 18, 15, 17], [16, 22, 17, 21], [18, 2, 19, 1], [20, 16, 21, 15], [5, 23, 6, 22], [24, 20, 1, 19], [2, 9, 3, 10], [23, 5, 24, 4], [6, 11, 7, 12], [8, 13, 9, 14], [10, 3, 11, 4]]"
12n_0092_145,"[[10, 3, 11, 4], [12, 7, 13, 8], [14, 18, 15, 17], [16, 22, 17, 21], [18, 2, 19, 1], [20, 16, 21, 15], [5, 23, 6, 22], [24, 20, 1, 19], [2, 9, 3, 10], [23, 5, 24, 4], [6, 11, 7, 12], [8, 13, 9, 14]]"
12n_0092_146,"[[8, 13, 9, 14], [10, 3, 11, 4], [12, 7, 13, 8], [14, 18, 15, 17], [16, 22, 17, 21], [18, 2, 19, 1], [20, 16, 21, 15], [5, 23, 6, 22], [24, 20, 1, 19], [2, 9, 3, 10], [23, 5, 24, 4], [6, 11, 7, 12]]"
12n_0092_147,"[[6, 11, 7, 12], [8, 13, 9, 14], [10, 3, 11, 4], [12, 7, 13, 8], [14, 18, 15, 17], [16, 22, 17, 21], [18, 2, 19, 1], [20, 16, 21, 15], [5, 23, 6, 22], [24, 20, 1, 19], [2, 9, 3, 10], [23, 5, 24, 4]]"
12n_0092_148,"[[23, 5, 24, 4], [6, 11, 7, 12], [8, 13, 9, 14], [10, 3, 11, 4], [12, 7, 13, 8], [14, 18, 15, 17], [16, 22, 17, 21], [18, 2, 19, 1], [20, 16, 21, 15], [5, 23, 6, 22], [24, 20, 1, 19], [2, 9, 3, 10]]"
12n_0092_149,"[[2, 9, 3, 10], [23, 5, 24, 4], [6, 11, 7, 12], [8, 13, 9, 14], [10, 3, 11, 4], [12, 7, 13, 8], [14, 18, 15, 17], [16, 22, 17, 21], [18, 2, 19, 1], [20, 16, 21, 15], [5, 23, 6, 22], [24, 20, 1, 19]]"
12n_0092_150,"[[24, 20, 1, 19], [2, 9, 3, 10], [23, 5, 24, 4], [6, 11, 7, 12], [8, 13, 9, 14], [10, 3, 11, 4], [12, 7, 13, 8], [14, 18, 15, 17], [16, 22, 17, 21], [18, 2, 19, 1], [20, 16, 21, 15], [5, 23, 6, 22]]"
12n_0092_151,"[[5, 23, 6, 22], [24, 20, 1, 19], [2, 9, 3, 10], [23, 5, 24, 4], [6, 11, 7, 12], [8, 13, 9, 14], [10, 3, 11, 4], [12, 7, 13, 8], [14, 18, 15, 17], [16, 22, 17, 21], [18, 2, 19, 1], [20, 16, 21, 15]]"
12n_0092_152,"[[20, 16, 21, 15], [5, 23, 6, 22], [24, 20, 1, 19], [2, 9, 3, 10], [23, 5, 24, 4], [6, 11, 7, 12], [8, 13, 9, 14], [10, 3, 11, 4], [12, 7, 13, 8], [14, 18, 15, 17], [16, 22, 17, 21], [18, 2, 19, 1]]"
12n_0092_153,"[[18, 2, 19, 1], [20, 16, 21, 15], [5, 23, 6, 22], [24, 20, 1, 19], [2, 9, 3, 10], [23, 5, 24, 4], [6, 11, 7, 12], [8, 13, 9, 14], [10, 3, 11, 4], [12, 7, 13, 8], [14, 18, 15, 17], [16, 22, 17, 21]]"
12n_0092_154,"[[16, 22, 17, 21], [18, 2, 19, 1], [20, 16, 21, 15], [5, 23, 6, 22], [24, 20, 1, 19], [2, 9, 3, 10], [23, 5, 24, 4], [6, 11, 7, 12], [8, 13, 9, 14], [10, 3, 11, 4], [12, 7, 13, 8], [14, 18, 15, 17]]"
12n_0092_155,"[[14, 18, 15, 17], [16, 22, 17, 21], [18, 2, 19, 1], [20, 16, 21, 15], [5, 23, 6, 22], [24, 20, 1, 19], [2, 9, 3, 10], [23, 5, 24, 4], [6, 11, 7, 12], [8, 13, 9, 14], [10, 3, 11, 4], [12, 7, 13, 8]]"
12n_0092_156,"[[13, 8, 14, 9], [15, 19, 16, 18], [17, 23, 18, 22], [19, 3, 20, 2], [21, 17, 22, 16], [6, 24, 7, 23], [1, 21, 2, 20], [3, 10, 4, 11], [24, 6, 1, 5], [7, 12, 8, 13], [9, 14, 10, 15], [11, 4, 12, 5]]"
12n_0092_157,"[[11, 4, 12, 5], [13, 8, 14, 9], [15, 19, 16, 18], [17, 23, 18, 22], [19, 3, 20, 2], [21, 17, 22, 16], [6, 24, 7, 23], [1, 21, 2, 20], [3, 10, 4, 11], [24, 6, 1, 5], [7, 12, 8, 13], [9, 14, 10, 15]]"
12n_0092_158,"[[9, 14, 10, 15], [11, 4, 12, 5], [13, 8, 14, 9], [15, 19, 16, 18], [17, 23, 18, 22], [19, 3, 20, 2], [21, 17, 22, 16], [6, 24, 7, 23], [1, 21, 2, 20], [3, 10, 4, 11], [24, 6, 1, 5], [7, 12, 8, 13]]"
12n_0092_159,"[[7, 12, 8, 13], [9, 14, 10, 15], [11, 4, 12, 5], [13, 8, 14, 9], [15, 19, 16, 18], [17, 23, 18, 22], [19, 3, 20, 2], [21, 17, 22, 16], [6, 24, 7, 23], [1, 21, 2, 20], [3, 10, 4, 11], [24, 6, 1, 5]]"
12n_0092_160,"[[24, 6, 1, 5], [7, 12, 8, 13], [9, 14, 10, 15], [11, 4, 12, 5], [13, 8, 14, 9], [15, 19, 16, 18], [17, 23, 18, 22], [19, 3, 20, 2], [21, 17, 22, 16], [6, 24, 7, 23], [1, 21, 2, 20], [3, 10, 4, 11]]"
12n_0092_161,"[[3, 10, 4, 11], [24, 6, 1, 5], [7, 12, 8, 13], [9, 14, 10, 15], [11, 4, 12, 5], [13, 8, 14, 9], [15, 19, 16, 18], [17, 23, 18, 22], [19, 3, 20, 2], [21, 17, 22, 16], [6, 24, 7, 23], [1, 21, 2, 20]]"
12n_0092_162,"[[1, 21, 2, 20], [3, 10, 4, 11], [24, 6, 1, 5], [7, 12, 8, 13], [9, 14, 10, 15], [11, 4, 12, 5], [13, 8, 14, 9], [15, 19, 16, 18], [17, 23, 18, 22], [19, 3, 20, 2], [21, 17, 22, 16], [6, 24, 7, 23]]"
12n_0092_163,"[[6, 24, 7, 23], [1, 21, 2, 20], [3, 10, 4, 11], [24, 6, 1, 5], [7, 12, 8, 13], [9, 14, 10, 15], [11, 4, 12, 5], [13, 8, 14, 9], [15, 19, 16, 18], [17, 23, 18, 22], [19, 3, 20, 2], [21, 17, 22, 16]]"
12n_0092_164,"[[21, 17, 22, 16], [6, 24, 7, 23], [1, 21, 2, 20], [3, 10, 4, 11], [24, 6, 1, 5], [7, 12, 8, 13], [9, 14, 10, 15], [11, 4, 12, 5], [13, 8, 14, 9], [15, 19, 16, 18], [17, 23, 18, 22], [19, 3, 20, 2]]"
12n_0092_165,"[[19, 3, 20, 2], [21, 17, 22, 16], [6, 24, 7, 23], [1, 21, 2, 20], [3, 10, 4, 11], [24, 6, 1, 5], [7, 12, 8, 13], [9, 14, 10, 15], [11, 4, 12, 5], [13, 8, 14, 9], [15, 19, 16, 18], [17, 23, 18, 22]]"
12n_0092_166,"[[17, 23, 18, 22], [19, 3, 20, 2], [21, 17, 22, 16], [6, 24, 7, 23], [1, 21, 2, 20], [3, 10, 4, 11], [24, 6, 1, 5], [7, 12, 8, 13], [9, 14, 10, 15], [11, 4, 12, 5], [13, 8, 14, 9], [15, 19, 16, 18]]"
12n_0092_167,"[[15, 19, 16, 18], [17, 23, 18, 22], [19, 3, 20, 2], [21, 17, 22, 16], [6, 24, 7, 23], [1, 21, 2, 20], [3, 10, 4, 11], [24, 6, 1, 5], [7, 12, 8, 13], [9, 14, 10, 15], [11, 4, 12, 5], [13, 8, 14, 9]]"
12n_0092_168,"[[14, 9, 15, 10], [16, 20, 17, 19], [18, 24, 19, 23], [20, 4, 21, 3], [22, 18, 23, 17], [7, 1, 8, 24], [2, 22, 3, 21], [4, 11, 5, 12], [1, 7, 2, 6], [8, 13, 9, 14], [10, 15, 11, 16], [12, 5, 13, 6]]"
12n_0092_169,"[[12, 5, 13, 6], [14, 9, 15, 10], [16, 20, 17, 19], [18, 24, 19, 23], [20, 4, 21, 3], [22, 18, 23, 17], [7, 1, 8, 24], [2, 22, 3, 21], [4, 11, 5, 12], [1, 7, 2, 6], [8, 13, 9, 14], [10, 15, 11, 16]]"
12n_0092_170,"[[10, 15, 11, 16], [12, 5, 13, 6], [14, 9, 15, 10], [16, 20, 17, 19], [18, 24, 19, 23], [20, 4, 21, 3], [22, 18, 23, 17], [7, 1, 8, 24], [2, 22, 3, 21], [4, 11, 5, 12], [1, 7, 2, 6], [8, 13, 9, 14]]"
12n_0092_171,"[[8, 13, 9, 14], [10, 15, 11, 16], [12, 5, 13, 6], [14, 9, 15, 10], [16, 20, 17, 19], [18, 24, 19, 23], [20, 4, 21, 3], [22, 18, 23, 17], [7, 1, 8, 24], [2, 22, 3, 21], [4, 11, 5, 12], [1, 7, 2, 6]]"
12n_0092_172,"[[1, 7, 2, 6], [8, 13, 9, 14], [10, 15, 11, 16], [12, 5, 13, 6], [14, 9, 15, 10], [16, 20, 17, 19], [18, 24, 19, 23], [20, 4, 21, 3], [22, 18, 23, 17], [7, 1, 8, 24], [2, 22, 3, 21], [4, 11, 5, 12]]"
12n_0092_173,"[[4, 11, 5, 12], [1, 7, 2, 6], [8, 13, 9, 14], [10, 15, 11, 16], [12, 5, 13, 6], [14, 9, 15, 10], [16, 20, 17, 19], [18, 24, 19, 23], [20, 4, 21, 3], [22, 18, 23, 17], [7, 1, 8, 24], [2, 22, 3, 21]]"
12n_0092_174,"[[2, 22, 3, 21], [4, 11, 5, 12], [1, 7, 2, 6], [8, 13, 9, 14], [10, 15, 11, 16], [12, 5, 13, 6], [14, 9, 15, 10], [16, 20, 17, 19], [18, 24, 19, 23], [20, 4, 21, 3], [22, 18, 23, 17], [7, 1, 8, 24]]"
12n_0092_175,"[[7, 1, 8, 24], [2, 22, 3, 21], [4, 11, 5, 12], [1, 7, 2, 6], [8, 13, 9, 14], [10, 15, 11, 16], [12, 5, 13, 6], [14, 9, 15, 10], [16, 20, 17, 19], [18, 24, 19, 23], [20, 4, 21, 3], [22, 18, 23, 17]]"
12n_0092_176,"[[22, 18, 23, 17], [7, 1, 8, 24], [2, 22, 3, 21], [4, 11, 5, 12], [1, 7, 2, 6], [8, 13, 9, 14], [10, 15, 11, 16], [12, 5, 13, 6], [14, 9, 15, 10], [16, 20, 17, 19], [18, 24, 19, 23], [20, 4, 21, 3]]"
12n_0092_177,"[[20, 4, 21, 3], [22, 18, 23, 17], [7, 1, 8, 24], [2, 22, 3, 21], [4, 11, 5, 12], [1, 7, 2, 6], [8, 13, 9, 14], [10, 15, 11, 16], [12, 5, 13, 6], [14, 9, 15, 10], [16, 20, 17, 19], [18, 24, 19, 23]]"
12n_0092_178,"[[18, 24, 19, 23], [20, 4, 21, 3], [22, 18, 23, 17], [7, 1, 8, 24], [2, 22, 3, 21], [4, 11, 5, 12], [1, 7, 2, 6], [8, 13, 9, 14], [10, 15, 11, 16], [12, 5, 13, 6], [14, 9, 15, 10], [16, 20, 17, 19]]"
12n_0092_179,"[[16, 20, 17, 19], [18, 24, 19, 23], [20, 4, 21, 3], [22, 18, 23, 17], [7, 1, 8, 24], [2, 22, 3, 21], [4, 11, 5, 12], [1, 7, 2, 6], [8, 13, 9, 14], [10, 15, 11, 16], [12, 5, 13, 6], [14, 9, 15, 10]]"
12n_0092_180,"[[15, 10, 16, 11], [17, 21, 18, 20], [19, 1, 20, 24], [21, 5, 22, 4], [23, 19, 24, 18], [8, 2, 9, 1], [3, 23, 4, 22], [5, 12, 6, 13], [2, 8, 3, 7], [9, 14, 10, 15], [11, 16, 12, 17], [13, 6, 14, 7]]"
12n_0092_181,"[[13, 6, 14, 7], [15, 10, 16, 11], [17, 21, 18, 20], [19, 1, 20, 24], [21, 5, 22, 4], [23, 19, 24, 18], [8, 2, 9, 1], [3, 23, 4, 22], [5, 12, 6, 13], [2, 8, 3, 7], [9, 14, 10, 15], [11, 16, 12, 17]]"
12n_0092_182,"[[11, 16, 12, 17], [13, 6, 14, 7], [15, 10, 16, 11], [17, 21, 18, 20], [19, 1, 20, 24], [21, 5, 22, 4], [23, 19, 24, 18], [8, 2, 9, 1], [3, 23, 4, 22], [5, 12, 6, 13], [2, 8, 3, 7], [9, 14, 10, 15]]"
12n_0092_183,"[[9, 14, 10, 15], [11, 16, 12, 17], [13, 6, 14, 7], [15, 10, 16, 11], [17, 21, 18, 20], [19, 1, 20, 24], [21, 5, 22, 4], [23, 19, 24, 18], [8, 2, 9, 1], [3, 23, 4, 22], [5, 12, 6, 13], [2, 8, 3, 7]]"
12n_0092_184,"[[2, 8, 3, 7], [9, 14, 10, 15], [11, 16, 12, 17], [13, 6, 14, 7], [15, 10, 16, 11], [17, 21, 18, 20], [19, 1, 20, 24], [21, 5, 22, 4], [23, 19, 24, 18], [8, 2, 9, 1], [3, 23, 4, 22], [5, 12, 6, 13]]"
12n_0092_185,"[[5, 12, 6, 13], [2, 8, 3, 7], [9, 14, 10, 15], [11, 16, 12, 17], [13, 6, 14, 7], [15, 10, 16, 11], [17, 21, 18, 20], [19, 1, 20, 24], [21, 5, 22, 4], [23, 19, 24, 18], [8, 2, 9, 1], [3, 23, 4, 22]]"
