name,pd_notation
12n_0019_0,"[[21, 24, 22, 1], [2, 6, 3, 5], [4, 9, 5, 10], [6, 12, 7, 11], [8, 16, 9, 15], [10, 3, 11, 4], [19, 12, 20, 13], [14, 8, 15, 7], [23, 17, 24, 16], [13, 18, 14, 19], [1, 20, 2, 21], [17, 23, 18, 22]]"
12n_0019_1,"[[17, 23, 18, 22], [21, 24, 22, 1], [2, 6, 3, 5], [4, 9, 5, 10], [6, 12, 7, 11], [8, 16, 9, 15], [10, 3, 11, 4], [19, 12, 20, 13], [14, 8, 15, 7], [23, 17, 24, 16], [13, 18, 14, 19], [1, 20, 2, 21]]"
12n_0019_2,"[[1, 20, 2, 21], [17, 23, 18, 22], [21, 24, 22, 1], [2, 6, 3, 5], [4, 9, 5, 10], [6, 12, 7, 11], [8, 16, 9, 15], [10, 3, 11, 4], [19, 12, 20, 13], [14, 8, 15, 7], [23, 17, 24, 16], [13, 18, 14, 19]]"
12n_0019_3,"[[13, 18, 14, 19], [1, 20, 2, 21], [17, 23, 18, 22], [21, 24, 22, 1], [2, 6, 3, 5], [4, 9, 5, 10], [6, 12, 7, 11], [8, 16, 9, 15], [10, 3, 11, 4], [19, 12, 20, 13], [14, 8, 15, 7], [23, 17, 24, 16]]"
12n_0019_4,"[[23, 17, 24, 16], [13, 18, 14, 19], [1, 20, 2, 21], [17, 23, 18, 22], [21, 24, 22, 1], [2, 6, 3, 5], [4, 9, 5, 10], [6, 12, 7, 11], [8, 16, 9, 15], [10, 3, 11, 4], [19, 12, 20, 13], [14, 8, 15, 7]]"
12n_0019_5,"[[14, 8, 15, 7], [23, 17, 24, 16], [13, 18, 14, 19], [1, 20, 2, 21], [17, 23, 18, 22], [21, 24, 22, 1], [2, 6, 3, 5], [4, 9, 5, 10], [6, 12, 7, 11], [8, 16, 9, 15], [10, 3, 11, 4], [19, 12, 20, 13]]"
12n_0019_6,"[[19, 12, 20, 13], [14, 8, 15, 7], [23, 17, 24, 16], [13, 18, 14, 19], [1, 20, 2, 21], [17, 23, 18, 22], [21, 24, 22, 1], [2, 6, 3, 5], [4, 9, 5, 10], [6, 12, 7, 11], [8, 16, 9, 15], [10, 3, 11, 4]]"
12n_0019_7,"[[10, 3, 11, 4], [19, 12, 20, 13], [14, 8, 15, 7], [23, 17, 24, 16], [13, 18, 14, 19], [1, 20, 2, 21], [17, 23, 18, 22], [21, 24, 22, 1], [2, 6, 3, 5], [4, 9, 5, 10], [6, 12, 7, 11], [8, 16, 9, 15]]"
12n_0019_8,"[[8, 16, 9, 15], [10, 3, 11, 4], [19, 12, 20, 13], [14, 8, 15, 7], [23, 17, 24, 16], [13, 18, 14, 19], [1, 20, 2, 21], [17, 23, 18, 22], [21, 24, 22, 1], [2, 6, 3, 5], [4, 9, 5, 10], [6, 12, 7, 11]]"
12n_0019_9,"[[6, 12, 7, 11], [8, 16, 9, 15], [10, 3, 11, 4], [19, 12, 20, 13], [14, 8, 15, 7], [23, 17, 24, 16], [13, 18, 14, 19], [1, 20, 2, 21], [17, 23, 18, 22], [21, 24, 22, 1], [2, 6, 3, 5], [4, 9, 5, 10]]"
12n_0019_10,"[[4, 9, 5, 10], [6, 12, 7, 11], [8, 16, 9, 15], [10, 3, 11, 4], [19, 12, 20, 13], [14, 8, 15, 7], [23, 17, 24, 16], [13, 18, 14, 19], [1, 20, 2, 21], [17, 23, 18, 22], [21, 24, 22, 1], [2, 6, 3, 5]]"
12n_0019_11,"[[2, 6, 3, 5], [4, 9, 5, 10], [6, 12, 7, 11], [8, 16, 9, 15], [10, 3, 11, 4], [19, 12, 20, 13], [14, 8, 15, 7], [23, 17, 24, 16], [13, 18, 14, 19], [1, 20, 2, 21], [17, 23, 18, 22], [21, 24, 22, 1]]"
12n_0019_12,"[[22, 1, 23, 2], [3, 7, 4, 6], [5, 10, 6, 11], [7, 13, 8, 12], [9, 17, 10, 16], [11, 4, 12, 5], [20, 13, 21, 14], [15, 9, 16, 8], [24, 18, 1, 17], [14, 19, 15, 20], [2, 21, 3, 22], [18, 24, 19, 23]]"
12n_0019_13,"[[18, 24, 19, 23], [22, 1, 23, 2], [3, 7, 4, 6], [5, 10, 6, 11], [7, 13, 8, 12], [9, 17, 10, 16], [11, 4, 12, 5], [20, 13, 21, 14], [15, 9, 16, 8], [24, 18, 1, 17], [14, 19, 15, 20], [2, 21, 3, 22]]"
12n_0019_14,"[[2, 21, 3, 22], [18, 24, 19, 23], [22, 1, 23, 2], [3, 7, 4, 6], [5, 10, 6, 11], [7, 13, 8, 12], [9, 17, 10, 16], [11, 4, 12, 5], [20, 13, 21, 14], [15, 9, 16, 8], [24, 18, 1, 17], [14, 19, 15, 20]]"
12n_0019_15,"[[14, 19, 15, 20], [2, 21, 3, 22], [18, 24, 19, 23], [22, 1, 23, 2], [3, 7, 4, 6], [5, 10, 6, 11], [7, 13, 8, 12], [9, 17, 10, 16], [11, 4, 12, 5], [20, 13, 21, 14], [15, 9, 16, 8], [24, 18, 1, 17]]"
12n_0019_16,"[[24, 18, 1, 17], [14, 19, 15, 20], [2, 21, 3, 22], [18, 24, 19, 23], [22, 1, 23, 2], [3, 7, 4, 6], [5, 10, 6, 11], [7, 13, 8, 12], [9, 17, 10, 16], [11, 4, 12, 5], [20, 13, 21, 14], [15, 9, 16, 8]]"
12n_0019_17,"[[15, 9, 16, 8], [24, 18, 1, 17], [14, 19, 15, 20], [2, 21, 3, 22], [18, 24, 19, 23], [22, 1, 23, 2], [3, 7, 4, 6], [5, 10, 6, 11], [7, 13, 8, 12], [9, 17, 10, 16], [11, 4, 12, 5], [20, 13, 21, 14]]"
12n_0019_18,"[[20, 13, 21, 14], [15, 9, 16, 8], [24, 18, 1, 17], [14, 19, 15, 20], [2, 21, 3, 22], [18, 24, 19, 23], [22, 1, 23, 2], [3, 7, 4, 6], [5, 10, 6, 11], [7, 13, 8, 12], [9, 17, 10, 16], [11, 4, 12, 5]]"
12n_0019_19,"[[11, 4, 12, 5], [20, 13, 21, 14], [15, 9, 16, 8], [24, 18, 1, 17], [14, 19, 15, 20], [2, 21, 3, 22], [18, 24, 19, 23], [22, 1, 23, 2], [3, 7, 4, 6], [5, 10, 6, 11], [7, 13, 8, 12], [9, 17, 10, 16]]"
12n_0019_20,"[[9, 17, 10, 16], [11, 4, 12, 5], [20, 13, 21, 14], [15, 9, 16, 8], [24, 18, 1, 17], [14, 19, 15, 20], [2, 21, 3, 22], [18, 24, 19, 23], [22, 1, 23, 2], [3, 7, 4, 6], [5, 10, 6, 11], [7, 13, 8, 12]]"
12n_0019_21,"[[7, 13, 8, 12], [9, 17, 10, 16], [11, 4, 12, 5], [20, 13, 21, 14], [15, 9, 16, 8], [24, 18, 1, 17], [14, 19, 15, 20], [2, 21, 3, 22], [18, 24, 19, 23], [22, 1, 23, 2], [3, 7, 4, 6], [5, 10, 6, 11]]"
12n_0019_22,"[[5, 10, 6, 11], [7, 13, 8, 12], [9, 17, 10, 16], [11, 4, 12, 5], [20, 13, 21, 14], [15, 9, 16, 8], [24, 18, 1, 17], [14, 19, 15, 20], [2, 21, 3, 22], [18, 24, 19, 23], [22, 1, 23, 2], [3, 7, 4, 6]]"
12n_0019_23,"[[3, 7, 4, 6], [5, 10, 6, 11], [7, 13, 8, 12], [9, 17, 10, 16], [11, 4, 12, 5], [20, 13, 21, 14], [15, 9, 16, 8], [24, 18, 1, 17], [14, 19, 15, 20], [2, 21, 3, 22], [18, 24, 19, 23], [22, 1, 23, 2]]"
12n_0019_24,"[[23, 2, 24, 3], [4, 8, 5, 7], [6, 11, 7, 12], [8, 14, 9, 13], [10, 18, 11, 17], [12, 5, 13, 6], [21, 14, 22, 15], [16, 10, 17, 9], [1, 19, 2, 18], [15, 20, 16, 21], [3, 22, 4, 23], [19, 1, 20, 24]]"
12n_0019_25,"[[19, 1, 20, 24], [23, 2, 24, 3], [4, 8, 5, 7], [6, 11, 7, 12], [8, 14, 9, 13], [10, 18, 11, 17], [12, 5, 13, 6], [21, 14, 22, 15], [16, 10, 17, 9], [1, 19, 2, 18], [15, 20, 16, 21], [3, 22, 4, 23]]"
12n_0019_26,"[[3, 22, 4, 23], [19, 1, 20, 24], [23, 2, 24, 3], [4, 8, 5, 7], [6, 11, 7, 12], [8, 14, 9, 13], [10, 18, 11, 17], [12, 5, 13, 6], [21, 14, 22, 15], [16, 10, 17, 9], [1, 19, 2, 18], [15, 20, 16, 21]]"
12n_0019_27,"[[15, 20, 16, 21], [3, 22, 4, 23], [19, 1, 20, 24], [23, 2, 24, 3], [4, 8, 5, 7], [6, 11, 7, 12], [8, 14, 9, 13], [10, 18, 11, 17], [12, 5, 13, 6], [21, 14, 22, 15], [16, 10, 17, 9], [1, 19, 2, 18]]"
12n_0019_28,"[[1, 19, 2, 18], [15, 20, 16, 21], [3, 22, 4, 23], [19, 1, 20, 24], [23, 2, 24, 3], [4, 8, 5, 7], [6, 11, 7, 12], [8, 14, 9, 13], [10, 18, 11, 17], [12, 5, 13, 6], [21, 14, 22, 15], [16, 10, 17, 9]]"
12n_0019_29,"[[16, 10, 17, 9], [1, 19, 2, 18], [15, 20, 16, 21], [3, 22, 4, 23], [19, 1, 20, 24], [23, 2, 24, 3], [4, 8, 5, 7], [6, 11, 7, 12], [8, 14, 9, 13], [10, 18, 11, 17], [12, 5, 13, 6], [21, 14, 22, 15]]"
12n_0019_30,"[[21, 14, 22, 15], [16, 10, 17, 9], [1, 19, 2, 18], [15, 20, 16, 21], [3, 22, 4, 23], [19, 1, 20, 24], [23, 2, 24, 3], [4, 8, 5, 7], [6, 11, 7, 12], [8, 14, 9, 13], [10, 18, 11, 17], [12, 5, 13, 6]]"
12n_0019_31,"[[12, 5, 13, 6], [21, 14, 22, 15], [16, 10, 17, 9], [1, 19, 2, 18], [15, 20, 16, 21], [3, 22, 4, 23], [19, 1, 20, 24], [23, 2, 24, 3], [4, 8, 5, 7], [6, 11, 7, 12], [8, 14, 9, 13], [10, 18, 11, 17]]"
12n_0019_32,"[[10, 18, 11, 17], [12, 5, 13, 6], [21, 14, 22, 15], [16, 10, 17, 9], [1, 19, 2, 18], [15, 20, 16, 21], [3, 22, 4, 23], [19, 1, 20, 24], [23, 2, 24, 3], [4, 8, 5, 7], [6, 11, 7, 12], [8, 14, 9, 13]]"
12n_0019_33,"[[8, 14, 9, 13], [10, 18, 11, 17], [12, 5, 13, 6], [21, 14, 22, 15], [16, 10, 17, 9], [1, 19, 2, 18], [15, 20, 16, 21], [3, 22, 4, 23], [19, 1, 20, 24], [23, 2, 24, 3], [4, 8, 5, 7], [6, 11, 7, 12]]"
12n_0019_34,"[[6, 11, 7, 12], [8, 14, 9, 13], [10, 18, 11, 17], [12, 5, 13, 6], [21, 14, 22, 15], [16, 10, 17, 9], [1, 19, 2, 18], [15, 20, 16, 21], [3, 22, 4, 23], [19, 1, 20, 24], [23, 2, 24, 3], [4, 8, 5, 7]]"
12n_0019_35,"[[4, 8, 5, 7], [6, 11, 7, 12], [8, 14, 9, 13], [10, 18, 11, 17], [12, 5, 13, 6], [21, 14, 22, 15], [16, 10, 17, 9], [1, 19, 2, 18], [15, 20, 16, 21], [3, 22, 4, 23], [19, 1, 20, 24], [23, 2, 24, 3]]"
12n_0019_36,"[[24, 3, 1, 4], [5, 9, 6, 8], [7, 12, 8, 13], [9, 15, 10, 14], [11, 19, 12, 18], [13, 6, 14, 7], [22, 15, 23, 16], [17, 11, 18, 10], [2, 20, 3, 19], [16, 21, 17, 22], [4, 23, 5, 24], [20, 2, 21, 1]]"
12n_0019_37,"[[20, 2, 21, 1], [24, 3, 1, 4], [5, 9, 6, 8], [7, 12, 8, 13], [9, 15, 10, 14], [11, 19, 12, 18], [13, 6, 14, 7], [22, 15, 23, 16], [17, 11, 18, 10], [2, 20, 3, 19], [16, 21, 17, 22], [4, 23, 5, 24]]"
12n_0019_38,"[[4, 23, 5, 24], [20, 2, 21, 1], [24, 3, 1, 4], [5, 9, 6, 8], [7, 12, 8, 13], [9, 15, 10, 14], [11, 19, 12, 18], [13, 6, 14, 7], [22, 15, 23, 16], [17, 11, 18, 10], [2, 20, 3, 19], [16, 21, 17, 22]]"
12n_0019_39,"[[16, 21, 17, 22], [4, 23, 5, 24], [20, 2, 21, 1], [24, 3, 1, 4], [5, 9, 6, 8], [7, 12, 8, 13], [9, 15, 10, 14], [11, 19, 12, 18], [13, 6, 14, 7], [22, 15, 23, 16], [17, 11, 18, 10], [2, 20, 3, 19]]"
12n_0019_40,"[[2, 20, 3, 19], [16, 21, 17, 22], [4, 23, 5, 24], [20, 2, 21, 1], [24, 3, 1, 4], [5, 9, 6, 8], [7, 12, 8, 13], [9, 15, 10, 14], [11, 19, 12, 18], [13, 6, 14, 7], [22, 15, 23, 16], [17, 11, 18, 10]]"
12n_0019_41,"[[17, 11, 18, 10], [2, 20, 3, 19], [16, 21, 17, 22], [4, 23, 5, 24], [20, 2, 21, 1], [24, 3, 1, 4], [5, 9, 6, 8], [7, 12, 8, 13], [9, 15, 10, 14], [11, 19, 12, 18], [13, 6, 14, 7], [22, 15, 23, 16]]"
12n_0019_42,"[[22, 15, 23, 16], [17, 11, 18, 10], [2, 20, 3, 19], [16, 21, 17, 22], [4, 23, 5, 24], [20, 2, 21, 1], [24, 3, 1, 4], [5, 9, 6, 8], [7, 12, 8, 13], [9, 15, 10, 14], [11, 19, 12, 18], [13, 6, 14, 7]]"
12n_0019_43,"[[13, 6, 14, 7], [22, 15, 23, 16], [17, 11, 18, 10], [2, 20, 3, 19], [16, 21, 17, 22], [4, 23, 5, 24], [20, 2, 21, 1], [24, 3, 1, 4], [5, 9, 6, 8], [7, 12, 8, 13], [9, 15, 10, 14], [11, 19, 12, 18]]"
12n_0019_44,"[[11, 19, 12, 18], [13, 6, 14, 7], [22, 15, 23, 16], [17, 11, 18, 10], [2, 20, 3, 19], [16, 21, 17, 22], [4, 23, 5, 24], [20, 2, 21, 1], [24, 3, 1, 4], [5, 9, 6, 8], [7, 12, 8, 13], [9, 15, 10, 14]]"
12n_0019_45,"[[9, 15, 10, 14], [11, 19, 12, 18], [13, 6, 14, 7], [22, 15, 23, 16], [17, 11, 18, 10], [2, 20, 3, 19], [16, 21, 17, 22], [4, 23, 5, 24], [20, 2, 21, 1], [24, 3, 1, 4], [5, 9, 6, 8], [7, 12, 8, 13]]"
12n_0019_46,"[[7, 12, 8, 13], [9, 15, 10, 14], [11, 19, 12, 18], [13, 6, 14, 7], [22, 15, 23, 16], [17, 11, 18, 10], [2, 20, 3, 19], [16, 21, 17, 22], [4, 23, 5, 24], [20, 2, 21, 1], [24, 3, 1, 4], [5, 9, 6, 8]]"
12n_0019_47,"[[5, 9, 6, 8], [7, 12, 8, 13], [9, 15, 10, 14], [11, 19, 12, 18], [13, 6, 14, 7], [22, 15, 23, 16], [17, 11, 18, 10], [2, 20, 3, 19], [16, 21, 17, 22], [4, 23, 5, 24], [20, 2, 21, 1], [24, 3, 1, 4]]"
12n_0019_48,"[[1, 4, 2, 5], [6, 10, 7, 9], [8, 13, 9, 14], [10, 16, 11, 15], [12, 20, 13, 19], [14, 7, 15, 8], [23, 16, 24, 17], [18, 12, 19, 11], [3, 21, 4, 20], [17, 22, 18, 23], [5, 24, 6, 1], [21, 3, 22, 2]]"
12n_0019_49,"[[21, 3, 22, 2], [1, 4, 2, 5], [6, 10, 7, 9], [8, 13, 9, 14], [10, 16, 11, 15], [12, 20, 13, 19], [14, 7, 15, 8], [23, 16, 24, 17], [18, 12, 19, 11], [3, 21, 4, 20], [17, 22, 18, 23], [5, 24, 6, 1]]"
12n_0019_50,"[[5, 24, 6, 1], [21, 3, 22, 2], [1, 4, 2, 5], [6, 10, 7, 9], [8, 13, 9, 14], [10, 16, 11, 15], [12, 20, 13, 19], [14, 7, 15, 8], [23, 16, 24, 17], [18, 12, 19, 11], [3, 21, 4, 20], [17, 22, 18, 23]]"
12n_0019_51,"[[17, 22, 18, 23], [5, 24, 6, 1], [21, 3, 22, 2], [1, 4, 2, 5], [6, 10, 7, 9], [8, 13, 9, 14], [10, 16, 11, 15], [12, 20, 13, 19], [14, 7, 15, 8], [23, 16, 24, 17], [18, 12, 19, 11], [3, 21, 4, 20]]"
12n_0019_52,"[[3, 21, 4, 20], [17, 22, 18, 23], [5, 24, 6, 1], [21, 3, 22, 2], [1, 4, 2, 5], [6, 10, 7, 9], [8, 13, 9, 14], [10, 16, 11, 15], [12, 20, 13, 19], [14, 7, 15, 8], [23, 16, 24, 17], [18, 12, 19, 11]]"
12n_0019_53,"[[18, 12, 19, 11], [3, 21, 4, 20], [17, 22, 18, 23], [5, 24, 6, 1], [21, 3, 22, 2], [1, 4, 2, 5], [6, 10, 7, 9], [8, 13, 9, 14], [10, 16, 11, 15], [12, 20, 13, 19], [14, 7, 15, 8], [23, 16, 24, 17]]"
12n_0019_54,"[[23, 16, 24, 17], [18, 12, 19, 11], [3, 21, 4, 20], [17, 22, 18, 23], [5, 24, 6, 1], [21, 3, 22, 2], [1, 4, 2, 5], [6, 10, 7, 9], [8, 13, 9, 14], [10, 16, 11, 15], [12, 20, 13, 19], [14, 7, 15, 8]]"
12n_0019_55,"[[14, 7, 15, 8], [23, 16, 24, 17], [18, 12, 19, 11], [3, 21, 4, 20], [17, 22, 18, 23], [5, 24, 6, 1], [21, 3, 22, 2], [1, 4, 2, 5], [6, 10, 7, 9], [8, 13, 9, 14], [10, 16, 11, 15], [12, 20, 13, 19]]"
12n_0019_56,"[[12, 20, 13, 19], [14, 7, 15, 8], [23, 16, 24, 17], [18, 12, 19, 11], [3, 21, 4, 20], [17, 22, 18, 23], [5, 24, 6, 1], [21, 3, 22, 2], [1, 4, 2, 5], [6, 10, 7, 9], [8, 13, 9, 14], [10, 16, 11, 15]]"
12n_0019_57,"[[10, 16, 11, 15], [12, 20, 13, 19], [14, 7, 15, 8], [23, 16, 24, 17], [18, 12, 19, 11], [3, 21, 4, 20], [17, 22, 18, 23], [5, 24, 6, 1], [21, 3, 22, 2], [1, 4, 2, 5], [6, 10, 7, 9], [8, 13, 9, 14]]"
12n_0019_58,"[[8, 13, 9, 14], [10, 16, 11, 15], [12, 20, 13, 19], [14, 7, 15, 8], [23, 16, 24, 17], [18, 12, 19, 11], [3, 21, 4, 20], [17, 22, 18, 23], [5, 24, 6, 1], [21, 3, 22, 2], [1, 4, 2, 5], [6, 10, 7, 9]]"
12n_0019_59,"[[6, 10, 7, 9], [8, 13, 9, 14], [10, 16, 11, 15], [12, 20, 13, 19], [14, 7, 15, 8], [23, 16, 24, 17], [18, 12, 19, 11], [3, 21, 4, 20], [17, 22, 18, 23], [5, 24, 6, 1], [21, 3, 22, 2], [1, 4, 2, 5]]"
12n_0019_60,"[[2, 5, 3, 6], [7, 11, 8, 10], [9, 14, 10, 15], [11, 17, 12, 16], [13, 21, 14, 20], [15, 8, 16, 9], [24, 17, 1, 18], [19, 13, 20, 12], [4, 22, 5, 21], [18, 23, 19, 24], [6, 1, 7, 2], [22, 4, 23, 3]]"
12n_0019_61,"[[22, 4, 23, 3], [2, 5, 3, 6], [7, 11, 8, 10], [9, 14, 10, 15], [11, 17, 12, 16], [13, 21, 14, 20], [15, 8, 16, 9], [24, 17, 1, 18], [19, 13, 20, 12], [4, 22, 5, 21], [18, 23, 19, 24], [6, 1, 7, 2]]"
12n_0019_62,"[[6, 1, 7, 2], [22, 4, 23, 3], [2, 5, 3, 6], [7, 11, 8, 10], [9, 14, 10, 15], [11, 17, 12, 16], [13, 21, 14, 20], [15, 8, 16, 9], [24, 17, 1, 18], [19, 13, 20, 12], [4, 22, 5, 21], [18, 23, 19, 24]]"
12n_0019_63,"[[18, 23, 19, 24], [6, 1, 7, 2], [22, 4, 23, 3], [2, 5, 3, 6], [7, 11, 8, 10], [9, 14, 10, 15], [11, 17, 12, 16], [13, 21, 14, 20], [15, 8, 16, 9], [24, 17, 1, 18], [19, 13, 20, 12], [4, 22, 5, 21]]"
12n_0019_64,"[[4, 22, 5, 21], [18, 23, 19, 24], [6, 1, 7, 2], [22, 4, 23, 3], [2, 5, 3, 6], [7, 11, 8, 10], [9, 14, 10, 15], [11, 17, 12, 16], [13, 21, 14, 20], [15, 8, 16, 9], [24, 17, 1, 18], [19, 13, 20, 12]]"
12n_0019_65,"[[19, 13, 20, 12], [4, 22, 5, 21], [18, 23, 19, 24], [6, 1, 7, 2], [22, 4, 23, 3], [2, 5, 3, 6], [7, 11, 8, 10], [9, 14, 10, 15], [11, 17, 12, 16], [13, 21, 14, 20], [15, 8, 16, 9], [24, 17, 1, 18]]"
12n_0019_66,"[[24, 17, 1, 18], [19, 13, 20, 12], [4, 22, 5, 21], [18, 23, 19, 24], [6, 1, 7, 2], [22, 4, 23, 3], [2, 5, 3, 6], [7, 11, 8, 10], [9, 14, 10, 15], [11, 17, 12, 16], [13, 21, 14, 20], [15, 8, 16, 9]]"
12n_0019_67,"[[15, 8, 16, 9], [24, 17, 1, 18], [19, 13, 20, 12], [4, 22, 5, 21], [18, 23, 19, 24], [6, 1, 7, 2], [22, 4, 23, 3], [2, 5, 3, 6], [7, 11, 8, 10], [9, 14, 10, 15], [11, 17, 12, 16], [13, 21, 14, 20]]"
12n_0019_68,"[[13, 21, 14, 20], [15, 8, 16, 9], [24, 17, 1, 18], [19, 13, 20, 12], [4, 22, 5, 21], [18, 23, 19, 24], [6, 1, 7, 2], [22, 4, 23, 3], [2, 5, 3, 6], [7, 11, 8, 10], [9, 14, 10, 15], [11, 17, 12, 16]]"
12n_0019_69,"[[11, 17, 12, 16], [13, 21, 14, 20], [15, 8, 16, 9], [24, 17, 1, 18], [19, 13, 20, 12], [4, 22, 5, 21], [18, 23, 19, 24], [6, 1, 7, 2], [22, 4, 23, 3], [2, 5, 3, 6], [7, 11, 8, 10], [9, 14, 10, 15]]"
12n_0019_70,"[[9, 14, 10, 15], [11, 17, 12, 16], [13, 21, 14, 20], [15, 8, 16, 9], [24, 17, 1, 18], [19, 13, 20, 12], [4, 22, 5, 21], [18, 23, 19, 24], [6, 1, 7, 2], [22, 4, 23, 3], [2, 5, 3, 6], [7, 11, 8, 10]]"
12n_0019_71,"[[7, 11, 8, 10], [9, 14, 10, 15], [11, 17, 12, 16], [13, 21, 14, 20], [15, 8, 16, 9], [24, 17, 1, 18], [19, 13, 20, 12], [4, 22, 5, 21], [18, 23, 19, 24], [6, 1, 7, 2], [22, 4, 23, 3], [2, 5, 3, 6]]"
12n_0019_72,"[[3, 6, 4, 7], [8, 12, 9, 11], [10, 15, 11, 16], [12, 18, 13, 17], [14, 22, 15, 21], [16, 9, 17, 10], [1, 18, 2, 19], [20, 14, 21, 13], [5, 23, 6, 22], [19, 24, 20, 1], [7, 2, 8, 3], [23, 5, 24, 4]]"
12n_0019_73,"[[23, 5, 24, 4], [3, 6, 4, 7], [8, 12, 9, 11], [10, 15, 11, 16], [12, 18, 13, 17], [14, 22, 15, 21], [16, 9, 17, 10], [1, 18, 2, 19], [20, 14, 21, 13], [5, 23, 6, 22], [19, 24, 20, 1], [7, 2, 8, 3]]"
12n_0019_74,"[[7, 2, 8, 3], [23, 5, 24, 4], [3, 6, 4, 7], [8, 12, 9, 11], [10, 15, 11, 16], [12, 18, 13, 17], [14, 22, 15, 21], [16, 9, 17, 10], [1, 18, 2, 19], [20, 14, 21, 13], [5, 23, 6, 22], [19, 24, 20, 1]]"
12n_0019_75,"[[19, 24, 20, 1], [7, 2, 8, 3], [23, 5, 24, 4], [3, 6, 4, 7], [8, 12, 9, 11], [10, 15, 11, 16], [12, 18, 13, 17], [14, 22, 15, 21], [16, 9, 17, 10], [1, 18, 2, 19], [20, 14, 21, 13], [5, 23, 6, 22]]"
12n_0019_76,"[[5, 23, 6, 22], [19, 24, 20, 1], [7, 2, 8, 3], [23, 5, 24, 4], [3, 6, 4, 7], [8, 12, 9, 11], [10, 15, 11, 16], [12, 18, 13, 17], [14, 22, 15, 21], [16, 9, 17, 10], [1, 18, 2, 19], [20, 14, 21, 13]]"
12n_0019_77,"[[20, 14, 21, 13], [5, 23, 6, 22], [19, 24, 20, 1], [7, 2, 8, 3], [23, 5, 24, 4], [3, 6, 4, 7], [8, 12, 9, 11], [10, 15, 11, 16], [12, 18, 13, 17], [14, 22, 15, 21], [16, 9, 17, 10], [1, 18, 2, 19]]"
12n_0019_78,"[[1, 18, 2, 19], [20, 14, 21, 13], [5, 23, 6, 22], [19, 24, 20, 1], [7, 2, 8, 3], [23, 5, 24, 4], [3, 6, 4, 7], [8, 12, 9, 11], [10, 15, 11, 16], [12, 18, 13, 17], [14, 22, 15, 21], [16, 9, 17, 10]]"
12n_0019_79,"[[16, 9, 17, 10], [1, 18, 2, 19], [20, 14, 21, 13], [5, 23, 6, 22], [19, 24, 20, 1], [7, 2, 8, 3], [23, 5, 24, 4], [3, 6, 4, 7], [8, 12, 9, 11], [10, 15, 11, 16], [12, 18, 13, 17], [14, 22, 15, 21]]"
12n_0019_80,"[[14, 22, 15, 21], [16, 9, 17, 10], [1, 18, 2, 19], [20, 14, 21, 13], [5, 23, 6, 22], [19, 24, 20, 1], [7, 2, 8, 3], [23, 5, 24, 4], [3, 6, 4, 7], [8, 12, 9, 11], [10, 15, 11, 16], [12, 18, 13, 17]]"
12n_0019_81,"[[12, 18, 13, 17], [14, 22, 15, 21], [16, 9, 17, 10], [1, 18, 2, 19], [20, 14, 21, 13], [5, 23, 6, 22], [19, 24, 20, 1], [7, 2, 8, 3], [23, 5, 24, 4], [3, 6, 4, 7], [8, 12, 9, 11], [10, 15, 11, 16]]"
12n_0019_82,"[[10, 15, 11, 16], [12, 18, 13, 17], [14, 22, 15, 21], [16, 9, 17, 10], [1, 18, 2, 19], [20, 14, 21, 13], [5, 23, 6, 22], [19, 24, 20, 1], [7, 2, 8, 3], [23, 5, 24, 4], [3, 6, 4, 7], [8, 12, 9, 11]]"
12n_0019_83,"[[8, 12, 9, 11], [10, 15, 11, 16], [12, 18, 13, 17], [14, 22, 15, 21], [16, 9, 17, 10], [1, 18, 2, 19], [20, 14, 21, 13], [5, 23, 6, 22], [19, 24, 20, 1], [7, 2, 8, 3], [23, 5, 24, 4], [3, 6, 4, 7]]"
12n_0019_84,"[[4, 7, 5, 8], [9, 13, 10, 12], [11, 16, 12, 17], [13, 19, 14, 18], [15, 23, 16, 22], [17, 10, 18, 11], [2, 19, 3, 20], [21, 15, 22, 14], [6, 24, 7, 23], [20, 1, 21, 2], [8, 3, 9, 4], [24, 6, 1, 5]]"
12n_0019_85,"[[24, 6, 1, 5], [4, 7, 5, 8], [9, 13, 10, 12], [11, 16, 12, 17], [13, 19, 14, 18], [15, 23, 16, 22], [17, 10, 18, 11], [2, 19, 3, 20], [21, 15, 22, 14], [6, 24, 7, 23], [20, 1, 21, 2], [8, 3, 9, 4]]"
12n_0019_86,"[[8, 3, 9, 4], [24, 6, 1, 5], [4, 7, 5, 8], [9, 13, 10, 12], [11, 16, 12, 17], [13, 19, 14, 18], [15, 23, 16, 22], [17, 10, 18, 11], [2, 19, 3, 20], [21, 15, 22, 14], [6, 24, 7, 23], [20, 1, 21, 2]]"
12n_0019_87,"[[20, 1, 21, 2], [8, 3, 9, 4], [24, 6, 1, 5], [4, 7, 5, 8], [9, 13, 10, 12], [11, 16, 12, 17], [13, 19, 14, 18], [15, 23, 16, 22], [17, 10, 18, 11], [2, 19, 3, 20], [21, 15, 22, 14], [6, 24, 7, 23]]"
12n_0019_88,"[[6, 24, 7, 23], [20, 1, 21, 2], [8, 3, 9, 4], [24, 6, 1, 5], [4, 7, 5, 8], [9, 13, 10, 12], [11, 16, 12, 17], [13, 19, 14, 18], [15, 23, 16, 22], [17, 10, 18, 11], [2, 19, 3, 20], [21, 15, 22, 14]]"
12n_0019_89,"[[21, 15, 22, 14], [6, 24, 7, 23], [20, 1, 21, 2], [8, 3, 9, 4], [24, 6, 1, 5], [4, 7, 5, 8], [9, 13, 10, 12], [11, 16, 12, 17], [13, 19, 14, 18], [15, 23, 16, 22], [17, 10, 18, 11], [2, 19, 3, 20]]"
12n_0019_90,"[[2, 19, 3, 20], [21, 15, 22, 14], [6, 24, 7, 23], [20, 1, 21, 2], [8, 3, 9, 4], [24, 6, 1, 5], [4, 7, 5, 8], [9, 13, 10, 12], [11, 16, 12, 17], [13, 19, 14, 18], [15, 23, 16, 22], [17, 10, 18, 11]]"
12n_0019_91,"[[17, 10, 18, 11], [2, 19, 3, 20], [21, 15, 22, 14], [6, 24, 7, 23], [20, 1, 21, 2], [8, 3, 9, 4], [24, 6, 1, 5], [4, 7, 5, 8], [9, 13, 10, 12], [11, 16, 12, 17], [13, 19, 14, 18], [15, 23, 16, 22]]"
12n_0019_92,"[[15, 23, 16, 22], [17, 10, 18, 11], [2, 19, 3, 20], [21, 15, 22, 14], [6, 24, 7, 23], [20, 1, 21, 2], [8, 3, 9, 4], [24, 6, 1, 5], [4, 7, 5, 8], [9, 13, 10, 12], [11, 16, 12, 17], [13, 19, 14, 18]]"
12n_0019_93,"[[13, 19, 14, 18], [15, 23, 16, 22], [17, 10, 18, 11], [2, 19, 3, 20], [21, 15, 22, 14], [6, 24, 7, 23], [20, 1, 21, 2], [8, 3, 9, 4], [24, 6, 1, 5], [4, 7, 5, 8], [9, 13, 10, 12], [11, 16, 12, 17]]"
12n_0019_94,"[[11, 16, 12, 17], [13, 19, 14, 18], [15, 23, 16, 22], [17, 10, 18, 11], [2, 19, 3, 20], [21, 15, 22, 14], [6, 24, 7, 23], [20, 1, 21, 2], [8, 3, 9, 4], [24, 6, 1, 5], [4, 7, 5, 8], [9, 13, 10, 12]]"
12n_0019_95,"[[9, 13, 10, 12], [11, 16, 12, 17], [13, 19, 14, 18], [15, 23, 16, 22], [17, 10, 18, 11], [2, 19, 3, 20], [21, 15, 22, 14], [6, 24, 7, 23], [20, 1, 21, 2], [8, 3, 9, 4], [24, 6, 1, 5], [4, 7, 5, 8]]"
12n_0019_96,"[[5, 8, 6, 9], [10, 14, 11, 13], [12, 17, 13, 18], [14, 20, 15, 19], [16, 24, 17, 23], [18, 11, 19, 12], [3, 20, 4, 21], [22, 16, 23, 15], [7, 1, 8, 24], [21, 2, 22, 3], [9, 4, 10, 5], [1, 7, 2, 6]]"
12n_0019_97,"[[1, 7, 2, 6], [5, 8, 6, 9], [10, 14, 11, 13], [12, 17, 13, 18], [14, 20, 15, 19], [16, 24, 17, 23], [18, 11, 19, 12], [3, 20, 4, 21], [22, 16, 23, 15], [7, 1, 8, 24], [21, 2, 22, 3], [9, 4, 10, 5]]"
12n_0019_98,"[[9, 4, 10, 5], [1, 7, 2, 6], [5, 8, 6, 9], [10, 14, 11, 13], [12, 17, 13, 18], [14, 20, 15, 19], [16, 24, 17, 23], [18, 11, 19, 12], [3, 20, 4, 21], [22, 16, 23, 15], [7, 1, 8, 24], [21, 2, 22, 3]]"
12n_0019_99,"[[21, 2, 22, 3], [9, 4, 10, 5], [1, 7, 2, 6], [5, 8, 6, 9], [10, 14, 11, 13], [12, 17, 13, 18], [14, 20, 15, 19], [16, 24, 17, 23], [18, 11, 19, 12], [3, 20, 4, 21], [22, 16, 23, 15], [7, 1, 8, 24]]"
12n_0019_100,"[[7, 1, 8, 24], [21, 2, 22, 3], [9, 4, 10, 5], [1, 7, 2, 6], [5, 8, 6, 9], [10, 14, 11, 13], [12, 17, 13, 18], [14, 20, 15, 19], [16, 24, 17, 23], [18, 11, 19, 12], [3, 20, 4, 21], [22, 16, 23, 15]]"
12n_0019_101,"[[22, 16, 23, 15], [7, 1, 8, 24], [21, 2, 22, 3], [9, 4, 10, 5], [1, 7, 2, 6], [5, 8, 6, 9], [10, 14, 11, 13], [12, 17, 13, 18], [14, 20, 15, 19], [16, 24, 17, 23], [18, 11, 19, 12], [3, 20, 4, 21]]"
12n_0019_102,"[[3, 20, 4, 21], [22, 16, 23, 15], [7, 1, 8, 24], [21, 2, 22, 3], [9, 4, 10, 5], [1, 7, 2, 6], [5, 8, 6, 9], [10, 14, 11, 13], [12, 17, 13, 18], [14, 20, 15, 19], [16, 24, 17, 23], [18, 11, 19, 12]]"
12n_0019_103,"[[18, 11, 19, 12], [3, 20, 4, 21], [22, 16, 23, 15], [7, 1, 8, 24], [21, 2, 22, 3], [9, 4, 10, 5], [1, 7, 2, 6], [5, 8, 6, 9], [10, 14, 11, 13], [12, 17, 13, 18], [14, 20, 15, 19], [16, 24, 17, 23]]"
12n_0019_104,"[[16, 24, 17, 23], [18, 11, 19, 12], [3, 20, 4, 21], [22, 16, 23, 15], [7, 1, 8, 24], [21, 2, 22, 3], [9, 4, 10, 5], [1, 7, 2, 6], [5, 8, 6, 9], [10, 14, 11, 13], [12, 17, 13, 18], [14, 20, 15, 19]]"
12n_0019_105,"[[14, 20, 15, 19], [16, 24, 17, 23], [18, 11, 19, 12], [3, 20, 4, 21], [22, 16, 23, 15], [7, 1, 8, 24], [21, 2, 22, 3], [9, 4, 10, 5], [1, 7, 2, 6], [5, 8, 6, 9], [10, 14, 11, 13], [12, 17, 13, 18]]"
12n_0019_106,"[[12, 17, 13, 18], [14, 20, 15, 19], [16, 24, 17, 23], [18, 11, 19, 12], [3, 20, 4, 21], [22, 16, 23, 15], [7, 1, 8, 24], [21, 2, 22, 3], [9, 4, 10, 5], [1, 7, 2, 6], [5, 8, 6, 9], [10, 14, 11, 13]]"
12n_0019_107,"[[10, 14, 11, 13], [12, 17, 13, 18], [14, 20, 15, 19], [16, 24, 17, 23], [18, 11, 19, 12], [3, 20, 4, 21], [22, 16, 23, 15], [7, 1, 8, 24], [21, 2, 22, 3], [9, 4, 10, 5], [1, 7, 2, 6], [5, 8, 6, 9]]"
12n_0019_108,"[[6, 9, 7, 10], [11, 15, 12, 14], [13, 18, 14, 19], [15, 21, 16, 20], [17, 1, 18, 24], [19, 12, 20, 13], [4, 21, 5, 22], [23, 17, 24, 16], [8, 2, 9, 1], [22, 3, 23, 4], [10, 5, 11, 6], [2, 8, 3, 7]]"
12n_0019_109,"[[2, 8, 3, 7], [6, 9, 7, 10], [11, 15, 12, 14], [13, 18, 14, 19], [15, 21, 16, 20], [17, 1, 18, 24], [19, 12, 20, 13], [4, 21, 5, 22], [23, 17, 24, 16], [8, 2, 9, 1], [22, 3, 23, 4], [10, 5, 11, 6]]"
12n_0019_110,"[[10, 5, 11, 6], [2, 8, 3, 7], [6, 9, 7, 10], [11, 15, 12, 14], [13, 18, 14, 19], [15, 21, 16, 20], [17, 1, 18, 24], [19, 12, 20, 13], [4, 21, 5, 22], [23, 17, 24, 16], [8, 2, 9, 1], [22, 3, 23, 4]]"
12n_0019_111,"[[22, 3, 23, 4], [10, 5, 11, 6], [2, 8, 3, 7], [6, 9, 7, 10], [11, 15, 12, 14], [13, 18, 14, 19], [15, 21, 16, 20], [17, 1, 18, 24], [19, 12, 20, 13], [4, 21, 5, 22], [23, 17, 24, 16], [8, 2, 9, 1]]"
12n_0019_112,"[[8, 2, 9, 1], [22, 3, 23, 4], [10, 5, 11, 6], [2, 8, 3, 7], [6, 9, 7, 10], [11, 15, 12, 14], [13, 18, 14, 19], [15, 21, 16, 20], [17, 1, 18, 24], [19, 12, 20, 13], [4, 21, 5, 22], [23, 17, 24, 16]]"
12n_0019_113,"[[23, 17, 24, 16], [8, 2, 9, 1], [22, 3, 23, 4], [10, 5, 11, 6], [2, 8, 3, 7], [6, 9, 7, 10], [11, 15, 12, 14], [13, 18, 14, 19], [15, 21, 16, 20], [17, 1, 18, 24], [19, 12, 20, 13], [4, 21, 5, 22]]"
12n_0019_114,"[[4, 21, 5, 22], [23, 17, 24, 16], [8, 2, 9, 1], [22, 3, 23, 4], [10, 5, 11, 6], [2, 8, 3, 7], [6, 9, 7, 10], [11, 15, 12, 14], [13, 18, 14, 19], [15, 21, 16, 20], [17, 1, 18, 24], [19, 12, 20, 13]]"
12n_0019_115,"[[19, 12, 20, 13], [4, 21, 5, 22], [23, 17, 24, 16], [8, 2, 9, 1], [22, 3, 23, 4], [10, 5, 11, 6], [2, 8, 3, 7], [6, 9, 7, 10], [11, 15, 12, 14], [13, 18, 14, 19], [15, 21, 16, 20], [17, 1, 18, 24]]"
12n_0019_116,"[[17, 1, 18, 24], [19, 12, 20, 13], [4, 21, 5, 22], [23, 17, 24, 16], [8, 2, 9, 1], [22, 3, 23, 4], [10, 5, 11, 6], [2, 8, 3, 7], [6, 9, 7, 10], [11, 15, 12, 14], [13, 18, 14, 19], [15, 21, 16, 20]]"
12n_0019_117,"[[15, 21, 16, 20], [17, 1, 18, 24], [19, 12, 20, 13], [4, 21, 5, 22], [23, 17, 24, 16], [8, 2, 9, 1], [22, 3, 23, 4], [10, 5, 11, 6], [2, 8, 3, 7], [6, 9, 7, 10], [11, 15, 12, 14], [13, 18, 14, 19]]"
12n_0019_118,"[[13, 18, 14, 19], [15, 21, 16, 20], [17, 1, 18, 24], [19, 12, 20, 13], [4, 21, 5, 22], [23, 17, 24, 16], [8, 2, 9, 1], [22, 3, 23, 4], [10, 5, 11, 6], [2, 8, 3, 7], [6, 9, 7, 10], [11, 15, 12, 14]]"
12n_0019_119,"[[11, 15, 12, 14], [13, 18, 14, 19], [15, 21, 16, 20], [17, 1, 18, 24], [19, 12, 20, 13], [4, 21, 5, 22], [23, 17, 24, 16], [8, 2, 9, 1], [22, 3, 23, 4], [10, 5, 11, 6], [2, 8, 3, 7], [6, 9, 7, 10]]"
12n_0019_120,"[[7, 10, 8, 11], [12, 16, 13, 15], [14, 19, 15, 20], [16, 22, 17, 21], [18, 2, 19, 1], [20, 13, 21, 14], [5, 22, 6, 23], [24, 18, 1, 17], [9, 3, 10, 2], [23, 4, 24, 5], [11, 6, 12, 7], [3, 9, 4, 8]]"
12n_0019_121,"[[3, 9, 4, 8], [7, 10, 8, 11], [12, 16, 13, 15], [14, 19, 15, 20], [16, 22, 17, 21], [18, 2, 19, 1], [20, 13, 21, 14], [5, 22, 6, 23], [24, 18, 1, 17], [9, 3, 10, 2], [23, 4, 24, 5], [11, 6, 12, 7]]"
12n_0019_122,"[[11, 6, 12, 7], [3, 9, 4, 8], [7, 10, 8, 11], [12, 16, 13, 15], [14, 19, 15, 20], [16, 22, 17, 21], [18, 2, 19, 1], [20, 13, 21, 14], [5, 22, 6, 23], [24, 18, 1, 17], [9, 3, 10, 2], [23, 4, 24, 5]]"
12n_0019_123,"[[23, 4, 24, 5], [11, 6, 12, 7], [3, 9, 4, 8], [7, 10, 8, 11], [12, 16, 13, 15], [14, 19, 15, 20], [16, 22, 17, 21], [18, 2, 19, 1], [20, 13, 21, 14], [5, 22, 6, 23], [24, 18, 1, 17], [9, 3, 10, 2]]"
12n_0019_124,"[[9, 3, 10, 2], [23, 4, 24, 5], [11, 6, 12, 7], [3, 9, 4, 8], [7, 10, 8, 11], [12, 16, 13, 15], [14, 19, 15, 20], [16, 22, 17, 21], [18, 2, 19, 1], [20, 13, 21, 14], [5, 22, 6, 23], [24, 18, 1, 17]]"
12n_0019_125,"[[24, 18, 1, 17], [9, 3, 10, 2], [23, 4, 24, 5], [11, 6, 12, 7], [3, 9, 4, 8], [7, 10, 8, 11], [12, 16, 13, 15], [14, 19, 15, 20], [16, 22, 17, 21], [18, 2, 19, 1], [20, 13, 21, 14], [5, 22, 6, 23]]"
12n_0019_126,"[[5, 22, 6, 23], [24, 18, 1, 17], [9, 3, 10, 2], [23, 4, 24, 5], [11, 6, 12, 7], [3, 9, 4, 8], [7, 10, 8, 11], [12, 16, 13, 15], [14, 19, 15, 20], [16, 22, 17, 21], [18, 2, 19, 1], [20, 13, 21, 14]]"
12n_0019_127,"[[20, 13, 21, 14], [5, 22, 6, 23], [24, 18, 1, 17], [9, 3, 10, 2], [23, 4, 24, 5], [11, 6, 12, 7], [3, 9, 4, 8], [7, 10, 8, 11], [12, 16, 13, 15], [14, 19, 15, 20], [16, 22, 17, 21], [18, 2, 19, 1]]"
12n_0019_128,"[[18, 2, 19, 1], [20, 13, 21, 14], [5, 22, 6, 23], [24, 18, 1, 17], [9, 3, 10, 2], [23, 4, 24, 5], [11, 6, 12, 7], [3, 9, 4, 8], [7, 10, 8, 11], [12, 16, 13, 15], [14, 19, 15, 20], [16, 22, 17, 21]]"
12n_0019_129,"[[16, 22, 17, 21], [18, 2, 19, 1], [20, 13, 21, 14], [5, 22, 6, 23], [24, 18, 1, 17], [9, 3, 10, 2], [23, 4, 24, 5], [11, 6, 12, 7], [3, 9, 4, 8], [7, 10, 8, 11], [12, 16, 13, 15], [14, 19, 15, 20]]"
12n_0019_130,"[[14, 19, 15, 20], [16, 22, 17, 21], [18, 2, 19, 1], [20, 13, 21, 14], [5, 22, 6, 23], [24, 18, 1, 17], [9, 3, 10, 2], [23, 4, 24, 5], [11, 6, 12, 7], [3, 9, 4, 8], [7, 10, 8, 11], [12, 16, 13, 15]]"
12n_0019_131,"[[12, 16, 13, 15], [14, 19, 15, 20], [16, 22, 17, 21], [18, 2, 19, 1], [20, 13, 21, 14], [5, 22, 6, 23], [24, 18, 1, 17], [9, 3, 10, 2], [23, 4, 24, 5], [11, 6, 12, 7], [3, 9, 4, 8], [7, 10, 8, 11]]"
12n_0019_132,"[[8, 11, 9, 12], [13, 17, 14, 16], [15, 20, 16, 21], [17, 23, 18, 22], [19, 3, 20, 2], [21, 14, 22, 15], [6, 23, 7, 24], [1, 19, 2, 18], [10, 4, 11, 3], [24, 5, 1, 6], [12, 7, 13, 8], [4, 10, 5, 9]]"
12n_0019_133,"[[4, 10, 5, 9], [8, 11, 9, 12], [13, 17, 14, 16], [15, 20, 16, 21], [17, 23, 18, 22], [19, 3, 20, 2], [21, 14, 22, 15], [6, 23, 7, 24], [1, 19, 2, 18], [10, 4, 11, 3], [24, 5, 1, 6], [12, 7, 13, 8]]"
12n_0019_134,"[[12, 7, 13, 8], [4, 10, 5, 9], [8, 11, 9, 12], [13, 17, 14, 16], [15, 20, 16, 21], [17, 23, 18, 22], [19, 3, 20, 2], [21, 14, 22, 15], [6, 23, 7, 24], [1, 19, 2, 18], [10, 4, 11, 3], [24, 5, 1, 6]]"
12n_0019_135,"[[24, 5, 1, 6], [12, 7, 13, 8], [4, 10, 5, 9], [8, 11, 9, 12], [13, 17, 14, 16], [15, 20, 16, 21], [17, 23, 18, 22], [19, 3, 20, 2], [21, 14, 22, 15], [6, 23, 7, 24], [1, 19, 2, 18], [10, 4, 11, 3]]"
12n_0019_136,"[[10, 4, 11, 3], [24, 5, 1, 6], [12, 7, 13, 8], [4, 10, 5, 9], [8, 11, 9, 12], [13, 17, 14, 16], [15, 20, 16, 21], [17, 23, 18, 22], [19, 3, 20, 2], [21, 14, 22, 15], [6, 23, 7, 24], [1, 19, 2, 18]]"
12n_0019_137,"[[1, 19, 2, 18], [10, 4, 11, 3], [24, 5, 1, 6], [12, 7, 13, 8], [4, 10, 5, 9], [8, 11, 9, 12], [13, 17, 14, 16], [15, 20, 16, 21], [17, 23, 18, 22], [19, 3, 20, 2], [21, 14, 22, 15], [6, 23, 7, 24]]"
12n_0019_138,"[[6, 23, 7, 24], [1, 19, 2, 18], [10, 4, 11, 3], [24, 5, 1, 6], [12, 7, 13, 8], [4, 10, 5, 9], [8, 11, 9, 12], [13, 17, 14, 16], [15, 20, 16, 21], [17, 23, 18, 22], [19, 3, 20, 2], [21, 14, 22, 15]]"
12n_0019_139,"[[21, 14, 22, 15], [6, 23, 7, 24], [1, 19, 2, 18], [10, 4, 11, 3], [24, 5, 1, 6], [12, 7, 13, 8], [4, 10, 5, 9], [8, 11, 9, 12], [13, 17, 14, 16], [15, 20, 16, 21], [17, 23, 18, 22], [19, 3, 20, 2]]"
12n_0019_140,"[[19, 3, 20, 2], [21, 14, 22, 15], [6, 23, 7, 24], [1, 19, 2, 18], [10, 4, 11, 3], [24, 5, 1, 6], [12, 7, 13, 8], [4, 10, 5, 9], [8, 11, 9, 12], [13, 17, 14, 16], [15, 20, 16, 21], [17, 23, 18, 22]]"
12n_0019_141,"[[17, 23, 18, 22], [19, 3, 20, 2], [21, 14, 22, 15], [6, 23, 7, 24], [1, 19, 2, 18], [10, 4, 11, 3], [24, 5, 1, 6], [12, 7, 13, 8], [4, 10, 5, 9], [8, 11, 9, 12], [13, 17, 14, 16], [15, 20, 16, 21]]"
12n_0019_142,"[[15, 20, 16, 21], [17, 23, 18, 22], [19, 3, 20, 2], [21, 14, 22, 15], [6, 23, 7, 24], [1, 19, 2, 18], [10, 4, 11, 3], [24, 5, 1, 6], [12, 7, 13, 8], [4, 10, 5, 9], [8, 11, 9, 12], [13, 17, 14, 16]]"
12n_0019_143,"[[13, 17, 14, 16], [15, 20, 16, 21], [17, 23, 18, 22], [19, 3, 20, 2], [21, 14, 22, 15], [6, 23, 7, 24], [1, 19, 2, 18], [10, 4, 11, 3], [24, 5, 1, 6], [12, 7, 13, 8], [4, 10, 5, 9], [8, 11, 9, 12]]"
12n_0019_144,"[[9, 12, 10, 13], [14, 18, 15, 17], [16, 21, 17, 22], [18, 24, 19, 23], [20, 4, 21, 3], [22, 15, 23, 16], [7, 24, 8, 1], [2, 20, 3, 19], [11, 5, 12, 4], [1, 6, 2, 7], [13, 8, 14, 9], [5, 11, 6, 10]]"
12n_0019_145,"[[5, 11, 6, 10], [9, 12, 10, 13], [14, 18, 15, 17], [16, 21, 17, 22], [18, 24, 19, 23], [20, 4, 21, 3], [22, 15, 23, 16], [7, 24, 8, 1], [2, 20, 3, 19], [11, 5, 12, 4], [1, 6, 2, 7], [13, 8, 14, 9]]"
12n_0019_146,"[[13, 8, 14, 9], [5, 11, 6, 10], [9, 12, 10, 13], [14, 18, 15, 17], [16, 21, 17, 22], [18, 24, 19, 23], [20, 4, 21, 3], [22, 15, 23, 16], [7, 24, 8, 1], [2, 20, 3, 19], [11, 5, 12, 4], [1, 6, 2, 7]]"
12n_0019_147,"[[1, 6, 2, 7], [13, 8, 14, 9], [5, 11, 6, 10], [9, 12, 10, 13], [14, 18, 15, 17], [16, 21, 17, 22], [18, 24, 19, 23], [20, 4, 21, 3], [22, 15, 23, 16], [7, 24, 8, 1], [2, 20, 3, 19], [11, 5, 12, 4]]"
12n_0019_148,"[[11, 5, 12, 4], [1, 6, 2, 7], [13, 8, 14, 9], [5, 11, 6, 10], [9, 12, 10, 13], [14, 18, 15, 17], [16, 21, 17, 22], [18, 24, 19, 23], [20, 4, 21, 3], [22, 15, 23, 16], [7, 24, 8, 1], [2, 20, 3, 19]]"
12n_0019_149,"[[2, 20, 3, 19], [11, 5, 12, 4], [1, 6, 2, 7], [13, 8, 14, 9], [5, 11, 6, 10], [9, 12, 10, 13], [14, 18, 15, 17], [16, 21, 17, 22], [18, 24, 19, 23], [20, 4, 21, 3], [22, 15, 23, 16], [7, 24, 8, 1]]"
12n_0019_150,"[[7, 24, 8, 1], [2, 20, 3, 19], [11, 5, 12, 4], [1, 6, 2, 7], [13, 8, 14, 9], [5, 11, 6, 10], [9, 12, 10, 13], [14, 18, 15, 17], [16, 21, 17, 22], [18, 24, 19, 23], [20, 4, 21, 3], [22, 15, 23, 16]]"
12n_0019_151,"[[22, 15, 23, 16], [7, 24, 8, 1], [2, 20, 3, 19], [11, 5, 12, 4], [1, 6, 2, 7], [13, 8, 14, 9], [5, 11, 6, 10], [9, 12, 10, 13], [14, 18, 15, 17], [16, 21, 17, 22], [18, 24, 19, 23], [20, 4, 21, 3]]"
12n_0019_152,"[[20, 4, 21, 3], [22, 15, 23, 16], [7, 24, 8, 1], [2, 20, 3, 19], [11, 5, 12, 4], [1, 6, 2, 7], [13, 8, 14, 9], [5, 11, 6, 10], [9, 12, 10, 13], [14, 18, 15, 17], [16, 21, 17, 22], [18, 24, 19, 23]]"
12n_0019_153,"[[18, 24, 19, 23], [20, 4, 21, 3], [22, 15, 23, 16], [7, 24, 8, 1], [2, 20, 3, 19], [11, 5, 12, 4], [1, 6, 2, 7], [13, 8, 14, 9], [5, 11, 6, 10], [9, 12, 10, 13], [14, 18, 15, 17], [16, 21, 17, 22]]"
12n_0019_154,"[[16, 21, 17, 22], [18, 24, 19, 23], [20, 4, 21, 3], [22, 15, 23, 16], [7, 24, 8, 1], [2, 20, 3, 19], [11, 5, 12, 4], [1, 6, 2, 7], [13, 8, 14, 9], [5, 11, 6, 10], [9, 12, 10, 13], [14, 18, 15, 17]]"
12n_0019_155,"[[14, 18, 15, 17], [16, 21, 17, 22], [18, 24, 19, 23], [20, 4, 21, 3], [22, 15, 23, 16], [7, 24, 8, 1], [2, 20, 3, 19], [11, 5, 12, 4], [1, 6, 2, 7], [13, 8, 14, 9], [5, 11, 6, 10], [9, 12, 10, 13]]"
12n_0019_156,"[[10, 13, 11, 14], [15, 19, 16, 18], [17, 22, 18, 23], [19, 1, 20, 24], [21, 5, 22, 4], [23, 16, 24, 17], [8, 1, 9, 2], [3, 21, 4, 20], [12, 6, 13, 5], [2, 7, 3, 8], [14, 9, 15, 10], [6, 12, 7, 11]]"
12n_0019_157,"[[6, 12, 7, 11], [10, 13, 11, 14], [15, 19, 16, 18], [17, 22, 18, 23], [19, 1, 20, 24], [21, 5, 22, 4], [23, 16, 24, 17], [8, 1, 9, 2], [3, 21, 4, 20], [12, 6, 13, 5], [2, 7, 3, 8], [14, 9, 15, 10]]"
12n_0019_158,"[[14, 9, 15, 10], [6, 12, 7, 11], [10, 13, 11, 14], [15, 19, 16, 18], [17, 22, 18, 23], [19, 1, 20, 24], [21, 5, 22, 4], [23, 16, 24, 17], [8, 1, 9, 2], [3, 21, 4, 20], [12, 6, 13, 5], [2, 7, 3, 8]]"
12n_0019_159,"[[2, 7, 3, 8], [14, 9, 15, 10], [6, 12, 7, 11], [10, 13, 11, 14], [15, 19, 16, 18], [17, 22, 18, 23], [19, 1, 20, 24], [21, 5, 22, 4], [23, 16, 24, 17], [8, 1, 9, 2], [3, 21, 4, 20], [12, 6, 13, 5]]"
12n_0019_160,"[[12, 6, 13, 5], [2, 7, 3, 8], [14, 9, 15, 10], [6, 12, 7, 11], [10, 13, 11, 14], [15, 19, 16, 18], [17, 22, 18, 23], [19, 1, 20, 24], [21, 5, 22, 4], [23, 16, 24, 17], [8, 1, 9, 2], [3, 21, 4, 20]]"
12n_0019_161,"[[3, 21, 4, 20], [12, 6, 13, 5], [2, 7, 3, 8], [14, 9, 15, 10], [6, 12, 7, 11], [10, 13, 11, 14], [15, 19, 16, 18], [17, 22, 18, 23], [19, 1, 20, 24], [21, 5, 22, 4], [23, 16, 24, 17], [8, 1, 9, 2]]"
12n_0019_162,"[[8, 1, 9, 2], [3, 21, 4, 20], [12, 6, 13, 5], [2, 7, 3, 8], [14, 9, 15, 10], [6, 12, 7, 11], [10, 13, 11, 14], [15, 19, 16, 18], [17, 22, 18, 23], [19, 1, 20, 24], [21, 5, 22, 4], [23, 16, 24, 17]]"
12n_0019_163,"[[23, 16, 24, 17], [8, 1, 9, 2], [3, 21, 4, 20], [12, 6, 13, 5], [2, 7, 3, 8], [14, 9, 15, 10], [6, 12, 7, 11], [10, 13, 11, 14], [15, 19, 16, 18], [17, 22, 18, 23], [19, 1, 20, 24], [21, 5, 22, 4]]"
12n_0019_164,"[[21, 5, 22, 4], [23, 16, 24, 17], [8, 1, 9, 2], [3, 21, 4, 20], [12, 6, 13, 5], [2, 7, 3, 8], [14, 9, 15, 10], [6, 12, 7, 11], [10, 13, 11, 14], [15, 19, 16, 18], [17, 22, 18, 23], [19, 1, 20, 24]]"
12n_0019_165,"[[19, 1, 20, 24], [21, 5, 22, 4], [23, 16, 24, 17], [8, 1, 9, 2], [3, 21, 4, 20], [12, 6, 13, 5], [2, 7, 3, 8], [14, 9, 15, 10], [6, 12, 7, 11], [10, 13, 11, 14], [15, 19, 16, 18], [17, 22, 18, 23]]"
12n_0019_166,"[[17, 22, 18, 23], [19, 1, 20, 24], [21, 5, 22, 4], [23, 16, 24, 17], [8, 1, 9, 2], [3, 21, 4, 20], [12, 6, 13, 5], [2, 7, 3, 8], [14, 9, 15, 10], [6, 12, 7, 11], [10, 13, 11, 14], [15, 19, 16, 18]]"
12n_0019_167,"[[15, 19, 16, 18], [17, 22, 18, 23], [19, 1, 20, 24], [21, 5, 22, 4], [23, 16, 24, 17], [8, 1, 9, 2], [3, 21, 4, 20], [12, 6, 13, 5], [2, 7, 3, 8], [14, 9, 15, 10], [6, 12, 7, 11], [10, 13, 11, 14]]"
12n_0019_168,"[[11, 14, 12, 15], [16, 20, 17, 19], [18, 23, 19, 24], [20, 2, 21, 1], [22, 6, 23, 5], [24, 17, 1, 18], [9, 2, 10, 3], [4, 22, 5, 21], [13, 7, 14, 6], [3, 8, 4, 9], [15, 10, 16, 11], [7, 13, 8, 12]]"
12n_0019_169,"[[7, 13, 8, 12], [11, 14, 12, 15], [16, 20, 17, 19], [18, 23, 19, 24], [20, 2, 21, 1], [22, 6, 23, 5], [24, 17, 1, 18], [9, 2, 10, 3], [4, 22, 5, 21], [13, 7, 14, 6], [3, 8, 4, 9], [15, 10, 16, 11]]"
12n_0019_170,"[[15, 10, 16, 11], [7, 13, 8, 12], [11, 14, 12, 15], [16, 20, 17, 19], [18, 23, 19, 24], [20, 2, 21, 1], [22, 6, 23, 5], [24, 17, 1, 18], [9, 2, 10, 3], [4, 22, 5, 21], [13, 7, 14, 6], [3, 8, 4, 9]]"
12n_0019_171,"[[3, 8, 4, 9], [15, 10, 16, 11], [7, 13, 8, 12], [11, 14, 12, 15], [16, 20, 17, 19], [18, 23, 19, 24], [20, 2, 21, 1], [22, 6, 23, 5], [24, 17, 1, 18], [9, 2, 10, 3], [4, 22, 5, 21], [13, 7, 14, 6]]"
12n_0019_172,"[[13, 7, 14, 6], [3, 8, 4, 9], [15, 10, 16, 11], [7, 13, 8, 12], [11, 14, 12, 15], [16, 20, 17, 19], [18, 23, 19, 24], [20, 2, 21, 1], [22, 6, 23, 5], [24, 17, 1, 18], [9, 2, 10, 3], [4, 22, 5, 21]]"
12n_0019_173,"[[4, 22, 5, 21], [13, 7, 14, 6], [3, 8, 4, 9], [15, 10, 16, 11], [7, 13, 8, 12], [11, 14, 12, 15], [16, 20, 17, 19], [18, 23, 19, 24], [20, 2, 21, 1], [22, 6, 23, 5], [24, 17, 1, 18], [9, 2, 10, 3]]"
12n_0019_174,"[[9, 2, 10, 3], [4, 22, 5, 21], [13, 7, 14, 6], [3, 8, 4, 9], [15, 10, 16, 11], [7, 13, 8, 12], [11, 14, 12, 15], [16, 20, 17, 19], [18, 23, 19, 24], [20, 2, 21, 1], [22, 6, 23, 5], [24, 17, 1, 18]]"
12n_0019_175,"[[24, 17, 1, 18], [9, 2, 10, 3], [4, 22, 5, 21], [13, 7, 14, 6], [3, 8, 4, 9], [15, 10, 16, 11], [7, 13, 8, 12], [11, 14, 12, 15], [16, 20, 17, 19], [18, 23, 19, 24], [20, 2, 21, 1], [22, 6, 23, 5]]"
12n_0019_176,"[[22, 6, 23, 5], [24, 17, 1, 18], [9, 2, 10, 3], [4, 22, 5, 21], [13, 7, 14, 6], [3, 8, 4, 9], [15, 10, 16, 11], [7, 13, 8, 12], [11, 14, 12, 15], [16, 20, 17, 19], [18, 23, 19, 24], [20, 2, 21, 1]]"
12n_0019_177,"[[20, 2, 21, 1], [22, 6, 23, 5], [24, 17, 1, 18], [9, 2, 10, 3], [4, 22, 5, 21], [13, 7, 14, 6], [3, 8, 4, 9], [15, 10, 16, 11], [7, 13, 8, 12], [11, 14, 12, 15], [16, 20, 17, 19], [18, 23, 19, 24]]"
12n_0019_178,"[[18, 23, 19, 24], [20, 2, 21, 1], [22, 6, 23, 5], [24, 17, 1, 18], [9, 2, 10, 3], [4, 22, 5, 21], [13, 7, 14, 6], [3, 8, 4, 9], [15, 10, 16, 11], [7, 13, 8, 12], [11, 14, 12, 15], [16, 20, 17, 19]]"
12n_0019_179,"[[16, 20, 17, 19], [18, 23, 19, 24], [20, 2, 21, 1], [22, 6, 23, 5], [24, 17, 1, 18], [9, 2, 10, 3], [4, 22, 5, 21], [13, 7, 14, 6], [3, 8, 4, 9], [15, 10, 16, 11], [7, 13, 8, 12], [11, 14, 12, 15]]"
12n_0019_180,"[[12, 15, 13, 16], [17, 21, 18, 20], [19, 24, 20, 1], [21, 3, 22, 2], [23, 7, 24, 6], [1, 18, 2, 19], [10, 3, 11, 4], [5, 23, 6, 22], [14, 8, 15, 7], [4, 9, 5, 10], [16, 11, 17, 12], [8, 14, 9, 13]]"
12n_0019_181,"[[8, 14, 9, 13], [12, 15, 13, 16], [17, 21, 18, 20], [19, 24, 20, 1], [21, 3, 22, 2], [23, 7, 24, 6], [1, 18, 2, 19], [10, 3, 11, 4], [5, 23, 6, 22], [14, 8, 15, 7], [4, 9, 5, 10], [16, 11, 17, 12]]"
12n_0019_182,"[[16, 11, 17, 12], [8, 14, 9, 13], [12, 15, 13, 16], [17, 21, 18, 20], [19, 24, 20, 1], [21, 3, 22, 2], [23, 7, 24, 6], [1, 18, 2, 19], [10, 3, 11, 4], [5, 23, 6, 22], [14, 8, 15, 7], [4, 9, 5, 10]]"
12n_0019_183,"[[4, 9, 5, 10], [16, 11, 17, 12], [8, 14, 9, 13], [12, 15, 13, 16], [17, 21, 18, 20], [19, 24, 20, 1], [21, 3, 22, 2], [23, 7, 24, 6], [1, 18, 2, 19], [10, 3, 11, 4], [5, 23, 6, 22], [14, 8, 15, 7]]"
12n_0019_184,"[[14, 8, 15, 7], [4, 9, 5, 10], [16, 11, 17, 12], [8, 14, 9, 13], [12, 15, 13, 16], [17, 21, 18, 20], [19, 24, 20, 1], [21, 3, 22, 2], [23, 7, 24, 6], [1, 18, 2, 19], [10, 3, 11, 4], [5, 23, 6, 22]]"
12n_0019_185,"[[5, 23, 6, 22], [14, 8, 15, 7], [4, 9, 5, 10], [16, 11, 17, 12], [8, 14, 9, 13], [12, 15, 13, 16], [17, 21, 18, 20], [19, 24, 20, 1], [21, 3, 22, 2], [23, 7, 24, 6], [1, 18, 2, 19], [10, 3, 11, 4]]"
