name,pd_notation
12n_0123_0,"[[24, 12, 1, 11], [2, 6, 3, 5], [4, 10, 5, 9], [13, 7, 14, 6], [8, 4, 9, 3], [10, 20, 11, 19], [12, 17, 13, 18], [7, 15, 8, 14], [16, 22, 17, 21], [18, 2, 19, 1], [20, 23, 21, 24], [22, 16, 23, 15]]"
12n_0123_1,"[[22, 16, 23, 15], [24, 12, 1, 11], [2, 6, 3, 5], [4, 10, 5, 9], [13, 7, 14, 6], [8, 4, 9, 3], [10, 20, 11, 19], [12, 17, 13, 18], [7, 15, 8, 14], [16, 22, 17, 21], [18, 2, 19, 1], [20, 23, 21, 24]]"
12n_0123_2,"[[20, 23, 21, 24], [22, 16, 23, 15], [24, 12, 1, 11], [2, 6, 3, 5], [4, 10, 5, 9], [13, 7, 14, 6], [8, 4, 9, 3], [10, 20, 11, 19], [12, 17, 13, 18], [7, 15, 8, 14], [16, 22, 17, 21], [18, 2, 19, 1]]"
12n_0123_3,"[[18, 2, 19, 1], [20, 23, 21, 24], [22, 16, 23, 15], [24, 12, 1, 11], [2, 6, 3, 5], [4, 10, 5, 9], [13, 7, 14, 6], [8, 4, 9, 3], [10, 20, 11, 19], [12, 17, 13, 18], [7, 15, 8, 14], [16, 22, 17, 21]]"
12n_0123_4,"[[16, 22, 17, 21], [18, 2, 19, 1], [20, 23, 21, 24], [22, 16, 23, 15], [24, 12, 1, 11], [2, 6, 3, 5], [4, 10, 5, 9], [13, 7, 14, 6], [8, 4, 9, 3], [10, 20, 11, 19], [12, 17, 13, 18], [7, 15, 8, 14]]"
12n_0123_5,"[[7, 15, 8, 14], [16, 22, 17, 21], [18, 2, 19, 1], [20, 23, 21, 24], [22, 16, 23, 15], [24, 12, 1, 11], [2, 6, 3, 5], [4, 10, 5, 9], [13, 7, 14, 6], [8, 4, 9, 3], [10, 20, 11, 19], [12, 17, 13, 18]]"
12n_0123_6,"[[12, 17, 13, 18], [7, 15, 8, 14], [16, 22, 17, 21], [18, 2, 19, 1], [20, 23, 21, 24], [22, 16, 23, 15], [24, 12, 1, 11], [2, 6, 3, 5], [4, 10, 5, 9], [13, 7, 14, 6], [8, 4, 9, 3], [10, 20, 11, 19]]"
12n_0123_7,"[[10, 20, 11, 19], [12, 17, 13, 18], [7, 15, 8, 14], [16, 22, 17, 21], [18, 2, 19, 1], [20, 23, 21, 24], [22, 16, 23, 15], [24, 12, 1, 11], [2, 6, 3, 5], [4, 10, 5, 9], [13, 7, 14, 6], [8, 4, 9, 3]]"
12n_0123_8,"[[8, 4, 9, 3], [10, 20, 11, 19], [12, 17, 13, 18], [7, 15, 8, 14], [16, 22, 17, 21], [18, 2, 19, 1], [20, 23, 21, 24], [22, 16, 23, 15], [24, 12, 1, 11], [2, 6, 3, 5], [4, 10, 5, 9], [13, 7, 14, 6]]"
12n_0123_9,"[[13, 7, 14, 6], [8, 4, 9, 3], [10, 20, 11, 19], [12, 17, 13, 18], [7, 15, 8, 14], [16, 22, 17, 21], [18, 2, 19, 1], [20, 23, 21, 24], [22, 16, 23, 15], [24, 12, 1, 11], [2, 6, 3, 5], [4, 10, 5, 9]]"
12n_0123_10,"[[4, 10, 5, 9], [13, 7, 14, 6], [8, 4, 9, 3], [10, 20, 11, 19], [12, 17, 13, 18], [7, 15, 8, 14], [16, 22, 17, 21], [18, 2, 19, 1], [20, 23, 21, 24], [22, 16, 23, 15], [24, 12, 1, 11], [2, 6, 3, 5]]"
12n_0123_11,"[[2, 6, 3, 5], [4, 10, 5, 9], [13, 7, 14, 6], [8, 4, 9, 3], [10, 20, 11, 19], [12, 17, 13, 18], [7, 15, 8, 14], [16, 22, 17, 21], [18, 2, 19, 1], [20, 23, 21, 24], [22, 16, 23, 15], [24, 12, 1, 11]]"
12n_0123_12,"[[1, 13, 2, 12], [3, 7, 4, 6], [5, 11, 6, 10], [14, 8, 15, 7], [9, 5, 10, 4], [11, 21, 12, 20], [13, 18, 14, 19], [8, 16, 9, 15], [17, 23, 18, 22], [19, 3, 20, 2], [21, 24, 22, 1], [23, 17, 24, 16]]"
12n_0123_13,"[[23, 17, 24, 16], [1, 13, 2, 12], [3, 7, 4, 6], [5, 11, 6, 10], [14, 8, 15, 7], [9, 5, 10, 4], [11, 21, 12, 20], [13, 18, 14, 19], [8, 16, 9, 15], [17, 23, 18, 22], [19, 3, 20, 2], [21, 24, 22, 1]]"
12n_0123_14,"[[21, 24, 22, 1], [23, 17, 24, 16], [1, 13, 2, 12], [3, 7, 4, 6], [5, 11, 6, 10], [14, 8, 15, 7], [9, 5, 10, 4], [11, 21, 12, 20], [13, 18, 14, 19], [8, 16, 9, 15], [17, 23, 18, 22], [19, 3, 20, 2]]"
12n_0123_15,"[[19, 3, 20, 2], [21, 24, 22, 1], [23, 17, 24, 16], [1, 13, 2, 12], [3, 7, 4, 6], [5, 11, 6, 10], [14, 8, 15, 7], [9, 5, 10, 4], [11, 21, 12, 20], [13, 18, 14, 19], [8, 16, 9, 15], [17, 23, 18, 22]]"
12n_0123_16,"[[17, 23, 18, 22], [19, 3, 20, 2], [21, 24, 22, 1], [23, 17, 24, 16], [1, 13, 2, 12], [3, 7, 4, 6], [5, 11, 6, 10], [14, 8, 15, 7], [9, 5, 10, 4], [11, 21, 12, 20], [13, 18, 14, 19], [8, 16, 9, 15]]"
12n_0123_17,"[[8, 16, 9, 15], [17, 23, 18, 22], [19, 3, 20, 2], [21, 24, 22, 1], [23, 17, 24, 16], [1, 13, 2, 12], [3, 7, 4, 6], [5, 11, 6, 10], [14, 8, 15, 7], [9, 5, 10, 4], [11, 21, 12, 20], [13, 18, 14, 19]]"
12n_0123_18,"[[13, 18, 14, 19], [8, 16, 9, 15], [17, 23, 18, 22], [19, 3, 20, 2], [21, 24, 22, 1], [23, 17, 24, 16], [1, 13, 2, 12], [3, 7, 4, 6], [5, 11, 6, 10], [14, 8, 15, 7], [9, 5, 10, 4], [11, 21, 12, 20]]"
12n_0123_19,"[[11, 21, 12, 20], [13, 18, 14, 19], [8, 16, 9, 15], [17, 23, 18, 22], [19, 3, 20, 2], [21, 24, 22, 1], [23, 17, 24, 16], [1, 13, 2, 12], [3, 7, 4, 6], [5, 11, 6, 10], [14, 8, 15, 7], [9, 5, 10, 4]]"
12n_0123_20,"[[9, 5, 10, 4], [11, 21, 12, 20], [13, 18, 14, 19], [8, 16, 9, 15], [17, 23, 18, 22], [19, 3, 20, 2], [21, 24, 22, 1], [23, 17, 24, 16], [1, 13, 2, 12], [3, 7, 4, 6], [5, 11, 6, 10], [14, 8, 15, 7]]"
12n_0123_21,"[[14, 8, 15, 7], [9, 5, 10, 4], [11, 21, 12, 20], [13, 18, 14, 19], [8, 16, 9, 15], [17, 23, 18, 22], [19, 3, 20, 2], [21, 24, 22, 1], [23, 17, 24, 16], [1, 13, 2, 12], [3, 7, 4, 6], [5, 11, 6, 10]]"
12n_0123_22,"[[5, 11, 6, 10], [14, 8, 15, 7], [9, 5, 10, 4], [11, 21, 12, 20], [13, 18, 14, 19], [8, 16, 9, 15], [17, 23, 18, 22], [19, 3, 20, 2], [21, 24, 22, 1], [23, 17, 24, 16], [1, 13, 2, 12], [3, 7, 4, 6]]"
12n_0123_23,"[[3, 7, 4, 6], [5, 11, 6, 10], [14, 8, 15, 7], [9, 5, 10, 4], [11, 21, 12, 20], [13, 18, 14, 19], [8, 16, 9, 15], [17, 23, 18, 22], [19, 3, 20, 2], [21, 24, 22, 1], [23, 17, 24, 16], [1, 13, 2, 12]]"
12n_0123_24,"[[2, 14, 3, 13], [4, 8, 5, 7], [6, 12, 7, 11], [15, 9, 16, 8], [10, 6, 11, 5], [12, 22, 13, 21], [14, 19, 15, 20], [9, 17, 10, 16], [18, 24, 19, 23], [20, 4, 21, 3], [22, 1, 23, 2], [24, 18, 1, 17]]"
12n_0123_25,"[[24, 18, 1, 17], [2, 14, 3, 13], [4, 8, 5, 7], [6, 12, 7, 11], [15, 9, 16, 8], [10, 6, 11, 5], [12, 22, 13, 21], [14, 19, 15, 20], [9, 17, 10, 16], [18, 24, 19, 23], [20, 4, 21, 3], [22, 1, 23, 2]]"
12n_0123_26,"[[22, 1, 23, 2], [24, 18, 1, 17], [2, 14, 3, 13], [4, 8, 5, 7], [6, 12, 7, 11], [15, 9, 16, 8], [10, 6, 11, 5], [12, 22, 13, 21], [14, 19, 15, 20], [9, 17, 10, 16], [18, 24, 19, 23], [20, 4, 21, 3]]"
12n_0123_27,"[[20, 4, 21, 3], [22, 1, 23, 2], [24, 18, 1, 17], [2, 14, 3, 13], [4, 8, 5, 7], [6, 12, 7, 11], [15, 9, 16, 8], [10, 6, 11, 5], [12, 22, 13, 21], [14, 19, 15, 20], [9, 17, 10, 16], [18, 24, 19, 23]]"
12n_0123_28,"[[18, 24, 19, 23], [20, 4, 21, 3], [22, 1, 23, 2], [24, 18, 1, 17], [2, 14, 3, 13], [4, 8, 5, 7], [6, 12, 7, 11], [15, 9, 16, 8], [10, 6, 11, 5], [12, 22, 13, 21], [14, 19, 15, 20], [9, 17, 10, 16]]"
12n_0123_29,"[[9, 17, 10, 16], [18, 24, 19, 23], [20, 4, 21, 3], [22, 1, 23, 2], [24, 18, 1, 17], [2, 14, 3, 13], [4, 8, 5, 7], [6, 12, 7, 11], [15, 9, 16, 8], [10, 6, 11, 5], [12, 22, 13, 21], [14, 19, 15, 20]]"
12n_0123_30,"[[14, 19, 15, 20], [9, 17, 10, 16], [18, 24, 19, 23], [20, 4, 21, 3], [22, 1, 23, 2], [24, 18, 1, 17], [2, 14, 3, 13], [4, 8, 5, 7], [6, 12, 7, 11], [15, 9, 16, 8], [10, 6, 11, 5], [12, 22, 13, 21]]"
12n_0123_31,"[[12, 22, 13, 21], [14, 19, 15, 20], [9, 17, 10, 16], [18, 24, 19, 23], [20, 4, 21, 3], [22, 1, 23, 2], [24, 18, 1, 17], [2, 14, 3, 13], [4, 8, 5, 7], [6, 12, 7, 11], [15, 9, 16, 8], [10, 6, 11, 5]]"
12n_0123_32,"[[10, 6, 11, 5], [12, 22, 13, 21], [14, 19, 15, 20], [9, 17, 10, 16], [18, 24, 19, 23], [20, 4, 21, 3], [22, 1, 23, 2], [24, 18, 1, 17], [2, 14, 3, 13], [4, 8, 5, 7], [6, 12, 7, 11], [15, 9, 16, 8]]"
12n_0123_33,"[[15, 9, 16, 8], [10, 6, 11, 5], [12, 22, 13, 21], [14, 19, 15, 20], [9, 17, 10, 16], [18, 24, 19, 23], [20, 4, 21, 3], [22, 1, 23, 2], [24, 18, 1, 17], [2, 14, 3, 13], [4, 8, 5, 7], [6, 12, 7, 11]]"
12n_0123_34,"[[6, 12, 7, 11], [15, 9, 16, 8], [10, 6, 11, 5], [12, 22, 13, 21], [14, 19, 15, 20], [9, 17, 10, 16], [18, 24, 19, 23], [20, 4, 21, 3], [22, 1, 23, 2], [24, 18, 1, 17], [2, 14, 3, 13], [4, 8, 5, 7]]"
12n_0123_35,"[[4, 8, 5, 7], [6, 12, 7, 11], [15, 9, 16, 8], [10, 6, 11, 5], [12, 22, 13, 21], [14, 19, 15, 20], [9, 17, 10, 16], [18, 24, 19, 23], [20, 4, 21, 3], [22, 1, 23, 2], [24, 18, 1, 17], [2, 14, 3, 13]]"
12n_0123_36,"[[3, 15, 4, 14], [5, 9, 6, 8], [7, 13, 8, 12], [16, 10, 17, 9], [11, 7, 12, 6], [13, 23, 14, 22], [15, 20, 16, 21], [10, 18, 11, 17], [19, 1, 20, 24], [21, 5, 22, 4], [23, 2, 24, 3], [1, 19, 2, 18]]"
12n_0123_37,"[[1, 19, 2, 18], [3, 15, 4, 14], [5, 9, 6, 8], [7, 13, 8, 12], [16, 10, 17, 9], [11, 7, 12, 6], [13, 23, 14, 22], [15, 20, 16, 21], [10, 18, 11, 17], [19, 1, 20, 24], [21, 5, 22, 4], [23, 2, 24, 3]]"
12n_0123_38,"[[23, 2, 24, 3], [1, 19, 2, 18], [3, 15, 4, 14], [5, 9, 6, 8], [7, 13, 8, 12], [16, 10, 17, 9], [11, 7, 12, 6], [13, 23, 14, 22], [15, 20, 16, 21], [10, 18, 11, 17], [19, 1, 20, 24], [21, 5, 22, 4]]"
12n_0123_39,"[[21, 5, 22, 4], [23, 2, 24, 3], [1, 19, 2, 18], [3, 15, 4, 14], [5, 9, 6, 8], [7, 13, 8, 12], [16, 10, 17, 9], [11, 7, 12, 6], [13, 23, 14, 22], [15, 20, 16, 21], [10, 18, 11, 17], [19, 1, 20, 24]]"
12n_0123_40,"[[19, 1, 20, 24], [21, 5, 22, 4], [23, 2, 24, 3], [1, 19, 2, 18], [3, 15, 4, 14], [5, 9, 6, 8], [7, 13, 8, 12], [16, 10, 17, 9], [11, 7, 12, 6], [13, 23, 14, 22], [15, 20, 16, 21], [10, 18, 11, 17]]"
12n_0123_41,"[[10, 18, 11, 17], [19, 1, 20, 24], [21, 5, 22, 4], [23, 2, 24, 3], [1, 19, 2, 18], [3, 15, 4, 14], [5, 9, 6, 8], [7, 13, 8, 12], [16, 10, 17, 9], [11, 7, 12, 6], [13, 23, 14, 22], [15, 20, 16, 21]]"
12n_0123_42,"[[15, 20, 16, 21], [10, 18, 11, 17], [19, 1, 20, 24], [21, 5, 22, 4], [23, 2, 24, 3], [1, 19, 2, 18], [3, 15, 4, 14], [5, 9, 6, 8], [7, 13, 8, 12], [16, 10, 17, 9], [11, 7, 12, 6], [13, 23, 14, 22]]"
12n_0123_43,"[[13, 23, 14, 22], [15, 20, 16, 21], [10, 18, 11, 17], [19, 1, 20, 24], [21, 5, 22, 4], [23, 2, 24, 3], [1, 19, 2, 18], [3, 15, 4, 14], [5, 9, 6, 8], [7, 13, 8, 12], [16, 10, 17, 9], [11, 7, 12, 6]]"
12n_0123_44,"[[11, 7, 12, 6], [13, 23, 14, 22], [15, 20, 16, 21], [10, 18, 11, 17], [19, 1, 20, 24], [21, 5, 22, 4], [23, 2, 24, 3], [1, 19, 2, 18], [3, 15, 4, 14], [5, 9, 6, 8], [7, 13, 8, 12], [16, 10, 17, 9]]"
12n_0123_45,"[[16, 10, 17, 9], [11, 7, 12, 6], [13, 23, 14, 22], [15, 20, 16, 21], [10, 18, 11, 17], [19, 1, 20, 24], [21, 5, 22, 4], [23, 2, 24, 3], [1, 19, 2, 18], [3, 15, 4, 14], [5, 9, 6, 8], [7, 13, 8, 12]]"
12n_0123_46,"[[7, 13, 8, 12], [16, 10, 17, 9], [11, 7, 12, 6], [13, 23, 14, 22], [15, 20, 16, 21], [10, 18, 11, 17], [19, 1, 20, 24], [21, 5, 22, 4], [23, 2, 24, 3], [1, 19, 2, 18], [3, 15, 4, 14], [5, 9, 6, 8]]"
12n_0123_47,"[[5, 9, 6, 8], [7, 13, 8, 12], [16, 10, 17, 9], [11, 7, 12, 6], [13, 23, 14, 22], [15, 20, 16, 21], [10, 18, 11, 17], [19, 1, 20, 24], [21, 5, 22, 4], [23, 2, 24, 3], [1, 19, 2, 18], [3, 15, 4, 14]]"
12n_0123_48,"[[4, 16, 5, 15], [6, 10, 7, 9], [8, 14, 9, 13], [17, 11, 18, 10], [12, 8, 13, 7], [14, 24, 15, 23], [16, 21, 17, 22], [11, 19, 12, 18], [20, 2, 21, 1], [22, 6, 23, 5], [24, 3, 1, 4], [2, 20, 3, 19]]"
12n_0123_49,"[[2, 20, 3, 19], [4, 16, 5, 15], [6, 10, 7, 9], [8, 14, 9, 13], [17, 11, 18, 10], [12, 8, 13, 7], [14, 24, 15, 23], [16, 21, 17, 22], [11, 19, 12, 18], [20, 2, 21, 1], [22, 6, 23, 5], [24, 3, 1, 4]]"
12n_0123_50,"[[24, 3, 1, 4], [2, 20, 3, 19], [4, 16, 5, 15], [6, 10, 7, 9], [8, 14, 9, 13], [17, 11, 18, 10], [12, 8, 13, 7], [14, 24, 15, 23], [16, 21, 17, 22], [11, 19, 12, 18], [20, 2, 21, 1], [22, 6, 23, 5]]"
12n_0123_51,"[[22, 6, 23, 5], [24, 3, 1, 4], [2, 20, 3, 19], [4, 16, 5, 15], [6, 10, 7, 9], [8, 14, 9, 13], [17, 11, 18, 10], [12, 8, 13, 7], [14, 24, 15, 23], [16, 21, 17, 22], [11, 19, 12, 18], [20, 2, 21, 1]]"
12n_0123_52,"[[20, 2, 21, 1], [22, 6, 23, 5], [24, 3, 1, 4], [2, 20, 3, 19], [4, 16, 5, 15], [6, 10, 7, 9], [8, 14, 9, 13], [17, 11, 18, 10], [12, 8, 13, 7], [14, 24, 15, 23], [16, 21, 17, 22], [11, 19, 12, 18]]"
12n_0123_53,"[[11, 19, 12, 18], [20, 2, 21, 1], [22, 6, 23, 5], [24, 3, 1, 4], [2, 20, 3, 19], [4, 16, 5, 15], [6, 10, 7, 9], [8, 14, 9, 13], [17, 11, 18, 10], [12, 8, 13, 7], [14, 24, 15, 23], [16, 21, 17, 22]]"
12n_0123_54,"[[16, 21, 17, 22], [11, 19, 12, 18], [20, 2, 21, 1], [22, 6, 23, 5], [24, 3, 1, 4], [2, 20, 3, 19], [4, 16, 5, 15], [6, 10, 7, 9], [8, 14, 9, 13], [17, 11, 18, 10], [12, 8, 13, 7], [14, 24, 15, 23]]"
12n_0123_55,"[[14, 24, 15, 23], [16, 21, 17, 22], [11, 19, 12, 18], [20, 2, 21, 1], [22, 6, 23, 5], [24, 3, 1, 4], [2, 20, 3, 19], [4, 16, 5, 15], [6, 10, 7, 9], [8, 14, 9, 13], [17, 11, 18, 10], [12, 8, 13, 7]]"
12n_0123_56,"[[12, 8, 13, 7], [14, 24, 15, 23], [16, 21, 17, 22], [11, 19, 12, 18], [20, 2, 21, 1], [22, 6, 23, 5], [24, 3, 1, 4], [2, 20, 3, 19], [4, 16, 5, 15], [6, 10, 7, 9], [8, 14, 9, 13], [17, 11, 18, 10]]"
12n_0123_57,"[[17, 11, 18, 10], [12, 8, 13, 7], [14, 24, 15, 23], [16, 21, 17, 22], [11, 19, 12, 18], [20, 2, 21, 1], [22, 6, 23, 5], [24, 3, 1, 4], [2, 20, 3, 19], [4, 16, 5, 15], [6, 10, 7, 9], [8, 14, 9, 13]]"
12n_0123_58,"[[8, 14, 9, 13], [17, 11, 18, 10], [12, 8, 13, 7], [14, 24, 15, 23], [16, 21, 17, 22], [11, 19, 12, 18], [20, 2, 21, 1], [22, 6, 23, 5], [24, 3, 1, 4], [2, 20, 3, 19], [4, 16, 5, 15], [6, 10, 7, 9]]"
12n_0123_59,"[[6, 10, 7, 9], [8, 14, 9, 13], [17, 11, 18, 10], [12, 8, 13, 7], [14, 24, 15, 23], [16, 21, 17, 22], [11, 19, 12, 18], [20, 2, 21, 1], [22, 6, 23, 5], [24, 3, 1, 4], [2, 20, 3, 19], [4, 16, 5, 15]]"
12n_0123_60,"[[5, 17, 6, 16], [7, 11, 8, 10], [9, 15, 10, 14], [18, 12, 19, 11], [13, 9, 14, 8], [15, 1, 16, 24], [17, 22, 18, 23], [12, 20, 13, 19], [21, 3, 22, 2], [23, 7, 24, 6], [1, 4, 2, 5], [3, 21, 4, 20]]"
12n_0123_61,"[[3, 21, 4, 20], [5, 17, 6, 16], [7, 11, 8, 10], [9, 15, 10, 14], [18, 12, 19, 11], [13, 9, 14, 8], [15, 1, 16, 24], [17, 22, 18, 23], [12, 20, 13, 19], [21, 3, 22, 2], [23, 7, 24, 6], [1, 4, 2, 5]]"
12n_0123_62,"[[1, 4, 2, 5], [3, 21, 4, 20], [5, 17, 6, 16], [7, 11, 8, 10], [9, 15, 10, 14], [18, 12, 19, 11], [13, 9, 14, 8], [15, 1, 16, 24], [17, 22, 18, 23], [12, 20, 13, 19], [21, 3, 22, 2], [23, 7, 24, 6]]"
12n_0123_63,"[[23, 7, 24, 6], [1, 4, 2, 5], [3, 21, 4, 20], [5, 17, 6, 16], [7, 11, 8, 10], [9, 15, 10, 14], [18, 12, 19, 11], [13, 9, 14, 8], [15, 1, 16, 24], [17, 22, 18, 23], [12, 20, 13, 19], [21, 3, 22, 2]]"
12n_0123_64,"[[21, 3, 22, 2], [23, 7, 24, 6], [1, 4, 2, 5], [3, 21, 4, 20], [5, 17, 6, 16], [7, 11, 8, 10], [9, 15, 10, 14], [18, 12, 19, 11], [13, 9, 14, 8], [15, 1, 16, 24], [17, 22, 18, 23], [12, 20, 13, 19]]"
12n_0123_65,"[[12, 20, 13, 19], [21, 3, 22, 2], [23, 7, 24, 6], [1, 4, 2, 5], [3, 21, 4, 20], [5, 17, 6, 16], [7, 11, 8, 10], [9, 15, 10, 14], [18, 12, 19, 11], [13, 9, 14, 8], [15, 1, 16, 24], [17, 22, 18, 23]]"
12n_0123_66,"[[17, 22, 18, 23], [12, 20, 13, 19], [21, 3, 22, 2], [23, 7, 24, 6], [1, 4, 2, 5], [3, 21, 4, 20], [5, 17, 6, 16], [7, 11, 8, 10], [9, 15, 10, 14], [18, 12, 19, 11], [13, 9, 14, 8], [15, 1, 16, 24]]"
12n_0123_67,"[[15, 1, 16, 24], [17, 22, 18, 23], [12, 20, 13, 19], [21, 3, 22, 2], [23, 7, 24, 6], [1, 4, 2, 5], [3, 21, 4, 20], [5, 17, 6, 16], [7, 11, 8, 10], [9, 15, 10, 14], [18, 12, 19, 11], [13, 9, 14, 8]]"
12n_0123_68,"[[13, 9, 14, 8], [15, 1, 16, 24], [17, 22, 18, 23], [12, 20, 13, 19], [21, 3, 22, 2], [23, 7, 24, 6], [1, 4, 2, 5], [3, 21, 4, 20], [5, 17, 6, 16], [7, 11, 8, 10], [9, 15, 10, 14], [18, 12, 19, 11]]"
12n_0123_69,"[[18, 12, 19, 11], [13, 9, 14, 8], [15, 1, 16, 24], [17, 22, 18, 23], [12, 20, 13, 19], [21, 3, 22, 2], [23, 7, 24, 6], [1, 4, 2, 5], [3, 21, 4, 20], [5, 17, 6, 16], [7, 11, 8, 10], [9, 15, 10, 14]]"
12n_0123_70,"[[9, 15, 10, 14], [18, 12, 19, 11], [13, 9, 14, 8], [15, 1, 16, 24], [17, 22, 18, 23], [12, 20, 13, 19], [21, 3, 22, 2], [23, 7, 24, 6], [1, 4, 2, 5], [3, 21, 4, 20], [5, 17, 6, 16], [7, 11, 8, 10]]"
12n_0123_71,"[[7, 11, 8, 10], [9, 15, 10, 14], [18, 12, 19, 11], [13, 9, 14, 8], [15, 1, 16, 24], [17, 22, 18, 23], [12, 20, 13, 19], [21, 3, 22, 2], [23, 7, 24, 6], [1, 4, 2, 5], [3, 21, 4, 20], [5, 17, 6, 16]]"
12n_0123_72,"[[6, 18, 7, 17], [8, 12, 9, 11], [10, 16, 11, 15], [19, 13, 20, 12], [14, 10, 15, 9], [16, 2, 17, 1], [18, 23, 19, 24], [13, 21, 14, 20], [22, 4, 23, 3], [24, 8, 1, 7], [2, 5, 3, 6], [4, 22, 5, 21]]"
12n_0123_73,"[[4, 22, 5, 21], [6, 18, 7, 17], [8, 12, 9, 11], [10, 16, 11, 15], [19, 13, 20, 12], [14, 10, 15, 9], [16, 2, 17, 1], [18, 23, 19, 24], [13, 21, 14, 20], [22, 4, 23, 3], [24, 8, 1, 7], [2, 5, 3, 6]]"
12n_0123_74,"[[2, 5, 3, 6], [4, 22, 5, 21], [6, 18, 7, 17], [8, 12, 9, 11], [10, 16, 11, 15], [19, 13, 20, 12], [14, 10, 15, 9], [16, 2, 17, 1], [18, 23, 19, 24], [13, 21, 14, 20], [22, 4, 23, 3], [24, 8, 1, 7]]"
12n_0123_75,"[[24, 8, 1, 7], [2, 5, 3, 6], [4, 22, 5, 21], [6, 18, 7, 17], [8, 12, 9, 11], [10, 16, 11, 15], [19, 13, 20, 12], [14, 10, 15, 9], [16, 2, 17, 1], [18, 23, 19, 24], [13, 21, 14, 20], [22, 4, 23, 3]]"
12n_0123_76,"[[22, 4, 23, 3], [24, 8, 1, 7], [2, 5, 3, 6], [4, 22, 5, 21], [6, 18, 7, 17], [8, 12, 9, 11], [10, 16, 11, 15], [19, 13, 20, 12], [14, 10, 15, 9], [16, 2, 17, 1], [18, 23, 19, 24], [13, 21, 14, 20]]"
12n_0123_77,"[[13, 21, 14, 20], [22, 4, 23, 3], [24, 8, 1, 7], [2, 5, 3, 6], [4, 22, 5, 21], [6, 18, 7, 17], [8, 12, 9, 11], [10, 16, 11, 15], [19, 13, 20, 12], [14, 10, 15, 9], [16, 2, 17, 1], [18, 23, 19, 24]]"
12n_0123_78,"[[18, 23, 19, 24], [13, 21, 14, 20], [22, 4, 23, 3], [24, 8, 1, 7], [2, 5, 3, 6], [4, 22, 5, 21], [6, 18, 7, 17], [8, 12, 9, 11], [10, 16, 11, 15], [19, 13, 20, 12], [14, 10, 15, 9], [16, 2, 17, 1]]"
12n_0123_79,"[[16, 2, 17, 1], [18, 23, 19, 24], [13, 21, 14, 20], [22, 4, 23, 3], [24, 8, 1, 7], [2, 5, 3, 6], [4, 22, 5, 21], [6, 18, 7, 17], [8, 12, 9, 11], [10, 16, 11, 15], [19, 13, 20, 12], [14, 10, 15, 9]]"
12n_0123_80,"[[14, 10, 15, 9], [16, 2, 17, 1], [18, 23, 19, 24], [13, 21, 14, 20], [22, 4, 23, 3], [24, 8, 1, 7], [2, 5, 3, 6], [4, 22, 5, 21], [6, 18, 7, 17], [8, 12, 9, 11], [10, 16, 11, 15], [19, 13, 20, 12]]"
12n_0123_81,"[[19, 13, 20, 12], [14, 10, 15, 9], [16, 2, 17, 1], [18, 23, 19, 24], [13, 21, 14, 20], [22, 4, 23, 3], [24, 8, 1, 7], [2, 5, 3, 6], [4, 22, 5, 21], [6, 18, 7, 17], [8, 12, 9, 11], [10, 16, 11, 15]]"
12n_0123_82,"[[10, 16, 11, 15], [19, 13, 20, 12], [14, 10, 15, 9], [16, 2, 17, 1], [18, 23, 19, 24], [13, 21, 14, 20], [22, 4, 23, 3], [24, 8, 1, 7], [2, 5, 3, 6], [4, 22, 5, 21], [6, 18, 7, 17], [8, 12, 9, 11]]"
12n_0123_83,"[[8, 12, 9, 11], [10, 16, 11, 15], [19, 13, 20, 12], [14, 10, 15, 9], [16, 2, 17, 1], [18, 23, 19, 24], [13, 21, 14, 20], [22, 4, 23, 3], [24, 8, 1, 7], [2, 5, 3, 6], [4, 22, 5, 21], [6, 18, 7, 17]]"
12n_0123_84,"[[7, 19, 8, 18], [9, 13, 10, 12], [11, 17, 12, 16], [20, 14, 21, 13], [15, 11, 16, 10], [17, 3, 18, 2], [19, 24, 20, 1], [14, 22, 15, 21], [23, 5, 24, 4], [1, 9, 2, 8], [3, 6, 4, 7], [5, 23, 6, 22]]"
12n_0123_85,"[[5, 23, 6, 22], [7, 19, 8, 18], [9, 13, 10, 12], [11, 17, 12, 16], [20, 14, 21, 13], [15, 11, 16, 10], [17, 3, 18, 2], [19, 24, 20, 1], [14, 22, 15, 21], [23, 5, 24, 4], [1, 9, 2, 8], [3, 6, 4, 7]]"
12n_0123_86,"[[3, 6, 4, 7], [5, 23, 6, 22], [7, 19, 8, 18], [9, 13, 10, 12], [11, 17, 12, 16], [20, 14, 21, 13], [15, 11, 16, 10], [17, 3, 18, 2], [19, 24, 20, 1], [14, 22, 15, 21], [23, 5, 24, 4], [1, 9, 2, 8]]"
12n_0123_87,"[[1, 9, 2, 8], [3, 6, 4, 7], [5, 23, 6, 22], [7, 19, 8, 18], [9, 13, 10, 12], [11, 17, 12, 16], [20, 14, 21, 13], [15, 11, 16, 10], [17, 3, 18, 2], [19, 24, 20, 1], [14, 22, 15, 21], [23, 5, 24, 4]]"
12n_0123_88,"[[23, 5, 24, 4], [1, 9, 2, 8], [3, 6, 4, 7], [5, 23, 6, 22], [7, 19, 8, 18], [9, 13, 10, 12], [11, 17, 12, 16], [20, 14, 21, 13], [15, 11, 16, 10], [17, 3, 18, 2], [19, 24, 20, 1], [14, 22, 15, 21]]"
12n_0123_89,"[[14, 22, 15, 21], [23, 5, 24, 4], [1, 9, 2, 8], [3, 6, 4, 7], [5, 23, 6, 22], [7, 19, 8, 18], [9, 13, 10, 12], [11, 17, 12, 16], [20, 14, 21, 13], [15, 11, 16, 10], [17, 3, 18, 2], [19, 24, 20, 1]]"
12n_0123_90,"[[19, 24, 20, 1], [14, 22, 15, 21], [23, 5, 24, 4], [1, 9, 2, 8], [3, 6, 4, 7], [5, 23, 6, 22], [7, 19, 8, 18], [9, 13, 10, 12], [11, 17, 12, 16], [20, 14, 21, 13], [15, 11, 16, 10], [17, 3, 18, 2]]"
12n_0123_91,"[[17, 3, 18, 2], [19, 24, 20, 1], [14, 22, 15, 21], [23, 5, 24, 4], [1, 9, 2, 8], [3, 6, 4, 7], [5, 23, 6, 22], [7, 19, 8, 18], [9, 13, 10, 12], [11, 17, 12, 16], [20, 14, 21, 13], [15, 11, 16, 10]]"
12n_0123_92,"[[15, 11, 16, 10], [17, 3, 18, 2], [19, 24, 20, 1], [14, 22, 15, 21], [23, 5, 24, 4], [1, 9, 2, 8], [3, 6, 4, 7], [5, 23, 6, 22], [7, 19, 8, 18], [9, 13, 10, 12], [11, 17, 12, 16], [20, 14, 21, 13]]"
12n_0123_93,"[[20, 14, 21, 13], [15, 11, 16, 10], [17, 3, 18, 2], [19, 24, 20, 1], [14, 22, 15, 21], [23, 5, 24, 4], [1, 9, 2, 8], [3, 6, 4, 7], [5, 23, 6, 22], [7, 19, 8, 18], [9, 13, 10, 12], [11, 17, 12, 16]]"
12n_0123_94,"[[11, 17, 12, 16], [20, 14, 21, 13], [15, 11, 16, 10], [17, 3, 18, 2], [19, 24, 20, 1], [14, 22, 15, 21], [23, 5, 24, 4], [1, 9, 2, 8], [3, 6, 4, 7], [5, 23, 6, 22], [7, 19, 8, 18], [9, 13, 10, 12]]"
12n_0123_95,"[[9, 13, 10, 12], [11, 17, 12, 16], [20, 14, 21, 13], [15, 11, 16, 10], [17, 3, 18, 2], [19, 24, 20, 1], [14, 22, 15, 21], [23, 5, 24, 4], [1, 9, 2, 8], [3, 6, 4, 7], [5, 23, 6, 22], [7, 19, 8, 18]]"
12n_0123_96,"[[8, 20, 9, 19], [10, 14, 11, 13], [12, 18, 13, 17], [21, 15, 22, 14], [16, 12, 17, 11], [18, 4, 19, 3], [20, 1, 21, 2], [15, 23, 16, 22], [24, 6, 1, 5], [2, 10, 3, 9], [4, 7, 5, 8], [6, 24, 7, 23]]"
12n_0123_97,"[[6, 24, 7, 23], [8, 20, 9, 19], [10, 14, 11, 13], [12, 18, 13, 17], [21, 15, 22, 14], [16, 12, 17, 11], [18, 4, 19, 3], [20, 1, 21, 2], [15, 23, 16, 22], [24, 6, 1, 5], [2, 10, 3, 9], [4, 7, 5, 8]]"
12n_0123_98,"[[4, 7, 5, 8], [6, 24, 7, 23], [8, 20, 9, 19], [10, 14, 11, 13], [12, 18, 13, 17], [21, 15, 22, 14], [16, 12, 17, 11], [18, 4, 19, 3], [20, 1, 21, 2], [15, 23, 16, 22], [24, 6, 1, 5], [2, 10, 3, 9]]"
12n_0123_99,"[[2, 10, 3, 9], [4, 7, 5, 8], [6, 24, 7, 23], [8, 20, 9, 19], [10, 14, 11, 13], [12, 18, 13, 17], [21, 15, 22, 14], [16, 12, 17, 11], [18, 4, 19, 3], [20, 1, 21, 2], [15, 23, 16, 22], [24, 6, 1, 5]]"
12n_0123_100,"[[24, 6, 1, 5], [2, 10, 3, 9], [4, 7, 5, 8], [6, 24, 7, 23], [8, 20, 9, 19], [10, 14, 11, 13], [12, 18, 13, 17], [21, 15, 22, 14], [16, 12, 17, 11], [18, 4, 19, 3], [20, 1, 21, 2], [15, 23, 16, 22]]"
12n_0123_101,"[[15, 23, 16, 22], [24, 6, 1, 5], [2, 10, 3, 9], [4, 7, 5, 8], [6, 24, 7, 23], [8, 20, 9, 19], [10, 14, 11, 13], [12, 18, 13, 17], [21, 15, 22, 14], [16, 12, 17, 11], [18, 4, 19, 3], [20, 1, 21, 2]]"
12n_0123_102,"[[20, 1, 21, 2], [15, 23, 16, 22], [24, 6, 1, 5], [2, 10, 3, 9], [4, 7, 5, 8], [6, 24, 7, 23], [8, 20, 9, 19], [10, 14, 11, 13], [12, 18, 13, 17], [21, 15, 22, 14], [16, 12, 17, 11], [18, 4, 19, 3]]"
12n_0123_103,"[[18, 4, 19, 3], [20, 1, 21, 2], [15, 23, 16, 22], [24, 6, 1, 5], [2, 10, 3, 9], [4, 7, 5, 8], [6, 24, 7, 23], [8, 20, 9, 19], [10, 14, 11, 13], [12, 18, 13, 17], [21, 15, 22, 14], [16, 12, 17, 11]]"
12n_0123_104,"[[16, 12, 17, 11], [18, 4, 19, 3], [20, 1, 21, 2], [15, 23, 16, 22], [24, 6, 1, 5], [2, 10, 3, 9], [4, 7, 5, 8], [6, 24, 7, 23], [8, 20, 9, 19], [10, 14, 11, 13], [12, 18, 13, 17], [21, 15, 22, 14]]"
12n_0123_105,"[[21, 15, 22, 14], [16, 12, 17, 11], [18, 4, 19, 3], [20, 1, 21, 2], [15, 23, 16, 22], [24, 6, 1, 5], [2, 10, 3, 9], [4, 7, 5, 8], [6, 24, 7, 23], [8, 20, 9, 19], [10, 14, 11, 13], [12, 18, 13, 17]]"
12n_0123_106,"[[12, 18, 13, 17], [21, 15, 22, 14], [16, 12, 17, 11], [18, 4, 19, 3], [20, 1, 21, 2], [15, 23, 16, 22], [24, 6, 1, 5], [2, 10, 3, 9], [4, 7, 5, 8], [6, 24, 7, 23], [8, 20, 9, 19], [10, 14, 11, 13]]"
12n_0123_107,"[[10, 14, 11, 13], [12, 18, 13, 17], [21, 15, 22, 14], [16, 12, 17, 11], [18, 4, 19, 3], [20, 1, 21, 2], [15, 23, 16, 22], [24, 6, 1, 5], [2, 10, 3, 9], [4, 7, 5, 8], [6, 24, 7, 23], [8, 20, 9, 19]]"
12n_0123_108,"[[9, 21, 10, 20], [11, 15, 12, 14], [13, 19, 14, 18], [22, 16, 23, 15], [17, 13, 18, 12], [19, 5, 20, 4], [21, 2, 22, 3], [16, 24, 17, 23], [1, 7, 2, 6], [3, 11, 4, 10], [5, 8, 6, 9], [7, 1, 8, 24]]"
12n_0123_109,"[[7, 1, 8, 24], [9, 21, 10, 20], [11, 15, 12, 14], [13, 19, 14, 18], [22, 16, 23, 15], [17, 13, 18, 12], [19, 5, 20, 4], [21, 2, 22, 3], [16, 24, 17, 23], [1, 7, 2, 6], [3, 11, 4, 10], [5, 8, 6, 9]]"
12n_0123_110,"[[5, 8, 6, 9], [7, 1, 8, 24], [9, 21, 10, 20], [11, 15, 12, 14], [13, 19, 14, 18], [22, 16, 23, 15], [17, 13, 18, 12], [19, 5, 20, 4], [21, 2, 22, 3], [16, 24, 17, 23], [1, 7, 2, 6], [3, 11, 4, 10]]"
12n_0123_111,"[[3, 11, 4, 10], [5, 8, 6, 9], [7, 1, 8, 24], [9, 21, 10, 20], [11, 15, 12, 14], [13, 19, 14, 18], [22, 16, 23, 15], [17, 13, 18, 12], [19, 5, 20, 4], [21, 2, 22, 3], [16, 24, 17, 23], [1, 7, 2, 6]]"
12n_0123_112,"[[1, 7, 2, 6], [3, 11, 4, 10], [5, 8, 6, 9], [7, 1, 8, 24], [9, 21, 10, 20], [11, 15, 12, 14], [13, 19, 14, 18], [22, 16, 23, 15], [17, 13, 18, 12], [19, 5, 20, 4], [21, 2, 22, 3], [16, 24, 17, 23]]"
12n_0123_113,"[[16, 24, 17, 23], [1, 7, 2, 6], [3, 11, 4, 10], [5, 8, 6, 9], [7, 1, 8, 24], [9, 21, 10, 20], [11, 15, 12, 14], [13, 19, 14, 18], [22, 16, 23, 15], [17, 13, 18, 12], [19, 5, 20, 4], [21, 2, 22, 3]]"
12n_0123_114,"[[21, 2, 22, 3], [16, 24, 17, 23], [1, 7, 2, 6], [3, 11, 4, 10], [5, 8, 6, 9], [7, 1, 8, 24], [9, 21, 10, 20], [11, 15, 12, 14], [13, 19, 14, 18], [22, 16, 23, 15], [17, 13, 18, 12], [19, 5, 20, 4]]"
12n_0123_115,"[[19, 5, 20, 4], [21, 2, 22, 3], [16, 24, 17, 23], [1, 7, 2, 6], [3, 11, 4, 10], [5, 8, 6, 9], [7, 1, 8, 24], [9, 21, 10, 20], [11, 15, 12, 14], [13, 19, 14, 18], [22, 16, 23, 15], [17, 13, 18, 12]]"
12n_0123_116,"[[17, 13, 18, 12], [19, 5, 20, 4], [21, 2, 22, 3], [16, 24, 17, 23], [1, 7, 2, 6], [3, 11, 4, 10], [5, 8, 6, 9], [7, 1, 8, 24], [9, 21, 10, 20], [11, 15, 12, 14], [13, 19, 14, 18], [22, 16, 23, 15]]"
12n_0123_117,"[[22, 16, 23, 15], [17, 13, 18, 12], [19, 5, 20, 4], [21, 2, 22, 3], [16, 24, 17, 23], [1, 7, 2, 6], [3, 11, 4, 10], [5, 8, 6, 9], [7, 1, 8, 24], [9, 21, 10, 20], [11, 15, 12, 14], [13, 19, 14, 18]]"
12n_0123_118,"[[13, 19, 14, 18], [22, 16, 23, 15], [17, 13, 18, 12], [19, 5, 20, 4], [21, 2, 22, 3], [16, 24, 17, 23], [1, 7, 2, 6], [3, 11, 4, 10], [5, 8, 6, 9], [7, 1, 8, 24], [9, 21, 10, 20], [11, 15, 12, 14]]"
12n_0123_119,"[[11, 15, 12, 14], [13, 19, 14, 18], [22, 16, 23, 15], [17, 13, 18, 12], [19, 5, 20, 4], [21, 2, 22, 3], [16, 24, 17, 23], [1, 7, 2, 6], [3, 11, 4, 10], [5, 8, 6, 9], [7, 1, 8, 24], [9, 21, 10, 20]]"
12n_0123_120,"[[10, 22, 11, 21], [12, 16, 13, 15], [14, 20, 15, 19], [23, 17, 24, 16], [18, 14, 19, 13], [20, 6, 21, 5], [22, 3, 23, 4], [17, 1, 18, 24], [2, 8, 3, 7], [4, 12, 5, 11], [6, 9, 7, 10], [8, 2, 9, 1]]"
12n_0123_121,"[[8, 2, 9, 1], [10, 22, 11, 21], [12, 16, 13, 15], [14, 20, 15, 19], [23, 17, 24, 16], [18, 14, 19, 13], [20, 6, 21, 5], [22, 3, 23, 4], [17, 1, 18, 24], [2, 8, 3, 7], [4, 12, 5, 11], [6, 9, 7, 10]]"
12n_0123_122,"[[6, 9, 7, 10], [8, 2, 9, 1], [10, 22, 11, 21], [12, 16, 13, 15], [14, 20, 15, 19], [23, 17, 24, 16], [18, 14, 19, 13], [20, 6, 21, 5], [22, 3, 23, 4], [17, 1, 18, 24], [2, 8, 3, 7], [4, 12, 5, 11]]"
12n_0123_123,"[[4, 12, 5, 11], [6, 9, 7, 10], [8, 2, 9, 1], [10, 22, 11, 21], [12, 16, 13, 15], [14, 20, 15, 19], [23, 17, 24, 16], [18, 14, 19, 13], [20, 6, 21, 5], [22, 3, 23, 4], [17, 1, 18, 24], [2, 8, 3, 7]]"
12n_0123_124,"[[2, 8, 3, 7], [4, 12, 5, 11], [6, 9, 7, 10], [8, 2, 9, 1], [10, 22, 11, 21], [12, 16, 13, 15], [14, 20, 15, 19], [23, 17, 24, 16], [18, 14, 19, 13], [20, 6, 21, 5], [22, 3, 23, 4], [17, 1, 18, 24]]"
12n_0123_125,"[[17, 1, 18, 24], [2, 8, 3, 7], [4, 12, 5, 11], [6, 9, 7, 10], [8, 2, 9, 1], [10, 22, 11, 21], [12, 16, 13, 15], [14, 20, 15, 19], [23, 17, 24, 16], [18, 14, 19, 13], [20, 6, 21, 5], [22, 3, 23, 4]]"
12n_0123_126,"[[22, 3, 23, 4], [17, 1, 18, 24], [2, 8, 3, 7], [4, 12, 5, 11], [6, 9, 7, 10], [8, 2, 9, 1], [10, 22, 11, 21], [12, 16, 13, 15], [14, 20, 15, 19], [23, 17, 24, 16], [18, 14, 19, 13], [20, 6, 21, 5]]"
12n_0123_127,"[[20, 6, 21, 5], [22, 3, 23, 4], [17, 1, 18, 24], [2, 8, 3, 7], [4, 12, 5, 11], [6, 9, 7, 10], [8, 2, 9, 1], [10, 22, 11, 21], [12, 16, 13, 15], [14, 20, 15, 19], [23, 17, 24, 16], [18, 14, 19, 13]]"
12n_0123_128,"[[18, 14, 19, 13], [20, 6, 21, 5], [22, 3, 23, 4], [17, 1, 18, 24], [2, 8, 3, 7], [4, 12, 5, 11], [6, 9, 7, 10], [8, 2, 9, 1], [10, 22, 11, 21], [12, 16, 13, 15], [14, 20, 15, 19], [23, 17, 24, 16]]"
12n_0123_129,"[[23, 17, 24, 16], [18, 14, 19, 13], [20, 6, 21, 5], [22, 3, 23, 4], [17, 1, 18, 24], [2, 8, 3, 7], [4, 12, 5, 11], [6, 9, 7, 10], [8, 2, 9, 1], [10, 22, 11, 21], [12, 16, 13, 15], [14, 20, 15, 19]]"
12n_0123_130,"[[14, 20, 15, 19], [23, 17, 24, 16], [18, 14, 19, 13], [20, 6, 21, 5], [22, 3, 23, 4], [17, 1, 18, 24], [2, 8, 3, 7], [4, 12, 5, 11], [6, 9, 7, 10], [8, 2, 9, 1], [10, 22, 11, 21], [12, 16, 13, 15]]"
12n_0123_131,"[[12, 16, 13, 15], [14, 20, 15, 19], [23, 17, 24, 16], [18, 14, 19, 13], [20, 6, 21, 5], [22, 3, 23, 4], [17, 1, 18, 24], [2, 8, 3, 7], [4, 12, 5, 11], [6, 9, 7, 10], [8, 2, 9, 1], [10, 22, 11, 21]]"
12n_0123_132,"[[11, 23, 12, 22], [13, 17, 14, 16], [15, 21, 16, 20], [24, 18, 1, 17], [19, 15, 20, 14], [21, 7, 22, 6], [23, 4, 24, 5], [18, 2, 19, 1], [3, 9, 4, 8], [5, 13, 6, 12], [7, 10, 8, 11], [9, 3, 10, 2]]"
12n_0123_133,"[[9, 3, 10, 2], [11, 23, 12, 22], [13, 17, 14, 16], [15, 21, 16, 20], [24, 18, 1, 17], [19, 15, 20, 14], [21, 7, 22, 6], [23, 4, 24, 5], [18, 2, 19, 1], [3, 9, 4, 8], [5, 13, 6, 12], [7, 10, 8, 11]]"
12n_0123_134,"[[7, 10, 8, 11], [9, 3, 10, 2], [11, 23, 12, 22], [13, 17, 14, 16], [15, 21, 16, 20], [24, 18, 1, 17], [19, 15, 20, 14], [21, 7, 22, 6], [23, 4, 24, 5], [18, 2, 19, 1], [3, 9, 4, 8], [5, 13, 6, 12]]"
12n_0123_135,"[[5, 13, 6, 12], [7, 10, 8, 11], [9, 3, 10, 2], [11, 23, 12, 22], [13, 17, 14, 16], [15, 21, 16, 20], [24, 18, 1, 17], [19, 15, 20, 14], [21, 7, 22, 6], [23, 4, 24, 5], [18, 2, 19, 1], [3, 9, 4, 8]]"
12n_0123_136,"[[3, 9, 4, 8], [5, 13, 6, 12], [7, 10, 8, 11], [9, 3, 10, 2], [11, 23, 12, 22], [13, 17, 14, 16], [15, 21, 16, 20], [24, 18, 1, 17], [19, 15, 20, 14], [21, 7, 22, 6], [23, 4, 24, 5], [18, 2, 19, 1]]"
12n_0123_137,"[[18, 2, 19, 1], [3, 9, 4, 8], [5, 13, 6, 12], [7, 10, 8, 11], [9, 3, 10, 2], [11, 23, 12, 22], [13, 17, 14, 16], [15, 21, 16, 20], [24, 18, 1, 17], [19, 15, 20, 14], [21, 7, 22, 6], [23, 4, 24, 5]]"
12n_0123_138,"[[23, 4, 24, 5], [18, 2, 19, 1], [3, 9, 4, 8], [5, 13, 6, 12], [7, 10, 8, 11], [9, 3, 10, 2], [11, 23, 12, 22], [13, 17, 14, 16], [15, 21, 16, 20], [24, 18, 1, 17], [19, 15, 20, 14], [21, 7, 22, 6]]"
12n_0123_139,"[[21, 7, 22, 6], [23, 4, 24, 5], [18, 2, 19, 1], [3, 9, 4, 8], [5, 13, 6, 12], [7, 10, 8, 11], [9, 3, 10, 2], [11, 23, 12, 22], [13, 17, 14, 16], [15, 21, 16, 20], [24, 18, 1, 17], [19, 15, 20, 14]]"
12n_0123_140,"[[19, 15, 20, 14], [21, 7, 22, 6], [23, 4, 24, 5], [18, 2, 19, 1], [3, 9, 4, 8], [5, 13, 6, 12], [7, 10, 8, 11], [9, 3, 10, 2], [11, 23, 12, 22], [13, 17, 14, 16], [15, 21, 16, 20], [24, 18, 1, 17]]"
12n_0123_141,"[[24, 18, 1, 17], [19, 15, 20, 14], [21, 7, 22, 6], [23, 4, 24, 5], [18, 2, 19, 1], [3, 9, 4, 8], [5, 13, 6, 12], [7, 10, 8, 11], [9, 3, 10, 2], [11, 23, 12, 22], [13, 17, 14, 16], [15, 21, 16, 20]]"
12n_0123_142,"[[15, 21, 16, 20], [24, 18, 1, 17], [19, 15, 20, 14], [21, 7, 22, 6], [23, 4, 24, 5], [18, 2, 19, 1], [3, 9, 4, 8], [5, 13, 6, 12], [7, 10, 8, 11], [9, 3, 10, 2], [11, 23, 12, 22], [13, 17, 14, 16]]"
12n_0123_143,"[[13, 17, 14, 16], [15, 21, 16, 20], [24, 18, 1, 17], [19, 15, 20, 14], [21, 7, 22, 6], [23, 4, 24, 5], [18, 2, 19, 1], [3, 9, 4, 8], [5, 13, 6, 12], [7, 10, 8, 11], [9, 3, 10, 2], [11, 23, 12, 22]]"
12n_0123_144,"[[12, 24, 13, 23], [14, 18, 15, 17], [16, 22, 17, 21], [1, 19, 2, 18], [20, 16, 21, 15], [22, 8, 23, 7], [24, 5, 1, 6], [19, 3, 20, 2], [4, 10, 5, 9], [6, 14, 7, 13], [8, 11, 9, 12], [10, 4, 11, 3]]"
12n_0123_145,"[[10, 4, 11, 3], [12, 24, 13, 23], [14, 18, 15, 17], [16, 22, 17, 21], [1, 19, 2, 18], [20, 16, 21, 15], [22, 8, 23, 7], [24, 5, 1, 6], [19, 3, 20, 2], [4, 10, 5, 9], [6, 14, 7, 13], [8, 11, 9, 12]]"
12n_0123_146,"[[8, 11, 9, 12], [10, 4, 11, 3], [12, 24, 13, 23], [14, 18, 15, 17], [16, 22, 17, 21], [1, 19, 2, 18], [20, 16, 21, 15], [22, 8, 23, 7], [24, 5, 1, 6], [19, 3, 20, 2], [4, 10, 5, 9], [6, 14, 7, 13]]"
12n_0123_147,"[[6, 14, 7, 13], [8, 11, 9, 12], [10, 4, 11, 3], [12, 24, 13, 23], [14, 18, 15, 17], [16, 22, 17, 21], [1, 19, 2, 18], [20, 16, 21, 15], [22, 8, 23, 7], [24, 5, 1, 6], [19, 3, 20, 2], [4, 10, 5, 9]]"
12n_0123_148,"[[4, 10, 5, 9], [6, 14, 7, 13], [8, 11, 9, 12], [10, 4, 11, 3], [12, 24, 13, 23], [14, 18, 15, 17], [16, 22, 17, 21], [1, 19, 2, 18], [20, 16, 21, 15], [22, 8, 23, 7], [24, 5, 1, 6], [19, 3, 20, 2]]"
12n_0123_149,"[[19, 3, 20, 2], [4, 10, 5, 9], [6, 14, 7, 13], [8, 11, 9, 12], [10, 4, 11, 3], [12, 24, 13, 23], [14, 18, 15, 17], [16, 22, 17, 21], [1, 19, 2, 18], [20, 16, 21, 15], [22, 8, 23, 7], [24, 5, 1, 6]]"
12n_0123_150,"[[24, 5, 1, 6], [19, 3, 20, 2], [4, 10, 5, 9], [6, 14, 7, 13], [8, 11, 9, 12], [10, 4, 11, 3], [12, 24, 13, 23], [14, 18, 15, 17], [16, 22, 17, 21], [1, 19, 2, 18], [20, 16, 21, 15], [22, 8, 23, 7]]"
12n_0123_151,"[[22, 8, 23, 7], [24, 5, 1, 6], [19, 3, 20, 2], [4, 10, 5, 9], [6, 14, 7, 13], [8, 11, 9, 12], [10, 4, 11, 3], [12, 24, 13, 23], [14, 18, 15, 17], [16, 22, 17, 21], [1, 19, 2, 18], [20, 16, 21, 15]]"
12n_0123_152,"[[20, 16, 21, 15], [22, 8, 23, 7], [24, 5, 1, 6], [19, 3, 20, 2], [4, 10, 5, 9], [6, 14, 7, 13], [8, 11, 9, 12], [10, 4, 11, 3], [12, 24, 13, 23], [14, 18, 15, 17], [16, 22, 17, 21], [1, 19, 2, 18]]"
12n_0123_153,"[[1, 19, 2, 18], [20, 16, 21, 15], [22, 8, 23, 7], [24, 5, 1, 6], [19, 3, 20, 2], [4, 10, 5, 9], [6, 14, 7, 13], [8, 11, 9, 12], [10, 4, 11, 3], [12, 24, 13, 23], [14, 18, 15, 17], [16, 22, 17, 21]]"
12n_0123_154,"[[16, 22, 17, 21], [1, 19, 2, 18], [20, 16, 21, 15], [22, 8, 23, 7], [24, 5, 1, 6], [19, 3, 20, 2], [4, 10, 5, 9], [6, 14, 7, 13], [8, 11, 9, 12], [10, 4, 11, 3], [12, 24, 13, 23], [14, 18, 15, 17]]"
12n_0123_155,"[[14, 18, 15, 17], [16, 22, 17, 21], [1, 19, 2, 18], [20, 16, 21, 15], [22, 8, 23, 7], [24, 5, 1, 6], [19, 3, 20, 2], [4, 10, 5, 9], [6, 14, 7, 13], [8, 11, 9, 12], [10, 4, 11, 3], [12, 24, 13, 23]]"
12n_0123_156,"[[13, 1, 14, 24], [15, 19, 16, 18], [17, 23, 18, 22], [2, 20, 3, 19], [21, 17, 22, 16], [23, 9, 24, 8], [1, 6, 2, 7], [20, 4, 21, 3], [5, 11, 6, 10], [7, 15, 8, 14], [9, 12, 10, 13], [11, 5, 12, 4]]"
12n_0123_157,"[[11, 5, 12, 4], [13, 1, 14, 24], [15, 19, 16, 18], [17, 23, 18, 22], [2, 20, 3, 19], [21, 17, 22, 16], [23, 9, 24, 8], [1, 6, 2, 7], [20, 4, 21, 3], [5, 11, 6, 10], [7, 15, 8, 14], [9, 12, 10, 13]]"
12n_0123_158,"[[9, 12, 10, 13], [11, 5, 12, 4], [13, 1, 14, 24], [15, 19, 16, 18], [17, 23, 18, 22], [2, 20, 3, 19], [21, 17, 22, 16], [23, 9, 24, 8], [1, 6, 2, 7], [20, 4, 21, 3], [5, 11, 6, 10], [7, 15, 8, 14]]"
12n_0123_159,"[[7, 15, 8, 14], [9, 12, 10, 13], [11, 5, 12, 4], [13, 1, 14, 24], [15, 19, 16, 18], [17, 23, 18, 22], [2, 20, 3, 19], [21, 17, 22, 16], [23, 9, 24, 8], [1, 6, 2, 7], [20, 4, 21, 3], [5, 11, 6, 10]]"
12n_0123_160,"[[5, 11, 6, 10], [7, 15, 8, 14], [9, 12, 10, 13], [11, 5, 12, 4], [13, 1, 14, 24], [15, 19, 16, 18], [17, 23, 18, 22], [2, 20, 3, 19], [21, 17, 22, 16], [23, 9, 24, 8], [1, 6, 2, 7], [20, 4, 21, 3]]"
12n_0123_161,"[[20, 4, 21, 3], [5, 11, 6, 10], [7, 15, 8, 14], [9, 12, 10, 13], [11, 5, 12, 4], [13, 1, 14, 24], [15, 19, 16, 18], [17, 23, 18, 22], [2, 20, 3, 19], [21, 17, 22, 16], [23, 9, 24, 8], [1, 6, 2, 7]]"
12n_0123_162,"[[1, 6, 2, 7], [20, 4, 21, 3], [5, 11, 6, 10], [7, 15, 8, 14], [9, 12, 10, 13], [11, 5, 12, 4], [13, 1, 14, 24], [15, 19, 16, 18], [17, 23, 18, 22], [2, 20, 3, 19], [21, 17, 22, 16], [23, 9, 24, 8]]"
12n_0123_163,"[[23, 9, 24, 8], [1, 6, 2, 7], [20, 4, 21, 3], [5, 11, 6, 10], [7, 15, 8, 14], [9, 12, 10, 13], [11, 5, 12, 4], [13, 1, 14, 24], [15, 19, 16, 18], [17, 23, 18, 22], [2, 20, 3, 19], [21, 17, 22, 16]]"
12n_0123_164,"[[21, 17, 22, 16], [23, 9, 24, 8], [1, 6, 2, 7], [20, 4, 21, 3], [5, 11, 6, 10], [7, 15, 8, 14], [9, 12, 10, 13], [11, 5, 12, 4], [13, 1, 14, 24], [15, 19, 16, 18], [17, 23, 18, 22], [2, 20, 3, 19]]"
12n_0123_165,"[[2, 20, 3, 19], [21, 17, 22, 16], [23, 9, 24, 8], [1, 6, 2, 7], [20, 4, 21, 3], [5, 11, 6, 10], [7, 15, 8, 14], [9, 12, 10, 13], [11, 5, 12, 4], [13, 1, 14, 24], [15, 19, 16, 18], [17, 23, 18, 22]]"
12n_0123_166,"[[17, 23, 18, 22], [2, 20, 3, 19], [21, 17, 22, 16], [23, 9, 24, 8], [1, 6, 2, 7], [20, 4, 21, 3], [5, 11, 6, 10], [7, 15, 8, 14], [9, 12, 10, 13], [11, 5, 12, 4], [13, 1, 14, 24], [15, 19, 16, 18]]"
12n_0123_167,"[[15, 19, 16, 18], [17, 23, 18, 22], [2, 20, 3, 19], [21, 17, 22, 16], [23, 9, 24, 8], [1, 6, 2, 7], [20, 4, 21, 3], [5, 11, 6, 10], [7, 15, 8, 14], [9, 12, 10, 13], [11, 5, 12, 4], [13, 1, 14, 24]]"
12n_0123_168,"[[14, 2, 15, 1], [16, 20, 17, 19], [18, 24, 19, 23], [3, 21, 4, 20], [22, 18, 23, 17], [24, 10, 1, 9], [2, 7, 3, 8], [21, 5, 22, 4], [6, 12, 7, 11], [8, 16, 9, 15], [10, 13, 11, 14], [12, 6, 13, 5]]"
12n_0123_169,"[[12, 6, 13, 5], [14, 2, 15, 1], [16, 20, 17, 19], [18, 24, 19, 23], [3, 21, 4, 20], [22, 18, 23, 17], [24, 10, 1, 9], [2, 7, 3, 8], [21, 5, 22, 4], [6, 12, 7, 11], [8, 16, 9, 15], [10, 13, 11, 14]]"
12n_0123_170,"[[10, 13, 11, 14], [12, 6, 13, 5], [14, 2, 15, 1], [16, 20, 17, 19], [18, 24, 19, 23], [3, 21, 4, 20], [22, 18, 23, 17], [24, 10, 1, 9], [2, 7, 3, 8], [21, 5, 22, 4], [6, 12, 7, 11], [8, 16, 9, 15]]"
12n_0123_171,"[[8, 16, 9, 15], [10, 13, 11, 14], [12, 6, 13, 5], [14, 2, 15, 1], [16, 20, 17, 19], [18, 24, 19, 23], [3, 21, 4, 20], [22, 18, 23, 17], [24, 10, 1, 9], [2, 7, 3, 8], [21, 5, 22, 4], [6, 12, 7, 11]]"
12n_0123_172,"[[6, 12, 7, 11], [8, 16, 9, 15], [10, 13, 11, 14], [12, 6, 13, 5], [14, 2, 15, 1], [16, 20, 17, 19], [18, 24, 19, 23], [3, 21, 4, 20], [22, 18, 23, 17], [24, 10, 1, 9], [2, 7, 3, 8], [21, 5, 22, 4]]"
12n_0123_173,"[[21, 5, 22, 4], [6, 12, 7, 11], [8, 16, 9, 15], [10, 13, 11, 14], [12, 6, 13, 5], [14, 2, 15, 1], [16, 20, 17, 19], [18, 24, 19, 23], [3, 21, 4, 20], [22, 18, 23, 17], [24, 10, 1, 9], [2, 7, 3, 8]]"
12n_0123_174,"[[2, 7, 3, 8], [21, 5, 22, 4], [6, 12, 7, 11], [8, 16, 9, 15], [10, 13, 11, 14], [12, 6, 13, 5], [14, 2, 15, 1], [16, 20, 17, 19], [18, 24, 19, 23], [3, 21, 4, 20], [22, 18, 23, 17], [24, 10, 1, 9]]"
12n_0123_175,"[[24, 10, 1, 9], [2, 7, 3, 8], [21, 5, 22, 4], [6, 12, 7, 11], [8, 16, 9, 15], [10, 13, 11, 14], [12, 6, 13, 5], [14, 2, 15, 1], [16, 20, 17, 19], [18, 24, 19, 23], [3, 21, 4, 20], [22, 18, 23, 17]]"
12n_0123_176,"[[22, 18, 23, 17], [24, 10, 1, 9], [2, 7, 3, 8], [21, 5, 22, 4], [6, 12, 7, 11], [8, 16, 9, 15], [10, 13, 11, 14], [12, 6, 13, 5], [14, 2, 15, 1], [16, 20, 17, 19], [18, 24, 19, 23], [3, 21, 4, 20]]"
12n_0123_177,"[[3, 21, 4, 20], [22, 18, 23, 17], [24, 10, 1, 9], [2, 7, 3, 8], [21, 5, 22, 4], [6, 12, 7, 11], [8, 16, 9, 15], [10, 13, 11, 14], [12, 6, 13, 5], [14, 2, 15, 1], [16, 20, 17, 19], [18, 24, 19, 23]]"
12n_0123_178,"[[18, 24, 19, 23], [3, 21, 4, 20], [22, 18, 23, 17], [24, 10, 1, 9], [2, 7, 3, 8], [21, 5, 22, 4], [6, 12, 7, 11], [8, 16, 9, 15], [10, 13, 11, 14], [12, 6, 13, 5], [14, 2, 15, 1], [16, 20, 17, 19]]"
12n_0123_179,"[[16, 20, 17, 19], [18, 24, 19, 23], [3, 21, 4, 20], [22, 18, 23, 17], [24, 10, 1, 9], [2, 7, 3, 8], [21, 5, 22, 4], [6, 12, 7, 11], [8, 16, 9, 15], [10, 13, 11, 14], [12, 6, 13, 5], [14, 2, 15, 1]]"
12n_0123_180,"[[15, 3, 16, 2], [17, 21, 18, 20], [19, 1, 20, 24], [4, 22, 5, 21], [23, 19, 24, 18], [1, 11, 2, 10], [3, 8, 4, 9], [22, 6, 23, 5], [7, 13, 8, 12], [9, 17, 10, 16], [11, 14, 12, 15], [13, 7, 14, 6]]"
12n_0123_181,"[[13, 7, 14, 6], [15, 3, 16, 2], [17, 21, 18, 20], [19, 1, 20, 24], [4, 22, 5, 21], [23, 19, 24, 18], [1, 11, 2, 10], [3, 8, 4, 9], [22, 6, 23, 5], [7, 13, 8, 12], [9, 17, 10, 16], [11, 14, 12, 15]]"
12n_0123_182,"[[11, 14, 12, 15], [13, 7, 14, 6], [15, 3, 16, 2], [17, 21, 18, 20], [19, 1, 20, 24], [4, 22, 5, 21], [23, 19, 24, 18], [1, 11, 2, 10], [3, 8, 4, 9], [22, 6, 23, 5], [7, 13, 8, 12], [9, 17, 10, 16]]"
12n_0123_183,"[[9, 17, 10, 16], [11, 14, 12, 15], [13, 7, 14, 6], [15, 3, 16, 2], [17, 21, 18, 20], [19, 1, 20, 24], [4, 22, 5, 21], [23, 19, 24, 18], [1, 11, 2, 10], [3, 8, 4, 9], [22, 6, 23, 5], [7, 13, 8, 12]]"
12n_0123_184,"[[7, 13, 8, 12], [9, 17, 10, 16], [11, 14, 12, 15], [13, 7, 14, 6], [15, 3, 16, 2], [17, 21, 18, 20], [19, 1, 20, 24], [4, 22, 5, 21], [23, 19, 24, 18], [1, 11, 2, 10], [3, 8, 4, 9], [22, 6, 23, 5]]"
12n_0123_185,"[[22, 6, 23, 5], [7, 13, 8, 12], [9, 17, 10, 16], [11, 14, 12, 15], [13, 7, 14, 6], [15, 3, 16, 2], [17, 21, 18, 20], [19, 1, 20, 24], [4, 22, 5, 21], [23, 19, 24, 18], [1, 11, 2, 10], [3, 8, 4, 9]]"
