name,pd_notation
12n_0039_0,"[[24, 13, 1, 14], [2, 6, 3, 5], [4, 9, 5, 10], [6, 12, 7, 11], [17, 8, 18, 9], [10, 3, 11, 4], [12, 19, 13, 20], [14, 22, 15, 21], [7, 16, 8, 17], [18, 1, 19, 2], [20, 24, 21, 23], [22, 16, 23, 15]]"
12n_0039_1,"[[22, 16, 23, 15], [24, 13, 1, 14], [2, 6, 3, 5], [4, 9, 5, 10], [6, 12, 7, 11], [17, 8, 18, 9], [10, 3, 11, 4], [12, 19, 13, 20], [14, 22, 15, 21], [7, 16, 8, 17], [18, 1, 19, 2], [20, 24, 21, 23]]"
12n_0039_2,"[[20, 24, 21, 23], [22, 16, 23, 15], [24, 13, 1, 14], [2, 6, 3, 5], [4, 9, 5, 10], [6, 12, 7, 11], [17, 8, 18, 9], [10, 3, 11, 4], [12, 19, 13, 20], [14, 22, 15, 21], [7, 16, 8, 17], [18, 1, 19, 2]]"
12n_0039_3,"[[18, 1, 19, 2], [20, 24, 21, 23], [22, 16, 23, 15], [24, 13, 1, 14], [2, 6, 3, 5], [4, 9, 5, 10], [6, 12, 7, 11], [17, 8, 18, 9], [10, 3, 11, 4], [12, 19, 13, 20], [14, 22, 15, 21], [7, 16, 8, 17]]"
12n_0039_4,"[[7, 16, 8, 17], [18, 1, 19, 2], [20, 24, 21, 23], [22, 16, 23, 15], [24, 13, 1, 14], [2, 6, 3, 5], [4, 9, 5, 10], [6, 12, 7, 11], [17, 8, 18, 9], [10, 3, 11, 4], [12, 19, 13, 20], [14, 22, 15, 21]]"
12n_0039_5,"[[14, 22, 15, 21], [7, 16, 8, 17], [18, 1, 19, 2], [20, 24, 21, 23], [22, 16, 23, 15], [24, 13, 1, 14], [2, 6, 3, 5], [4, 9, 5, 10], [6, 12, 7, 11], [17, 8, 18, 9], [10, 3, 11, 4], [12, 19, 13, 20]]"
12n_0039_6,"[[12, 19, 13, 20], [14, 22, 15, 21], [7, 16, 8, 17], [18, 1, 19, 2], [20, 24, 21, 23], [22, 16, 23, 15], [24, 13, 1, 14], [2, 6, 3, 5], [4, 9, 5, 10], [6, 12, 7, 11], [17, 8, 18, 9], [10, 3, 11, 4]]"
12n_0039_7,"[[10, 3, 11, 4], [12, 19, 13, 20], [14, 22, 15, 21], [7, 16, 8, 17], [18, 1, 19, 2], [20, 24, 21, 23], [22, 16, 23, 15], [24, 13, 1, 14], [2, 6, 3, 5], [4, 9, 5, 10], [6, 12, 7, 11], [17, 8, 18, 9]]"
12n_0039_8,"[[17, 8, 18, 9], [10, 3, 11, 4], [12, 19, 13, 20], [14, 22, 15, 21], [7, 16, 8, 17], [18, 1, 19, 2], [20, 24, 21, 23], [22, 16, 23, 15], [24, 13, 1, 14], [2, 6, 3, 5], [4, 9, 5, 10], [6, 12, 7, 11]]"
12n_0039_9,"[[6, 12, 7, 11], [17, 8, 18, 9], [10, 3, 11, 4], [12, 19, 13, 20], [14, 22, 15, 21], [7, 16, 8, 17], [18, 1, 19, 2], [20, 24, 21, 23], [22, 16, 23, 15], [24, 13, 1, 14], [2, 6, 3, 5], [4, 9, 5, 10]]"
12n_0039_10,"[[4, 9, 5, 10], [6, 12, 7, 11], [17, 8, 18, 9], [10, 3, 11, 4], [12, 19, 13, 20], [14, 22, 15, 21], [7, 16, 8, 17], [18, 1, 19, 2], [20, 24, 21, 23], [22, 16, 23, 15], [24, 13, 1, 14], [2, 6, 3, 5]]"
12n_0039_11,"[[2, 6, 3, 5], [4, 9, 5, 10], [6, 12, 7, 11], [17, 8, 18, 9], [10, 3, 11, 4], [12, 19, 13, 20], [14, 22, 15, 21], [7, 16, 8, 17], [18, 1, 19, 2], [20, 24, 21, 23], [22, 16, 23, 15], [24, 13, 1, 14]]"
12n_0039_12,"[[1, 14, 2, 15], [3, 7, 4, 6], [5, 10, 6, 11], [7, 13, 8, 12], [18, 9, 19, 10], [11, 4, 12, 5], [13, 20, 14, 21], [15, 23, 16, 22], [8, 17, 9, 18], [19, 2, 20, 3], [21, 1, 22, 24], [23, 17, 24, 16]]"
12n_0039_13,"[[23, 17, 24, 16], [1, 14, 2, 15], [3, 7, 4, 6], [5, 10, 6, 11], [7, 13, 8, 12], [18, 9, 19, 10], [11, 4, 12, 5], [13, 20, 14, 21], [15, 23, 16, 22], [8, 17, 9, 18], [19, 2, 20, 3], [21, 1, 22, 24]]"
12n_0039_14,"[[21, 1, 22, 24], [23, 17, 24, 16], [1, 14, 2, 15], [3, 7, 4, 6], [5, 10, 6, 11], [7, 13, 8, 12], [18, 9, 19, 10], [11, 4, 12, 5], [13, 20, 14, 21], [15, 23, 16, 22], [8, 17, 9, 18], [19, 2, 20, 3]]"
12n_0039_15,"[[19, 2, 20, 3], [21, 1, 22, 24], [23, 17, 24, 16], [1, 14, 2, 15], [3, 7, 4, 6], [5, 10, 6, 11], [7, 13, 8, 12], [18, 9, 19, 10], [11, 4, 12, 5], [13, 20, 14, 21], [15, 23, 16, 22], [8, 17, 9, 18]]"
12n_0039_16,"[[8, 17, 9, 18], [19, 2, 20, 3], [21, 1, 22, 24], [23, 17, 24, 16], [1, 14, 2, 15], [3, 7, 4, 6], [5, 10, 6, 11], [7, 13, 8, 12], [18, 9, 19, 10], [11, 4, 12, 5], [13, 20, 14, 21], [15, 23, 16, 22]]"
12n_0039_17,"[[15, 23, 16, 22], [8, 17, 9, 18], [19, 2, 20, 3], [21, 1, 22, 24], [23, 17, 24, 16], [1, 14, 2, 15], [3, 7, 4, 6], [5, 10, 6, 11], [7, 13, 8, 12], [18, 9, 19, 10], [11, 4, 12, 5], [13, 20, 14, 21]]"
12n_0039_18,"[[13, 20, 14, 21], [15, 23, 16, 22], [8, 17, 9, 18], [19, 2, 20, 3], [21, 1, 22, 24], [23, 17, 24, 16], [1, 14, 2, 15], [3, 7, 4, 6], [5, 10, 6, 11], [7, 13, 8, 12], [18, 9, 19, 10], [11, 4, 12, 5]]"
12n_0039_19,"[[11, 4, 12, 5], [13, 20, 14, 21], [15, 23, 16, 22], [8, 17, 9, 18], [19, 2, 20, 3], [21, 1, 22, 24], [23, 17, 24, 16], [1, 14, 2, 15], [3, 7, 4, 6], [5, 10, 6, 11], [7, 13, 8, 12], [18, 9, 19, 10]]"
12n_0039_20,"[[18, 9, 19, 10], [11, 4, 12, 5], [13, 20, 14, 21], [15, 23, 16, 22], [8, 17, 9, 18], [19, 2, 20, 3], [21, 1, 22, 24], [23, 17, 24, 16], [1, 14, 2, 15], [3, 7, 4, 6], [5, 10, 6, 11], [7, 13, 8, 12]]"
12n_0039_21,"[[7, 13, 8, 12], [18, 9, 19, 10], [11, 4, 12, 5], [13, 20, 14, 21], [15, 23, 16, 22], [8, 17, 9, 18], [19, 2, 20, 3], [21, 1, 22, 24], [23, 17, 24, 16], [1, 14, 2, 15], [3, 7, 4, 6], [5, 10, 6, 11]]"
12n_0039_22,"[[5, 10, 6, 11], [7, 13, 8, 12], [18, 9, 19, 10], [11, 4, 12, 5], [13, 20, 14, 21], [15, 23, 16, 22], [8, 17, 9, 18], [19, 2, 20, 3], [21, 1, 22, 24], [23, 17, 24, 16], [1, 14, 2, 15], [3, 7, 4, 6]]"
12n_0039_23,"[[3, 7, 4, 6], [5, 10, 6, 11], [7, 13, 8, 12], [18, 9, 19, 10], [11, 4, 12, 5], [13, 20, 14, 21], [15, 23, 16, 22], [8, 17, 9, 18], [19, 2, 20, 3], [21, 1, 22, 24], [23, 17, 24, 16], [1, 14, 2, 15]]"
12n_0039_24,"[[2, 15, 3, 16], [4, 8, 5, 7], [6, 11, 7, 12], [8, 14, 9, 13], [19, 10, 20, 11], [12, 5, 13, 6], [14, 21, 15, 22], [16, 24, 17, 23], [9, 18, 10, 19], [20, 3, 21, 4], [22, 2, 23, 1], [24, 18, 1, 17]]"
12n_0039_25,"[[24, 18, 1, 17], [2, 15, 3, 16], [4, 8, 5, 7], [6, 11, 7, 12], [8, 14, 9, 13], [19, 10, 20, 11], [12, 5, 13, 6], [14, 21, 15, 22], [16, 24, 17, 23], [9, 18, 10, 19], [20, 3, 21, 4], [22, 2, 23, 1]]"
12n_0039_26,"[[22, 2, 23, 1], [24, 18, 1, 17], [2, 15, 3, 16], [4, 8, 5, 7], [6, 11, 7, 12], [8, 14, 9, 13], [19, 10, 20, 11], [12, 5, 13, 6], [14, 21, 15, 22], [16, 24, 17, 23], [9, 18, 10, 19], [20, 3, 21, 4]]"
12n_0039_27,"[[20, 3, 21, 4], [22, 2, 23, 1], [24, 18, 1, 17], [2, 15, 3, 16], [4, 8, 5, 7], [6, 11, 7, 12], [8, 14, 9, 13], [19, 10, 20, 11], [12, 5, 13, 6], [14, 21, 15, 22], [16, 24, 17, 23], [9, 18, 10, 19]]"
12n_0039_28,"[[9, 18, 10, 19], [20, 3, 21, 4], [22, 2, 23, 1], [24, 18, 1, 17], [2, 15, 3, 16], [4, 8, 5, 7], [6, 11, 7, 12], [8, 14, 9, 13], [19, 10, 20, 11], [12, 5, 13, 6], [14, 21, 15, 22], [16, 24, 17, 23]]"
12n_0039_29,"[[16, 24, 17, 23], [9, 18, 10, 19], [20, 3, 21, 4], [22, 2, 23, 1], [24, 18, 1, 17], [2, 15, 3, 16], [4, 8, 5, 7], [6, 11, 7, 12], [8, 14, 9, 13], [19, 10, 20, 11], [12, 5, 13, 6], [14, 21, 15, 22]]"
12n_0039_30,"[[14, 21, 15, 22], [16, 24, 17, 23], [9, 18, 10, 19], [20, 3, 21, 4], [22, 2, 23, 1], [24, 18, 1, 17], [2, 15, 3, 16], [4, 8, 5, 7], [6, 11, 7, 12], [8, 14, 9, 13], [19, 10, 20, 11], [12, 5, 13, 6]]"
12n_0039_31,"[[12, 5, 13, 6], [14, 21, 15, 22], [16, 24, 17, 23], [9, 18, 10, 19], [20, 3, 21, 4], [22, 2, 23, 1], [24, 18, 1, 17], [2, 15, 3, 16], [4, 8, 5, 7], [6, 11, 7, 12], [8, 14, 9, 13], [19, 10, 20, 11]]"
12n_0039_32,"[[19, 10, 20, 11], [12, 5, 13, 6], [14, 21, 15, 22], [16, 24, 17, 23], [9, 18, 10, 19], [20, 3, 21, 4], [22, 2, 23, 1], [24, 18, 1, 17], [2, 15, 3, 16], [4, 8, 5, 7], [6, 11, 7, 12], [8, 14, 9, 13]]"
12n_0039_33,"[[8, 14, 9, 13], [19, 10, 20, 11], [12, 5, 13, 6], [14, 21, 15, 22], [16, 24, 17, 23], [9, 18, 10, 19], [20, 3, 21, 4], [22, 2, 23, 1], [24, 18, 1, 17], [2, 15, 3, 16], [4, 8, 5, 7], [6, 11, 7, 12]]"
12n_0039_34,"[[6, 11, 7, 12], [8, 14, 9, 13], [19, 10, 20, 11], [12, 5, 13, 6], [14, 21, 15, 22], [16, 24, 17, 23], [9, 18, 10, 19], [20, 3, 21, 4], [22, 2, 23, 1], [24, 18, 1, 17], [2, 15, 3, 16], [4, 8, 5, 7]]"
12n_0039_35,"[[4, 8, 5, 7], [6, 11, 7, 12], [8, 14, 9, 13], [19, 10, 20, 11], [12, 5, 13, 6], [14, 21, 15, 22], [16, 24, 17, 23], [9, 18, 10, 19], [20, 3, 21, 4], [22, 2, 23, 1], [24, 18, 1, 17], [2, 15, 3, 16]]"
12n_0039_36,"[[3, 16, 4, 17], [5, 9, 6, 8], [7, 12, 8, 13], [9, 15, 10, 14], [20, 11, 21, 12], [13, 6, 14, 7], [15, 22, 16, 23], [17, 1, 18, 24], [10, 19, 11, 20], [21, 4, 22, 5], [23, 3, 24, 2], [1, 19, 2, 18]]"
12n_0039_37,"[[1, 19, 2, 18], [3, 16, 4, 17], [5, 9, 6, 8], [7, 12, 8, 13], [9, 15, 10, 14], [20, 11, 21, 12], [13, 6, 14, 7], [15, 22, 16, 23], [17, 1, 18, 24], [10, 19, 11, 20], [21, 4, 22, 5], [23, 3, 24, 2]]"
12n_0039_38,"[[23, 3, 24, 2], [1, 19, 2, 18], [3, 16, 4, 17], [5, 9, 6, 8], [7, 12, 8, 13], [9, 15, 10, 14], [20, 11, 21, 12], [13, 6, 14, 7], [15, 22, 16, 23], [17, 1, 18, 24], [10, 19, 11, 20], [21, 4, 22, 5]]"
12n_0039_39,"[[21, 4, 22, 5], [23, 3, 24, 2], [1, 19, 2, 18], [3, 16, 4, 17], [5, 9, 6, 8], [7, 12, 8, 13], [9, 15, 10, 14], [20, 11, 21, 12], [13, 6, 14, 7], [15, 22, 16, 23], [17, 1, 18, 24], [10, 19, 11, 20]]"
12n_0039_40,"[[10, 19, 11, 20], [21, 4, 22, 5], [23, 3, 24, 2], [1, 19, 2, 18], [3, 16, 4, 17], [5, 9, 6, 8], [7, 12, 8, 13], [9, 15, 10, 14], [20, 11, 21, 12], [13, 6, 14, 7], [15, 22, 16, 23], [17, 1, 18, 24]]"
12n_0039_41,"[[17, 1, 18, 24], [10, 19, 11, 20], [21, 4, 22, 5], [23, 3, 24, 2], [1, 19, 2, 18], [3, 16, 4, 17], [5, 9, 6, 8], [7, 12, 8, 13], [9, 15, 10, 14], [20, 11, 21, 12], [13, 6, 14, 7], [15, 22, 16, 23]]"
12n_0039_42,"[[15, 22, 16, 23], [17, 1, 18, 24], [10, 19, 11, 20], [21, 4, 22, 5], [23, 3, 24, 2], [1, 19, 2, 18], [3, 16, 4, 17], [5, 9, 6, 8], [7, 12, 8, 13], [9, 15, 10, 14], [20, 11, 21, 12], [13, 6, 14, 7]]"
12n_0039_43,"[[13, 6, 14, 7], [15, 22, 16, 23], [17, 1, 18, 24], [10, 19, 11, 20], [21, 4, 22, 5], [23, 3, 24, 2], [1, 19, 2, 18], [3, 16, 4, 17], [5, 9, 6, 8], [7, 12, 8, 13], [9, 15, 10, 14], [20, 11, 21, 12]]"
12n_0039_44,"[[20, 11, 21, 12], [13, 6, 14, 7], [15, 22, 16, 23], [17, 1, 18, 24], [10, 19, 11, 20], [21, 4, 22, 5], [23, 3, 24, 2], [1, 19, 2, 18], [3, 16, 4, 17], [5, 9, 6, 8], [7, 12, 8, 13], [9, 15, 10, 14]]"
12n_0039_45,"[[9, 15, 10, 14], [20, 11, 21, 12], [13, 6, 14, 7], [15, 22, 16, 23], [17, 1, 18, 24], [10, 19, 11, 20], [21, 4, 22, 5], [23, 3, 24, 2], [1, 19, 2, 18], [3, 16, 4, 17], [5, 9, 6, 8], [7, 12, 8, 13]]"
12n_0039_46,"[[7, 12, 8, 13], [9, 15, 10, 14], [20, 11, 21, 12], [13, 6, 14, 7], [15, 22, 16, 23], [17, 1, 18, 24], [10, 19, 11, 20], [21, 4, 22, 5], [23, 3, 24, 2], [1, 19, 2, 18], [3, 16, 4, 17], [5, 9, 6, 8]]"
12n_0039_47,"[[5, 9, 6, 8], [7, 12, 8, 13], [9, 15, 10, 14], [20, 11, 21, 12], [13, 6, 14, 7], [15, 22, 16, 23], [17, 1, 18, 24], [10, 19, 11, 20], [21, 4, 22, 5], [23, 3, 24, 2], [1, 19, 2, 18], [3, 16, 4, 17]]"
12n_0039_48,"[[4, 17, 5, 18], [6, 10, 7, 9], [8, 13, 9, 14], [10, 16, 11, 15], [21, 12, 22, 13], [14, 7, 15, 8], [16, 23, 17, 24], [18, 2, 19, 1], [11, 20, 12, 21], [22, 5, 23, 6], [24, 4, 1, 3], [2, 20, 3, 19]]"
12n_0039_49,"[[2, 20, 3, 19], [4, 17, 5, 18], [6, 10, 7, 9], [8, 13, 9, 14], [10, 16, 11, 15], [21, 12, 22, 13], [14, 7, 15, 8], [16, 23, 17, 24], [18, 2, 19, 1], [11, 20, 12, 21], [22, 5, 23, 6], [24, 4, 1, 3]]"
12n_0039_50,"[[24, 4, 1, 3], [2, 20, 3, 19], [4, 17, 5, 18], [6, 10, 7, 9], [8, 13, 9, 14], [10, 16, 11, 15], [21, 12, 22, 13], [14, 7, 15, 8], [16, 23, 17, 24], [18, 2, 19, 1], [11, 20, 12, 21], [22, 5, 23, 6]]"
12n_0039_51,"[[22, 5, 23, 6], [24, 4, 1, 3], [2, 20, 3, 19], [4, 17, 5, 18], [6, 10, 7, 9], [8, 13, 9, 14], [10, 16, 11, 15], [21, 12, 22, 13], [14, 7, 15, 8], [16, 23, 17, 24], [18, 2, 19, 1], [11, 20, 12, 21]]"
12n_0039_52,"[[11, 20, 12, 21], [22, 5, 23, 6], [24, 4, 1, 3], [2, 20, 3, 19], [4, 17, 5, 18], [6, 10, 7, 9], [8, 13, 9, 14], [10, 16, 11, 15], [21, 12, 22, 13], [14, 7, 15, 8], [16, 23, 17, 24], [18, 2, 19, 1]]"
12n_0039_53,"[[18, 2, 19, 1], [11, 20, 12, 21], [22, 5, 23, 6], [24, 4, 1, 3], [2, 20, 3, 19], [4, 17, 5, 18], [6, 10, 7, 9], [8, 13, 9, 14], [10, 16, 11, 15], [21, 12, 22, 13], [14, 7, 15, 8], [16, 23, 17, 24]]"
12n_0039_54,"[[16, 23, 17, 24], [18, 2, 19, 1], [11, 20, 12, 21], [22, 5, 23, 6], [24, 4, 1, 3], [2, 20, 3, 19], [4, 17, 5, 18], [6, 10, 7, 9], [8, 13, 9, 14], [10, 16, 11, 15], [21, 12, 22, 13], [14, 7, 15, 8]]"
12n_0039_55,"[[14, 7, 15, 8], [16, 23, 17, 24], [18, 2, 19, 1], [11, 20, 12, 21], [22, 5, 23, 6], [24, 4, 1, 3], [2, 20, 3, 19], [4, 17, 5, 18], [6, 10, 7, 9], [8, 13, 9, 14], [10, 16, 11, 15], [21, 12, 22, 13]]"
12n_0039_56,"[[21, 12, 22, 13], [14, 7, 15, 8], [16, 23, 17, 24], [18, 2, 19, 1], [11, 20, 12, 21], [22, 5, 23, 6], [24, 4, 1, 3], [2, 20, 3, 19], [4, 17, 5, 18], [6, 10, 7, 9], [8, 13, 9, 14], [10, 16, 11, 15]]"
12n_0039_57,"[[10, 16, 11, 15], [21, 12, 22, 13], [14, 7, 15, 8], [16, 23, 17, 24], [18, 2, 19, 1], [11, 20, 12, 21], [22, 5, 23, 6], [24, 4, 1, 3], [2, 20, 3, 19], [4, 17, 5, 18], [6, 10, 7, 9], [8, 13, 9, 14]]"
12n_0039_58,"[[8, 13, 9, 14], [10, 16, 11, 15], [21, 12, 22, 13], [14, 7, 15, 8], [16, 23, 17, 24], [18, 2, 19, 1], [11, 20, 12, 21], [22, 5, 23, 6], [24, 4, 1, 3], [2, 20, 3, 19], [4, 17, 5, 18], [6, 10, 7, 9]]"
12n_0039_59,"[[6, 10, 7, 9], [8, 13, 9, 14], [10, 16, 11, 15], [21, 12, 22, 13], [14, 7, 15, 8], [16, 23, 17, 24], [18, 2, 19, 1], [11, 20, 12, 21], [22, 5, 23, 6], [24, 4, 1, 3], [2, 20, 3, 19], [4, 17, 5, 18]]"
12n_0039_60,"[[5, 18, 6, 19], [7, 11, 8, 10], [9, 14, 10, 15], [11, 17, 12, 16], [22, 13, 23, 14], [15, 8, 16, 9], [17, 24, 18, 1], [19, 3, 20, 2], [12, 21, 13, 22], [23, 6, 24, 7], [1, 5, 2, 4], [3, 21, 4, 20]]"
12n_0039_61,"[[3, 21, 4, 20], [5, 18, 6, 19], [7, 11, 8, 10], [9, 14, 10, 15], [11, 17, 12, 16], [22, 13, 23, 14], [15, 8, 16, 9], [17, 24, 18, 1], [19, 3, 20, 2], [12, 21, 13, 22], [23, 6, 24, 7], [1, 5, 2, 4]]"
12n_0039_62,"[[1, 5, 2, 4], [3, 21, 4, 20], [5, 18, 6, 19], [7, 11, 8, 10], [9, 14, 10, 15], [11, 17, 12, 16], [22, 13, 23, 14], [15, 8, 16, 9], [17, 24, 18, 1], [19, 3, 20, 2], [12, 21, 13, 22], [23, 6, 24, 7]]"
12n_0039_63,"[[23, 6, 24, 7], [1, 5, 2, 4], [3, 21, 4, 20], [5, 18, 6, 19], [7, 11, 8, 10], [9, 14, 10, 15], [11, 17, 12, 16], [22, 13, 23, 14], [15, 8, 16, 9], [17, 24, 18, 1], [19, 3, 20, 2], [12, 21, 13, 22]]"
12n_0039_64,"[[12, 21, 13, 22], [23, 6, 24, 7], [1, 5, 2, 4], [3, 21, 4, 20], [5, 18, 6, 19], [7, 11, 8, 10], [9, 14, 10, 15], [11, 17, 12, 16], [22, 13, 23, 14], [15, 8, 16, 9], [17, 24, 18, 1], [19, 3, 20, 2]]"
12n_0039_65,"[[19, 3, 20, 2], [12, 21, 13, 22], [23, 6, 24, 7], [1, 5, 2, 4], [3, 21, 4, 20], [5, 18, 6, 19], [7, 11, 8, 10], [9, 14, 10, 15], [11, 17, 12, 16], [22, 13, 23, 14], [15, 8, 16, 9], [17, 24, 18, 1]]"
12n_0039_66,"[[17, 24, 18, 1], [19, 3, 20, 2], [12, 21, 13, 22], [23, 6, 24, 7], [1, 5, 2, 4], [3, 21, 4, 20], [5, 18, 6, 19], [7, 11, 8, 10], [9, 14, 10, 15], [11, 17, 12, 16], [22, 13, 23, 14], [15, 8, 16, 9]]"
12n_0039_67,"[[15, 8, 16, 9], [17, 24, 18, 1], [19, 3, 20, 2], [12, 21, 13, 22], [23, 6, 24, 7], [1, 5, 2, 4], [3, 21, 4, 20], [5, 18, 6, 19], [7, 11, 8, 10], [9, 14, 10, 15], [11, 17, 12, 16], [22, 13, 23, 14]]"
12n_0039_68,"[[22, 13, 23, 14], [15, 8, 16, 9], [17, 24, 18, 1], [19, 3, 20, 2], [12, 21, 13, 22], [23, 6, 24, 7], [1, 5, 2, 4], [3, 21, 4, 20], [5, 18, 6, 19], [7, 11, 8, 10], [9, 14, 10, 15], [11, 17, 12, 16]]"
12n_0039_69,"[[11, 17, 12, 16], [22, 13, 23, 14], [15, 8, 16, 9], [17, 24, 18, 1], [19, 3, 20, 2], [12, 21, 13, 22], [23, 6, 24, 7], [1, 5, 2, 4], [3, 21, 4, 20], [5, 18, 6, 19], [7, 11, 8, 10], [9, 14, 10, 15]]"
12n_0039_70,"[[9, 14, 10, 15], [11, 17, 12, 16], [22, 13, 23, 14], [15, 8, 16, 9], [17, 24, 18, 1], [19, 3, 20, 2], [12, 21, 13, 22], [23, 6, 24, 7], [1, 5, 2, 4], [3, 21, 4, 20], [5, 18, 6, 19], [7, 11, 8, 10]]"
12n_0039_71,"[[7, 11, 8, 10], [9, 14, 10, 15], [11, 17, 12, 16], [22, 13, 23, 14], [15, 8, 16, 9], [17, 24, 18, 1], [19, 3, 20, 2], [12, 21, 13, 22], [23, 6, 24, 7], [1, 5, 2, 4], [3, 21, 4, 20], [5, 18, 6, 19]]"
12n_0039_72,"[[6, 19, 7, 20], [8, 12, 9, 11], [10, 15, 11, 16], [12, 18, 13, 17], [23, 14, 24, 15], [16, 9, 17, 10], [18, 1, 19, 2], [20, 4, 21, 3], [13, 22, 14, 23], [24, 7, 1, 8], [2, 6, 3, 5], [4, 22, 5, 21]]"
12n_0039_73,"[[4, 22, 5, 21], [6, 19, 7, 20], [8, 12, 9, 11], [10, 15, 11, 16], [12, 18, 13, 17], [23, 14, 24, 15], [16, 9, 17, 10], [18, 1, 19, 2], [20, 4, 21, 3], [13, 22, 14, 23], [24, 7, 1, 8], [2, 6, 3, 5]]"
12n_0039_74,"[[2, 6, 3, 5], [4, 22, 5, 21], [6, 19, 7, 20], [8, 12, 9, 11], [10, 15, 11, 16], [12, 18, 13, 17], [23, 14, 24, 15], [16, 9, 17, 10], [18, 1, 19, 2], [20, 4, 21, 3], [13, 22, 14, 23], [24, 7, 1, 8]]"
12n_0039_75,"[[24, 7, 1, 8], [2, 6, 3, 5], [4, 22, 5, 21], [6, 19, 7, 20], [8, 12, 9, 11], [10, 15, 11, 16], [12, 18, 13, 17], [23, 14, 24, 15], [16, 9, 17, 10], [18, 1, 19, 2], [20, 4, 21, 3], [13, 22, 14, 23]]"
12n_0039_76,"[[13, 22, 14, 23], [24, 7, 1, 8], [2, 6, 3, 5], [4, 22, 5, 21], [6, 19, 7, 20], [8, 12, 9, 11], [10, 15, 11, 16], [12, 18, 13, 17], [23, 14, 24, 15], [16, 9, 17, 10], [18, 1, 19, 2], [20, 4, 21, 3]]"
12n_0039_77,"[[20, 4, 21, 3], [13, 22, 14, 23], [24, 7, 1, 8], [2, 6, 3, 5], [4, 22, 5, 21], [6, 19, 7, 20], [8, 12, 9, 11], [10, 15, 11, 16], [12, 18, 13, 17], [23, 14, 24, 15], [16, 9, 17, 10], [18, 1, 19, 2]]"
12n_0039_78,"[[18, 1, 19, 2], [20, 4, 21, 3], [13, 22, 14, 23], [24, 7, 1, 8], [2, 6, 3, 5], [4, 22, 5, 21], [6, 19, 7, 20], [8, 12, 9, 11], [10, 15, 11, 16], [12, 18, 13, 17], [23, 14, 24, 15], [16, 9, 17, 10]]"
12n_0039_79,"[[16, 9, 17, 10], [18, 1, 19, 2], [20, 4, 21, 3], [13, 22, 14, 23], [24, 7, 1, 8], [2, 6, 3, 5], [4, 22, 5, 21], [6, 19, 7, 20], [8, 12, 9, 11], [10, 15, 11, 16], [12, 18, 13, 17], [23, 14, 24, 15]]"
12n_0039_80,"[[23, 14, 24, 15], [16, 9, 17, 10], [18, 1, 19, 2], [20, 4, 21, 3], [13, 22, 14, 23], [24, 7, 1, 8], [2, 6, 3, 5], [4, 22, 5, 21], [6, 19, 7, 20], [8, 12, 9, 11], [10, 15, 11, 16], [12, 18, 13, 17]]"
12n_0039_81,"[[12, 18, 13, 17], [23, 14, 24, 15], [16, 9, 17, 10], [18, 1, 19, 2], [20, 4, 21, 3], [13, 22, 14, 23], [24, 7, 1, 8], [2, 6, 3, 5], [4, 22, 5, 21], [6, 19, 7, 20], [8, 12, 9, 11], [10, 15, 11, 16]]"
12n_0039_82,"[[10, 15, 11, 16], [12, 18, 13, 17], [23, 14, 24, 15], [16, 9, 17, 10], [18, 1, 19, 2], [20, 4, 21, 3], [13, 22, 14, 23], [24, 7, 1, 8], [2, 6, 3, 5], [4, 22, 5, 21], [6, 19, 7, 20], [8, 12, 9, 11]]"
12n_0039_83,"[[8, 12, 9, 11], [10, 15, 11, 16], [12, 18, 13, 17], [23, 14, 24, 15], [16, 9, 17, 10], [18, 1, 19, 2], [20, 4, 21, 3], [13, 22, 14, 23], [24, 7, 1, 8], [2, 6, 3, 5], [4, 22, 5, 21], [6, 19, 7, 20]]"
12n_0039_84,"[[7, 20, 8, 21], [9, 13, 10, 12], [11, 16, 12, 17], [13, 19, 14, 18], [24, 15, 1, 16], [17, 10, 18, 11], [19, 2, 20, 3], [21, 5, 22, 4], [14, 23, 15, 24], [1, 8, 2, 9], [3, 7, 4, 6], [5, 23, 6, 22]]"
12n_0039_85,"[[5, 23, 6, 22], [7, 20, 8, 21], [9, 13, 10, 12], [11, 16, 12, 17], [13, 19, 14, 18], [24, 15, 1, 16], [17, 10, 18, 11], [19, 2, 20, 3], [21, 5, 22, 4], [14, 23, 15, 24], [1, 8, 2, 9], [3, 7, 4, 6]]"
12n_0039_86,"[[3, 7, 4, 6], [5, 23, 6, 22], [7, 20, 8, 21], [9, 13, 10, 12], [11, 16, 12, 17], [13, 19, 14, 18], [24, 15, 1, 16], [17, 10, 18, 11], [19, 2, 20, 3], [21, 5, 22, 4], [14, 23, 15, 24], [1, 8, 2, 9]]"
12n_0039_87,"[[1, 8, 2, 9], [3, 7, 4, 6], [5, 23, 6, 22], [7, 20, 8, 21], [9, 13, 10, 12], [11, 16, 12, 17], [13, 19, 14, 18], [24, 15, 1, 16], [17, 10, 18, 11], [19, 2, 20, 3], [21, 5, 22, 4], [14, 23, 15, 24]]"
12n_0039_88,"[[14, 23, 15, 24], [1, 8, 2, 9], [3, 7, 4, 6], [5, 23, 6, 22], [7, 20, 8, 21], [9, 13, 10, 12], [11, 16, 12, 17], [13, 19, 14, 18], [24, 15, 1, 16], [17, 10, 18, 11], [19, 2, 20, 3], [21, 5, 22, 4]]"
12n_0039_89,"[[21, 5, 22, 4], [14, 23, 15, 24], [1, 8, 2, 9], [3, 7, 4, 6], [5, 23, 6, 22], [7, 20, 8, 21], [9, 13, 10, 12], [11, 16, 12, 17], [13, 19, 14, 18], [24, 15, 1, 16], [17, 10, 18, 11], [19, 2, 20, 3]]"
12n_0039_90,"[[19, 2, 20, 3], [21, 5, 22, 4], [14, 23, 15, 24], [1, 8, 2, 9], [3, 7, 4, 6], [5, 23, 6, 22], [7, 20, 8, 21], [9, 13, 10, 12], [11, 16, 12, 17], [13, 19, 14, 18], [24, 15, 1, 16], [17, 10, 18, 11]]"
12n_0039_91,"[[17, 10, 18, 11], [19, 2, 20, 3], [21, 5, 22, 4], [14, 23, 15, 24], [1, 8, 2, 9], [3, 7, 4, 6], [5, 23, 6, 22], [7, 20, 8, 21], [9, 13, 10, 12], [11, 16, 12, 17], [13, 19, 14, 18], [24, 15, 1, 16]]"
12n_0039_92,"[[24, 15, 1, 16], [17, 10, 18, 11], [19, 2, 20, 3], [21, 5, 22, 4], [14, 23, 15, 24], [1, 8, 2, 9], [3, 7, 4, 6], [5, 23, 6, 22], [7, 20, 8, 21], [9, 13, 10, 12], [11, 16, 12, 17], [13, 19, 14, 18]]"
12n_0039_93,"[[13, 19, 14, 18], [24, 15, 1, 16], [17, 10, 18, 11], [19, 2, 20, 3], [21, 5, 22, 4], [14, 23, 15, 24], [1, 8, 2, 9], [3, 7, 4, 6], [5, 23, 6, 22], [7, 20, 8, 21], [9, 13, 10, 12], [11, 16, 12, 17]]"
12n_0039_94,"[[11, 16, 12, 17], [13, 19, 14, 18], [24, 15, 1, 16], [17, 10, 18, 11], [19, 2, 20, 3], [21, 5, 22, 4], [14, 23, 15, 24], [1, 8, 2, 9], [3, 7, 4, 6], [5, 23, 6, 22], [7, 20, 8, 21], [9, 13, 10, 12]]"
12n_0039_95,"[[9, 13, 10, 12], [11, 16, 12, 17], [13, 19, 14, 18], [24, 15, 1, 16], [17, 10, 18, 11], [19, 2, 20, 3], [21, 5, 22, 4], [14, 23, 15, 24], [1, 8, 2, 9], [3, 7, 4, 6], [5, 23, 6, 22], [7, 20, 8, 21]]"
12n_0039_96,"[[8, 21, 9, 22], [10, 14, 11, 13], [12, 17, 13, 18], [14, 20, 15, 19], [1, 16, 2, 17], [18, 11, 19, 12], [20, 3, 21, 4], [22, 6, 23, 5], [15, 24, 16, 1], [2, 9, 3, 10], [4, 8, 5, 7], [6, 24, 7, 23]]"
12n_0039_97,"[[6, 24, 7, 23], [8, 21, 9, 22], [10, 14, 11, 13], [12, 17, 13, 18], [14, 20, 15, 19], [1, 16, 2, 17], [18, 11, 19, 12], [20, 3, 21, 4], [22, 6, 23, 5], [15, 24, 16, 1], [2, 9, 3, 10], [4, 8, 5, 7]]"
12n_0039_98,"[[4, 8, 5, 7], [6, 24, 7, 23], [8, 21, 9, 22], [10, 14, 11, 13], [12, 17, 13, 18], [14, 20, 15, 19], [1, 16, 2, 17], [18, 11, 19, 12], [20, 3, 21, 4], [22, 6, 23, 5], [15, 24, 16, 1], [2, 9, 3, 10]]"
12n_0039_99,"[[2, 9, 3, 10], [4, 8, 5, 7], [6, 24, 7, 23], [8, 21, 9, 22], [10, 14, 11, 13], [12, 17, 13, 18], [14, 20, 15, 19], [1, 16, 2, 17], [18, 11, 19, 12], [20, 3, 21, 4], [22, 6, 23, 5], [15, 24, 16, 1]]"
12n_0039_100,"[[15, 24, 16, 1], [2, 9, 3, 10], [4, 8, 5, 7], [6, 24, 7, 23], [8, 21, 9, 22], [10, 14, 11, 13], [12, 17, 13, 18], [14, 20, 15, 19], [1, 16, 2, 17], [18, 11, 19, 12], [20, 3, 21, 4], [22, 6, 23, 5]]"
12n_0039_101,"[[22, 6, 23, 5], [15, 24, 16, 1], [2, 9, 3, 10], [4, 8, 5, 7], [6, 24, 7, 23], [8, 21, 9, 22], [10, 14, 11, 13], [12, 17, 13, 18], [14, 20, 15, 19], [1, 16, 2, 17], [18, 11, 19, 12], [20, 3, 21, 4]]"
12n_0039_102,"[[20, 3, 21, 4], [22, 6, 23, 5], [15, 24, 16, 1], [2, 9, 3, 10], [4, 8, 5, 7], [6, 24, 7, 23], [8, 21, 9, 22], [10, 14, 11, 13], [12, 17, 13, 18], [14, 20, 15, 19], [1, 16, 2, 17], [18, 11, 19, 12]]"
12n_0039_103,"[[18, 11, 19, 12], [20, 3, 21, 4], [22, 6, 23, 5], [15, 24, 16, 1], [2, 9, 3, 10], [4, 8, 5, 7], [6, 24, 7, 23], [8, 21, 9, 22], [10, 14, 11, 13], [12, 17, 13, 18], [14, 20, 15, 19], [1, 16, 2, 17]]"
12n_0039_104,"[[1, 16, 2, 17], [18, 11, 19, 12], [20, 3, 21, 4], [22, 6, 23, 5], [15, 24, 16, 1], [2, 9, 3, 10], [4, 8, 5, 7], [6, 24, 7, 23], [8, 21, 9, 22], [10, 14, 11, 13], [12, 17, 13, 18], [14, 20, 15, 19]]"
12n_0039_105,"[[14, 20, 15, 19], [1, 16, 2, 17], [18, 11, 19, 12], [20, 3, 21, 4], [22, 6, 23, 5], [15, 24, 16, 1], [2, 9, 3, 10], [4, 8, 5, 7], [6, 24, 7, 23], [8, 21, 9, 22], [10, 14, 11, 13], [12, 17, 13, 18]]"
12n_0039_106,"[[12, 17, 13, 18], [14, 20, 15, 19], [1, 16, 2, 17], [18, 11, 19, 12], [20, 3, 21, 4], [22, 6, 23, 5], [15, 24, 16, 1], [2, 9, 3, 10], [4, 8, 5, 7], [6, 24, 7, 23], [8, 21, 9, 22], [10, 14, 11, 13]]"
12n_0039_107,"[[10, 14, 11, 13], [12, 17, 13, 18], [14, 20, 15, 19], [1, 16, 2, 17], [18, 11, 19, 12], [20, 3, 21, 4], [22, 6, 23, 5], [15, 24, 16, 1], [2, 9, 3, 10], [4, 8, 5, 7], [6, 24, 7, 23], [8, 21, 9, 22]]"
12n_0039_108,"[[9, 22, 10, 23], [11, 15, 12, 14], [13, 18, 14, 19], [15, 21, 16, 20], [2, 17, 3, 18], [19, 12, 20, 13], [21, 4, 22, 5], [23, 7, 24, 6], [16, 1, 17, 2], [3, 10, 4, 11], [5, 9, 6, 8], [7, 1, 8, 24]]"
12n_0039_109,"[[7, 1, 8, 24], [9, 22, 10, 23], [11, 15, 12, 14], [13, 18, 14, 19], [15, 21, 16, 20], [2, 17, 3, 18], [19, 12, 20, 13], [21, 4, 22, 5], [23, 7, 24, 6], [16, 1, 17, 2], [3, 10, 4, 11], [5, 9, 6, 8]]"
12n_0039_110,"[[5, 9, 6, 8], [7, 1, 8, 24], [9, 22, 10, 23], [11, 15, 12, 14], [13, 18, 14, 19], [15, 21, 16, 20], [2, 17, 3, 18], [19, 12, 20, 13], [21, 4, 22, 5], [23, 7, 24, 6], [16, 1, 17, 2], [3, 10, 4, 11]]"
12n_0039_111,"[[3, 10, 4, 11], [5, 9, 6, 8], [7, 1, 8, 24], [9, 22, 10, 23], [11, 15, 12, 14], [13, 18, 14, 19], [15, 21, 16, 20], [2, 17, 3, 18], [19, 12, 20, 13], [21, 4, 22, 5], [23, 7, 24, 6], [16, 1, 17, 2]]"
12n_0039_112,"[[16, 1, 17, 2], [3, 10, 4, 11], [5, 9, 6, 8], [7, 1, 8, 24], [9, 22, 10, 23], [11, 15, 12, 14], [13, 18, 14, 19], [15, 21, 16, 20], [2, 17, 3, 18], [19, 12, 20, 13], [21, 4, 22, 5], [23, 7, 24, 6]]"
12n_0039_113,"[[23, 7, 24, 6], [16, 1, 17, 2], [3, 10, 4, 11], [5, 9, 6, 8], [7, 1, 8, 24], [9, 22, 10, 23], [11, 15, 12, 14], [13, 18, 14, 19], [15, 21, 16, 20], [2, 17, 3, 18], [19, 12, 20, 13], [21, 4, 22, 5]]"
12n_0039_114,"[[21, 4, 22, 5], [23, 7, 24, 6], [16, 1, 17, 2], [3, 10, 4, 11], [5, 9, 6, 8], [7, 1, 8, 24], [9, 22, 10, 23], [11, 15, 12, 14], [13, 18, 14, 19], [15, 21, 16, 20], [2, 17, 3, 18], [19, 12, 20, 13]]"
12n_0039_115,"[[19, 12, 20, 13], [21, 4, 22, 5], [23, 7, 24, 6], [16, 1, 17, 2], [3, 10, 4, 11], [5, 9, 6, 8], [7, 1, 8, 24], [9, 22, 10, 23], [11, 15, 12, 14], [13, 18, 14, 19], [15, 21, 16, 20], [2, 17, 3, 18]]"
12n_0039_116,"[[2, 17, 3, 18], [19, 12, 20, 13], [21, 4, 22, 5], [23, 7, 24, 6], [16, 1, 17, 2], [3, 10, 4, 11], [5, 9, 6, 8], [7, 1, 8, 24], [9, 22, 10, 23], [11, 15, 12, 14], [13, 18, 14, 19], [15, 21, 16, 20]]"
12n_0039_117,"[[15, 21, 16, 20], [2, 17, 3, 18], [19, 12, 20, 13], [21, 4, 22, 5], [23, 7, 24, 6], [16, 1, 17, 2], [3, 10, 4, 11], [5, 9, 6, 8], [7, 1, 8, 24], [9, 22, 10, 23], [11, 15, 12, 14], [13, 18, 14, 19]]"
12n_0039_118,"[[13, 18, 14, 19], [15, 21, 16, 20], [2, 17, 3, 18], [19, 12, 20, 13], [21, 4, 22, 5], [23, 7, 24, 6], [16, 1, 17, 2], [3, 10, 4, 11], [5, 9, 6, 8], [7, 1, 8, 24], [9, 22, 10, 23], [11, 15, 12, 14]]"
12n_0039_119,"[[11, 15, 12, 14], [13, 18, 14, 19], [15, 21, 16, 20], [2, 17, 3, 18], [19, 12, 20, 13], [21, 4, 22, 5], [23, 7, 24, 6], [16, 1, 17, 2], [3, 10, 4, 11], [5, 9, 6, 8], [7, 1, 8, 24], [9, 22, 10, 23]]"
12n_0039_120,"[[10, 23, 11, 24], [12, 16, 13, 15], [14, 19, 15, 20], [16, 22, 17, 21], [3, 18, 4, 19], [20, 13, 21, 14], [22, 5, 23, 6], [24, 8, 1, 7], [17, 2, 18, 3], [4, 11, 5, 12], [6, 10, 7, 9], [8, 2, 9, 1]]"
12n_0039_121,"[[8, 2, 9, 1], [10, 23, 11, 24], [12, 16, 13, 15], [14, 19, 15, 20], [16, 22, 17, 21], [3, 18, 4, 19], [20, 13, 21, 14], [22, 5, 23, 6], [24, 8, 1, 7], [17, 2, 18, 3], [4, 11, 5, 12], [6, 10, 7, 9]]"
12n_0039_122,"[[6, 10, 7, 9], [8, 2, 9, 1], [10, 23, 11, 24], [12, 16, 13, 15], [14, 19, 15, 20], [16, 22, 17, 21], [3, 18, 4, 19], [20, 13, 21, 14], [22, 5, 23, 6], [24, 8, 1, 7], [17, 2, 18, 3], [4, 11, 5, 12]]"
12n_0039_123,"[[4, 11, 5, 12], [6, 10, 7, 9], [8, 2, 9, 1], [10, 23, 11, 24], [12, 16, 13, 15], [14, 19, 15, 20], [16, 22, 17, 21], [3, 18, 4, 19], [20, 13, 21, 14], [22, 5, 23, 6], [24, 8, 1, 7], [17, 2, 18, 3]]"
12n_0039_124,"[[17, 2, 18, 3], [4, 11, 5, 12], [6, 10, 7, 9], [8, 2, 9, 1], [10, 23, 11, 24], [12, 16, 13, 15], [14, 19, 15, 20], [16, 22, 17, 21], [3, 18, 4, 19], [20, 13, 21, 14], [22, 5, 23, 6], [24, 8, 1, 7]]"
12n_0039_125,"[[24, 8, 1, 7], [17, 2, 18, 3], [4, 11, 5, 12], [6, 10, 7, 9], [8, 2, 9, 1], [10, 23, 11, 24], [12, 16, 13, 15], [14, 19, 15, 20], [16, 22, 17, 21], [3, 18, 4, 19], [20, 13, 21, 14], [22, 5, 23, 6]]"
12n_0039_126,"[[22, 5, 23, 6], [24, 8, 1, 7], [17, 2, 18, 3], [4, 11, 5, 12], [6, 10, 7, 9], [8, 2, 9, 1], [10, 23, 11, 24], [12, 16, 13, 15], [14, 19, 15, 20], [16, 22, 17, 21], [3, 18, 4, 19], [20, 13, 21, 14]]"
12n_0039_127,"[[20, 13, 21, 14], [22, 5, 23, 6], [24, 8, 1, 7], [17, 2, 18, 3], [4, 11, 5, 12], [6, 10, 7, 9], [8, 2, 9, 1], [10, 23, 11, 24], [12, 16, 13, 15], [14, 19, 15, 20], [16, 22, 17, 21], [3, 18, 4, 19]]"
12n_0039_128,"[[3, 18, 4, 19], [20, 13, 21, 14], [22, 5, 23, 6], [24, 8, 1, 7], [17, 2, 18, 3], [4, 11, 5, 12], [6, 10, 7, 9], [8, 2, 9, 1], [10, 23, 11, 24], [12, 16, 13, 15], [14, 19, 15, 20], [16, 22, 17, 21]]"
12n_0039_129,"[[16, 22, 17, 21], [3, 18, 4, 19], [20, 13, 21, 14], [22, 5, 23, 6], [24, 8, 1, 7], [17, 2, 18, 3], [4, 11, 5, 12], [6, 10, 7, 9], [8, 2, 9, 1], [10, 23, 11, 24], [12, 16, 13, 15], [14, 19, 15, 20]]"
12n_0039_130,"[[14, 19, 15, 20], [16, 22, 17, 21], [3, 18, 4, 19], [20, 13, 21, 14], [22, 5, 23, 6], [24, 8, 1, 7], [17, 2, 18, 3], [4, 11, 5, 12], [6, 10, 7, 9], [8, 2, 9, 1], [10, 23, 11, 24], [12, 16, 13, 15]]"
12n_0039_131,"[[12, 16, 13, 15], [14, 19, 15, 20], [16, 22, 17, 21], [3, 18, 4, 19], [20, 13, 21, 14], [22, 5, 23, 6], [24, 8, 1, 7], [17, 2, 18, 3], [4, 11, 5, 12], [6, 10, 7, 9], [8, 2, 9, 1], [10, 23, 11, 24]]"
12n_0039_132,"[[11, 24, 12, 1], [13, 17, 14, 16], [15, 20, 16, 21], [17, 23, 18, 22], [4, 19, 5, 20], [21, 14, 22, 15], [23, 6, 24, 7], [1, 9, 2, 8], [18, 3, 19, 4], [5, 12, 6, 13], [7, 11, 8, 10], [9, 3, 10, 2]]"
12n_0039_133,"[[9, 3, 10, 2], [11, 24, 12, 1], [13, 17, 14, 16], [15, 20, 16, 21], [17, 23, 18, 22], [4, 19, 5, 20], [21, 14, 22, 15], [23, 6, 24, 7], [1, 9, 2, 8], [18, 3, 19, 4], [5, 12, 6, 13], [7, 11, 8, 10]]"
12n_0039_134,"[[7, 11, 8, 10], [9, 3, 10, 2], [11, 24, 12, 1], [13, 17, 14, 16], [15, 20, 16, 21], [17, 23, 18, 22], [4, 19, 5, 20], [21, 14, 22, 15], [23, 6, 24, 7], [1, 9, 2, 8], [18, 3, 19, 4], [5, 12, 6, 13]]"
12n_0039_135,"[[5, 12, 6, 13], [7, 11, 8, 10], [9, 3, 10, 2], [11, 24, 12, 1], [13, 17, 14, 16], [15, 20, 16, 21], [17, 23, 18, 22], [4, 19, 5, 20], [21, 14, 22, 15], [23, 6, 24, 7], [1, 9, 2, 8], [18, 3, 19, 4]]"
12n_0039_136,"[[18, 3, 19, 4], [5, 12, 6, 13], [7, 11, 8, 10], [9, 3, 10, 2], [11, 24, 12, 1], [13, 17, 14, 16], [15, 20, 16, 21], [17, 23, 18, 22], [4, 19, 5, 20], [21, 14, 22, 15], [23, 6, 24, 7], [1, 9, 2, 8]]"
12n_0039_137,"[[1, 9, 2, 8], [18, 3, 19, 4], [5, 12, 6, 13], [7, 11, 8, 10], [9, 3, 10, 2], [11, 24, 12, 1], [13, 17, 14, 16], [15, 20, 16, 21], [17, 23, 18, 22], [4, 19, 5, 20], [21, 14, 22, 15], [23, 6, 24, 7]]"
12n_0039_138,"[[23, 6, 24, 7], [1, 9, 2, 8], [18, 3, 19, 4], [5, 12, 6, 13], [7, 11, 8, 10], [9, 3, 10, 2], [11, 24, 12, 1], [13, 17, 14, 16], [15, 20, 16, 21], [17, 23, 18, 22], [4, 19, 5, 20], [21, 14, 22, 15]]"
12n_0039_139,"[[21, 14, 22, 15], [23, 6, 24, 7], [1, 9, 2, 8], [18, 3, 19, 4], [5, 12, 6, 13], [7, 11, 8, 10], [9, 3, 10, 2], [11, 24, 12, 1], [13, 17, 14, 16], [15, 20, 16, 21], [17, 23, 18, 22], [4, 19, 5, 20]]"
12n_0039_140,"[[4, 19, 5, 20], [21, 14, 22, 15], [23, 6, 24, 7], [1, 9, 2, 8], [18, 3, 19, 4], [5, 12, 6, 13], [7, 11, 8, 10], [9, 3, 10, 2], [11, 24, 12, 1], [13, 17, 14, 16], [15, 20, 16, 21], [17, 23, 18, 22]]"
12n_0039_141,"[[17, 23, 18, 22], [4, 19, 5, 20], [21, 14, 22, 15], [23, 6, 24, 7], [1, 9, 2, 8], [18, 3, 19, 4], [5, 12, 6, 13], [7, 11, 8, 10], [9, 3, 10, 2], [11, 24, 12, 1], [13, 17, 14, 16], [15, 20, 16, 21]]"
12n_0039_142,"[[15, 20, 16, 21], [17, 23, 18, 22], [4, 19, 5, 20], [21, 14, 22, 15], [23, 6, 24, 7], [1, 9, 2, 8], [18, 3, 19, 4], [5, 12, 6, 13], [7, 11, 8, 10], [9, 3, 10, 2], [11, 24, 12, 1], [13, 17, 14, 16]]"
12n_0039_143,"[[13, 17, 14, 16], [15, 20, 16, 21], [17, 23, 18, 22], [4, 19, 5, 20], [21, 14, 22, 15], [23, 6, 24, 7], [1, 9, 2, 8], [18, 3, 19, 4], [5, 12, 6, 13], [7, 11, 8, 10], [9, 3, 10, 2], [11, 24, 12, 1]]"
12n_0039_144,"[[12, 1, 13, 2], [14, 18, 15, 17], [16, 21, 17, 22], [18, 24, 19, 23], [5, 20, 6, 21], [22, 15, 23, 16], [24, 7, 1, 8], [2, 10, 3, 9], [19, 4, 20, 5], [6, 13, 7, 14], [8, 12, 9, 11], [10, 4, 11, 3]]"
12n_0039_145,"[[10, 4, 11, 3], [12, 1, 13, 2], [14, 18, 15, 17], [16, 21, 17, 22], [18, 24, 19, 23], [5, 20, 6, 21], [22, 15, 23, 16], [24, 7, 1, 8], [2, 10, 3, 9], [19, 4, 20, 5], [6, 13, 7, 14], [8, 12, 9, 11]]"
12n_0039_146,"[[8, 12, 9, 11], [10, 4, 11, 3], [12, 1, 13, 2], [14, 18, 15, 17], [16, 21, 17, 22], [18, 24, 19, 23], [5, 20, 6, 21], [22, 15, 23, 16], [24, 7, 1, 8], [2, 10, 3, 9], [19, 4, 20, 5], [6, 13, 7, 14]]"
12n_0039_147,"[[6, 13, 7, 14], [8, 12, 9, 11], [10, 4, 11, 3], [12, 1, 13, 2], [14, 18, 15, 17], [16, 21, 17, 22], [18, 24, 19, 23], [5, 20, 6, 21], [22, 15, 23, 16], [24, 7, 1, 8], [2, 10, 3, 9], [19, 4, 20, 5]]"
12n_0039_148,"[[19, 4, 20, 5], [6, 13, 7, 14], [8, 12, 9, 11], [10, 4, 11, 3], [12, 1, 13, 2], [14, 18, 15, 17], [16, 21, 17, 22], [18, 24, 19, 23], [5, 20, 6, 21], [22, 15, 23, 16], [24, 7, 1, 8], [2, 10, 3, 9]]"
12n_0039_149,"[[2, 10, 3, 9], [19, 4, 20, 5], [6, 13, 7, 14], [8, 12, 9, 11], [10, 4, 11, 3], [12, 1, 13, 2], [14, 18, 15, 17], [16, 21, 17, 22], [18, 24, 19, 23], [5, 20, 6, 21], [22, 15, 23, 16], [24, 7, 1, 8]]"
12n_0039_150,"[[24, 7, 1, 8], [2, 10, 3, 9], [19, 4, 20, 5], [6, 13, 7, 14], [8, 12, 9, 11], [10, 4, 11, 3], [12, 1, 13, 2], [14, 18, 15, 17], [16, 21, 17, 22], [18, 24, 19, 23], [5, 20, 6, 21], [22, 15, 23, 16]]"
12n_0039_151,"[[22, 15, 23, 16], [24, 7, 1, 8], [2, 10, 3, 9], [19, 4, 20, 5], [6, 13, 7, 14], [8, 12, 9, 11], [10, 4, 11, 3], [12, 1, 13, 2], [14, 18, 15, 17], [16, 21, 17, 22], [18, 24, 19, 23], [5, 20, 6, 21]]"
12n_0039_152,"[[5, 20, 6, 21], [22, 15, 23, 16], [24, 7, 1, 8], [2, 10, 3, 9], [19, 4, 20, 5], [6, 13, 7, 14], [8, 12, 9, 11], [10, 4, 11, 3], [12, 1, 13, 2], [14, 18, 15, 17], [16, 21, 17, 22], [18, 24, 19, 23]]"
12n_0039_153,"[[18, 24, 19, 23], [5, 20, 6, 21], [22, 15, 23, 16], [24, 7, 1, 8], [2, 10, 3, 9], [19, 4, 20, 5], [6, 13, 7, 14], [8, 12, 9, 11], [10, 4, 11, 3], [12, 1, 13, 2], [14, 18, 15, 17], [16, 21, 17, 22]]"
12n_0039_154,"[[16, 21, 17, 22], [18, 24, 19, 23], [5, 20, 6, 21], [22, 15, 23, 16], [24, 7, 1, 8], [2, 10, 3, 9], [19, 4, 20, 5], [6, 13, 7, 14], [8, 12, 9, 11], [10, 4, 11, 3], [12, 1, 13, 2], [14, 18, 15, 17]]"
12n_0039_155,"[[14, 18, 15, 17], [16, 21, 17, 22], [18, 24, 19, 23], [5, 20, 6, 21], [22, 15, 23, 16], [24, 7, 1, 8], [2, 10, 3, 9], [19, 4, 20, 5], [6, 13, 7, 14], [8, 12, 9, 11], [10, 4, 11, 3], [12, 1, 13, 2]]"
12n_0039_156,"[[13, 2, 14, 3], [15, 19, 16, 18], [17, 22, 18, 23], [19, 1, 20, 24], [6, 21, 7, 22], [23, 16, 24, 17], [1, 8, 2, 9], [3, 11, 4, 10], [20, 5, 21, 6], [7, 14, 8, 15], [9, 13, 10, 12], [11, 5, 12, 4]]"
12n_0039_157,"[[11, 5, 12, 4], [13, 2, 14, 3], [15, 19, 16, 18], [17, 22, 18, 23], [19, 1, 20, 24], [6, 21, 7, 22], [23, 16, 24, 17], [1, 8, 2, 9], [3, 11, 4, 10], [20, 5, 21, 6], [7, 14, 8, 15], [9, 13, 10, 12]]"
12n_0039_158,"[[9, 13, 10, 12], [11, 5, 12, 4], [13, 2, 14, 3], [15, 19, 16, 18], [17, 22, 18, 23], [19, 1, 20, 24], [6, 21, 7, 22], [23, 16, 24, 17], [1, 8, 2, 9], [3, 11, 4, 10], [20, 5, 21, 6], [7, 14, 8, 15]]"
12n_0039_159,"[[7, 14, 8, 15], [9, 13, 10, 12], [11, 5, 12, 4], [13, 2, 14, 3], [15, 19, 16, 18], [17, 22, 18, 23], [19, 1, 20, 24], [6, 21, 7, 22], [23, 16, 24, 17], [1, 8, 2, 9], [3, 11, 4, 10], [20, 5, 21, 6]]"
12n_0039_160,"[[20, 5, 21, 6], [7, 14, 8, 15], [9, 13, 10, 12], [11, 5, 12, 4], [13, 2, 14, 3], [15, 19, 16, 18], [17, 22, 18, 23], [19, 1, 20, 24], [6, 21, 7, 22], [23, 16, 24, 17], [1, 8, 2, 9], [3, 11, 4, 10]]"
12n_0039_161,"[[3, 11, 4, 10], [20, 5, 21, 6], [7, 14, 8, 15], [9, 13, 10, 12], [11, 5, 12, 4], [13, 2, 14, 3], [15, 19, 16, 18], [17, 22, 18, 23], [19, 1, 20, 24], [6, 21, 7, 22], [23, 16, 24, 17], [1, 8, 2, 9]]"
12n_0039_162,"[[1, 8, 2, 9], [3, 11, 4, 10], [20, 5, 21, 6], [7, 14, 8, 15], [9, 13, 10, 12], [11, 5, 12, 4], [13, 2, 14, 3], [15, 19, 16, 18], [17, 22, 18, 23], [19, 1, 20, 24], [6, 21, 7, 22], [23, 16, 24, 17]]"
12n_0039_163,"[[23, 16, 24, 17], [1, 8, 2, 9], [3, 11, 4, 10], [20, 5, 21, 6], [7, 14, 8, 15], [9, 13, 10, 12], [11, 5, 12, 4], [13, 2, 14, 3], [15, 19, 16, 18], [17, 22, 18, 23], [19, 1, 20, 24], [6, 21, 7, 22]]"
12n_0039_164,"[[6, 21, 7, 22], [23, 16, 24, 17], [1, 8, 2, 9], [3, 11, 4, 10], [20, 5, 21, 6], [7, 14, 8, 15], [9, 13, 10, 12], [11, 5, 12, 4], [13, 2, 14, 3], [15, 19, 16, 18], [17, 22, 18, 23], [19, 1, 20, 24]]"
12n_0039_165,"[[19, 1, 20, 24], [6, 21, 7, 22], [23, 16, 24, 17], [1, 8, 2, 9], [3, 11, 4, 10], [20, 5, 21, 6], [7, 14, 8, 15], [9, 13, 10, 12], [11, 5, 12, 4], [13, 2, 14, 3], [15, 19, 16, 18], [17, 22, 18, 23]]"
12n_0039_166,"[[17, 22, 18, 23], [19, 1, 20, 24], [6, 21, 7, 22], [23, 16, 24, 17], [1, 8, 2, 9], [3, 11, 4, 10], [20, 5, 21, 6], [7, 14, 8, 15], [9, 13, 10, 12], [11, 5, 12, 4], [13, 2, 14, 3], [15, 19, 16, 18]]"
12n_0039_167,"[[15, 19, 16, 18], [17, 22, 18, 23], [19, 1, 20, 24], [6, 21, 7, 22], [23, 16, 24, 17], [1, 8, 2, 9], [3, 11, 4, 10], [20, 5, 21, 6], [7, 14, 8, 15], [9, 13, 10, 12], [11, 5, 12, 4], [13, 2, 14, 3]]"
12n_0039_168,"[[14, 3, 15, 4], [16, 20, 17, 19], [18, 23, 19, 24], [20, 2, 21, 1], [7, 22, 8, 23], [24, 17, 1, 18], [2, 9, 3, 10], [4, 12, 5, 11], [21, 6, 22, 7], [8, 15, 9, 16], [10, 14, 11, 13], [12, 6, 13, 5]]"
12n_0039_169,"[[12, 6, 13, 5], [14, 3, 15, 4], [16, 20, 17, 19], [18, 23, 19, 24], [20, 2, 21, 1], [7, 22, 8, 23], [24, 17, 1, 18], [2, 9, 3, 10], [4, 12, 5, 11], [21, 6, 22, 7], [8, 15, 9, 16], [10, 14, 11, 13]]"
12n_0039_170,"[[10, 14, 11, 13], [12, 6, 13, 5], [14, 3, 15, 4], [16, 20, 17, 19], [18, 23, 19, 24], [20, 2, 21, 1], [7, 22, 8, 23], [24, 17, 1, 18], [2, 9, 3, 10], [4, 12, 5, 11], [21, 6, 22, 7], [8, 15, 9, 16]]"
12n_0039_171,"[[8, 15, 9, 16], [10, 14, 11, 13], [12, 6, 13, 5], [14, 3, 15, 4], [16, 20, 17, 19], [18, 23, 19, 24], [20, 2, 21, 1], [7, 22, 8, 23], [24, 17, 1, 18], [2, 9, 3, 10], [4, 12, 5, 11], [21, 6, 22, 7]]"
12n_0039_172,"[[21, 6, 22, 7], [8, 15, 9, 16], [10, 14, 11, 13], [12, 6, 13, 5], [14, 3, 15, 4], [16, 20, 17, 19], [18, 23, 19, 24], [20, 2, 21, 1], [7, 22, 8, 23], [24, 17, 1, 18], [2, 9, 3, 10], [4, 12, 5, 11]]"
12n_0039_173,"[[4, 12, 5, 11], [21, 6, 22, 7], [8, 15, 9, 16], [10, 14, 11, 13], [12, 6, 13, 5], [14, 3, 15, 4], [16, 20, 17, 19], [18, 23, 19, 24], [20, 2, 21, 1], [7, 22, 8, 23], [24, 17, 1, 18], [2, 9, 3, 10]]"
12n_0039_174,"[[2, 9, 3, 10], [4, 12, 5, 11], [21, 6, 22, 7], [8, 15, 9, 16], [10, 14, 11, 13], [12, 6, 13, 5], [14, 3, 15, 4], [16, 20, 17, 19], [18, 23, 19, 24], [20, 2, 21, 1], [7, 22, 8, 23], [24, 17, 1, 18]]"
12n_0039_175,"[[24, 17, 1, 18], [2, 9, 3, 10], [4, 12, 5, 11], [21, 6, 22, 7], [8, 15, 9, 16], [10, 14, 11, 13], [12, 6, 13, 5], [14, 3, 15, 4], [16, 20, 17, 19], [18, 23, 19, 24], [20, 2, 21, 1], [7, 22, 8, 23]]"
12n_0039_176,"[[7, 22, 8, 23], [24, 17, 1, 18], [2, 9, 3, 10], [4, 12, 5, 11], [21, 6, 22, 7], [8, 15, 9, 16], [10, 14, 11, 13], [12, 6, 13, 5], [14, 3, 15, 4], [16, 20, 17, 19], [18, 23, 19, 24], [20, 2, 21, 1]]"
12n_0039_177,"[[20, 2, 21, 1], [7, 22, 8, 23], [24, 17, 1, 18], [2, 9, 3, 10], [4, 12, 5, 11], [21, 6, 22, 7], [8, 15, 9, 16], [10, 14, 11, 13], [12, 6, 13, 5], [14, 3, 15, 4], [16, 20, 17, 19], [18, 23, 19, 24]]"
12n_0039_178,"[[18, 23, 19, 24], [20, 2, 21, 1], [7, 22, 8, 23], [24, 17, 1, 18], [2, 9, 3, 10], [4, 12, 5, 11], [21, 6, 22, 7], [8, 15, 9, 16], [10, 14, 11, 13], [12, 6, 13, 5], [14, 3, 15, 4], [16, 20, 17, 19]]"
12n_0039_179,"[[16, 20, 17, 19], [18, 23, 19, 24], [20, 2, 21, 1], [7, 22, 8, 23], [24, 17, 1, 18], [2, 9, 3, 10], [4, 12, 5, 11], [21, 6, 22, 7], [8, 15, 9, 16], [10, 14, 11, 13], [12, 6, 13, 5], [14, 3, 15, 4]]"
12n_0039_180,"[[15, 4, 16, 5], [17, 21, 18, 20], [19, 24, 20, 1], [21, 3, 22, 2], [8, 23, 9, 24], [1, 18, 2, 19], [3, 10, 4, 11], [5, 13, 6, 12], [22, 7, 23, 8], [9, 16, 10, 17], [11, 15, 12, 14], [13, 7, 14, 6]]"
12n_0039_181,"[[13, 7, 14, 6], [15, 4, 16, 5], [17, 21, 18, 20], [19, 24, 20, 1], [21, 3, 22, 2], [8, 23, 9, 24], [1, 18, 2, 19], [3, 10, 4, 11], [5, 13, 6, 12], [22, 7, 23, 8], [9, 16, 10, 17], [11, 15, 12, 14]]"
12n_0039_182,"[[11, 15, 12, 14], [13, 7, 14, 6], [15, 4, 16, 5], [17, 21, 18, 20], [19, 24, 20, 1], [21, 3, 22, 2], [8, 23, 9, 24], [1, 18, 2, 19], [3, 10, 4, 11], [5, 13, 6, 12], [22, 7, 23, 8], [9, 16, 10, 17]]"
12n_0039_183,"[[9, 16, 10, 17], [11, 15, 12, 14], [13, 7, 14, 6], [15, 4, 16, 5], [17, 21, 18, 20], [19, 24, 20, 1], [21, 3, 22, 2], [8, 23, 9, 24], [1, 18, 2, 19], [3, 10, 4, 11], [5, 13, 6, 12], [22, 7, 23, 8]]"
12n_0039_184,"[[22, 7, 23, 8], [9, 16, 10, 17], [11, 15, 12, 14], [13, 7, 14, 6], [15, 4, 16, 5], [17, 21, 18, 20], [19, 24, 20, 1], [21, 3, 22, 2], [8, 23, 9, 24], [1, 18, 2, 19], [3, 10, 4, 11], [5, 13, 6, 12]]"
12n_0039_185,"[[5, 13, 6, 12], [22, 7, 23, 8], [9, 16, 10, 17], [11, 15, 12, 14], [13, 7, 14, 6], [15, 4, 16, 5], [17, 21, 18, 20], [19, 24, 20, 1], [21, 3, 22, 2], [8, 23, 9, 24], [1, 18, 2, 19], [3, 10, 4, 11]]"
