name,pd_notation
12n_0056_0,"[[13, 1, 14, 24], [2, 6, 3, 5], [4, 9, 5, 10], [6, 12, 7, 11], [17, 8, 18, 9], [10, 3, 11, 4], [23, 13, 24, 12], [14, 19, 15, 20], [7, 16, 8, 17], [18, 21, 19, 22], [20, 15, 21, 16], [1, 23, 2, 22]]"
12n_0056_1,"[[1, 23, 2, 22], [13, 1, 14, 24], [2, 6, 3, 5], [4, 9, 5, 10], [6, 12, 7, 11], [17, 8, 18, 9], [10, 3, 11, 4], [23, 13, 24, 12], [14, 19, 15, 20], [7, 16, 8, 17], [18, 21, 19, 22], [20, 15, 21, 16]]"
12n_0056_2,"[[20, 15, 21, 16], [1, 23, 2, 22], [13, 1, 14, 24], [2, 6, 3, 5], [4, 9, 5, 10], [6, 12, 7, 11], [17, 8, 18, 9], [10, 3, 11, 4], [23, 13, 24, 12], [14, 19, 15, 20], [7, 16, 8, 17], [18, 21, 19, 22]]"
12n_0056_3,"[[18, 21, 19, 22], [20, 15, 21, 16], [1, 23, 2, 22], [13, 1, 14, 24], [2, 6, 3, 5], [4, 9, 5, 10], [6, 12, 7, 11], [17, 8, 18, 9], [10, 3, 11, 4], [23, 13, 24, 12], [14, 19, 15, 20], [7, 16, 8, 17]]"
12n_0056_4,"[[7, 16, 8, 17], [18, 21, 19, 22], [20, 15, 21, 16], [1, 23, 2, 22], [13, 1, 14, 24], [2, 6, 3, 5], [4, 9, 5, 10], [6, 12, 7, 11], [17, 8, 18, 9], [10, 3, 11, 4], [23, 13, 24, 12], [14, 19, 15, 20]]"
12n_0056_5,"[[14, 19, 15, 20], [7, 16, 8, 17], [18, 21, 19, 22], [20, 15, 21, 16], [1, 23, 2, 22], [13, 1, 14, 24], [2, 6, 3, 5], [4, 9, 5, 10], [6, 12, 7, 11], [17, 8, 18, 9], [10, 3, 11, 4], [23, 13, 24, 12]]"
12n_0056_6,"[[23, 13, 24, 12], [14, 19, 15, 20], [7, 16, 8, 17], [18, 21, 19, 22], [20, 15, 21, 16], [1, 23, 2, 22], [13, 1, 14, 24], [2, 6, 3, 5], [4, 9, 5, 10], [6, 12, 7, 11], [17, 8, 18, 9], [10, 3, 11, 4]]"
12n_0056_7,"[[10, 3, 11, 4], [23, 13, 24, 12], [14, 19, 15, 20], [7, 16, 8, 17], [18, 21, 19, 22], [20, 15, 21, 16], [1, 23, 2, 22], [13, 1, 14, 24], [2, 6, 3, 5], [4, 9, 5, 10], [6, 12, 7, 11], [17, 8, 18, 9]]"
12n_0056_8,"[[17, 8, 18, 9], [10, 3, 11, 4], [23, 13, 24, 12], [14, 19, 15, 20], [7, 16, 8, 17], [18, 21, 19, 22], [20, 15, 21, 16], [1, 23, 2, 22], [13, 1, 14, 24], [2, 6, 3, 5], [4, 9, 5, 10], [6, 12, 7, 11]]"
12n_0056_9,"[[6, 12, 7, 11], [17, 8, 18, 9], [10, 3, 11, 4], [23, 13, 24, 12], [14, 19, 15, 20], [7, 16, 8, 17], [18, 21, 19, 22], [20, 15, 21, 16], [1, 23, 2, 22], [13, 1, 14, 24], [2, 6, 3, 5], [4, 9, 5, 10]]"
12n_0056_10,"[[4, 9, 5, 10], [6, 12, 7, 11], [17, 8, 18, 9], [10, 3, 11, 4], [23, 13, 24, 12], [14, 19, 15, 20], [7, 16, 8, 17], [18, 21, 19, 22], [20, 15, 21, 16], [1, 23, 2, 22], [13, 1, 14, 24], [2, 6, 3, 5]]"
12n_0056_11,"[[2, 6, 3, 5], [4, 9, 5, 10], [6, 12, 7, 11], [17, 8, 18, 9], [10, 3, 11, 4], [23, 13, 24, 12], [14, 19, 15, 20], [7, 16, 8, 17], [18, 21, 19, 22], [20, 15, 21, 16], [1, 23, 2, 22], [13, 1, 14, 24]]"
12n_0056_12,"[[14, 2, 15, 1], [3, 7, 4, 6], [5, 10, 6, 11], [7, 13, 8, 12], [18, 9, 19, 10], [11, 4, 12, 5], [24, 14, 1, 13], [15, 20, 16, 21], [8, 17, 9, 18], [19, 22, 20, 23], [21, 16, 22, 17], [2, 24, 3, 23]]"
12n_0056_13,"[[2, 24, 3, 23], [14, 2, 15, 1], [3, 7, 4, 6], [5, 10, 6, 11], [7, 13, 8, 12], [18, 9, 19, 10], [11, 4, 12, 5], [24, 14, 1, 13], [15, 20, 16, 21], [8, 17, 9, 18], [19, 22, 20, 23], [21, 16, 22, 17]]"
12n_0056_14,"[[21, 16, 22, 17], [2, 24, 3, 23], [14, 2, 15, 1], [3, 7, 4, 6], [5, 10, 6, 11], [7, 13, 8, 12], [18, 9, 19, 10], [11, 4, 12, 5], [24, 14, 1, 13], [15, 20, 16, 21], [8, 17, 9, 18], [19, 22, 20, 23]]"
12n_0056_15,"[[19, 22, 20, 23], [21, 16, 22, 17], [2, 24, 3, 23], [14, 2, 15, 1], [3, 7, 4, 6], [5, 10, 6, 11], [7, 13, 8, 12], [18, 9, 19, 10], [11, 4, 12, 5], [24, 14, 1, 13], [15, 20, 16, 21], [8, 17, 9, 18]]"
12n_0056_16,"[[8, 17, 9, 18], [19, 22, 20, 23], [21, 16, 22, 17], [2, 24, 3, 23], [14, 2, 15, 1], [3, 7, 4, 6], [5, 10, 6, 11], [7, 13, 8, 12], [18, 9, 19, 10], [11, 4, 12, 5], [24, 14, 1, 13], [15, 20, 16, 21]]"
12n_0056_17,"[[15, 20, 16, 21], [8, 17, 9, 18], [19, 22, 20, 23], [21, 16, 22, 17], [2, 24, 3, 23], [14, 2, 15, 1], [3, 7, 4, 6], [5, 10, 6, 11], [7, 13, 8, 12], [18, 9, 19, 10], [11, 4, 12, 5], [24, 14, 1, 13]]"
12n_0056_18,"[[24, 14, 1, 13], [15, 20, 16, 21], [8, 17, 9, 18], [19, 22, 20, 23], [21, 16, 22, 17], [2, 24, 3, 23], [14, 2, 15, 1], [3, 7, 4, 6], [5, 10, 6, 11], [7, 13, 8, 12], [18, 9, 19, 10], [11, 4, 12, 5]]"
12n_0056_19,"[[11, 4, 12, 5], [24, 14, 1, 13], [15, 20, 16, 21], [8, 17, 9, 18], [19, 22, 20, 23], [21, 16, 22, 17], [2, 24, 3, 23], [14, 2, 15, 1], [3, 7, 4, 6], [5, 10, 6, 11], [7, 13, 8, 12], [18, 9, 19, 10]]"
12n_0056_20,"[[18, 9, 19, 10], [11, 4, 12, 5], [24, 14, 1, 13], [15, 20, 16, 21], [8, 17, 9, 18], [19, 22, 20, 23], [21, 16, 22, 17], [2, 24, 3, 23], [14, 2, 15, 1], [3, 7, 4, 6], [5, 10, 6, 11], [7, 13, 8, 12]]"
12n_0056_21,"[[7, 13, 8, 12], [18, 9, 19, 10], [11, 4, 12, 5], [24, 14, 1, 13], [15, 20, 16, 21], [8, 17, 9, 18], [19, 22, 20, 23], [21, 16, 22, 17], [2, 24, 3, 23], [14, 2, 15, 1], [3, 7, 4, 6], [5, 10, 6, 11]]"
12n_0056_22,"[[5, 10, 6, 11], [7, 13, 8, 12], [18, 9, 19, 10], [11, 4, 12, 5], [24, 14, 1, 13], [15, 20, 16, 21], [8, 17, 9, 18], [19, 22, 20, 23], [21, 16, 22, 17], [2, 24, 3, 23], [14, 2, 15, 1], [3, 7, 4, 6]]"
12n_0056_23,"[[3, 7, 4, 6], [5, 10, 6, 11], [7, 13, 8, 12], [18, 9, 19, 10], [11, 4, 12, 5], [24, 14, 1, 13], [15, 20, 16, 21], [8, 17, 9, 18], [19, 22, 20, 23], [21, 16, 22, 17], [2, 24, 3, 23], [14, 2, 15, 1]]"
12n_0056_24,"[[15, 3, 16, 2], [4, 8, 5, 7], [6, 11, 7, 12], [8, 14, 9, 13], [19, 10, 20, 11], [12, 5, 13, 6], [1, 15, 2, 14], [16, 21, 17, 22], [9, 18, 10, 19], [20, 23, 21, 24], [22, 17, 23, 18], [3, 1, 4, 24]]"
12n_0056_25,"[[3, 1, 4, 24], [15, 3, 16, 2], [4, 8, 5, 7], [6, 11, 7, 12], [8, 14, 9, 13], [19, 10, 20, 11], [12, 5, 13, 6], [1, 15, 2, 14], [16, 21, 17, 22], [9, 18, 10, 19], [20, 23, 21, 24], [22, 17, 23, 18]]"
12n_0056_26,"[[22, 17, 23, 18], [3, 1, 4, 24], [15, 3, 16, 2], [4, 8, 5, 7], [6, 11, 7, 12], [8, 14, 9, 13], [19, 10, 20, 11], [12, 5, 13, 6], [1, 15, 2, 14], [16, 21, 17, 22], [9, 18, 10, 19], [20, 23, 21, 24]]"
12n_0056_27,"[[20, 23, 21, 24], [22, 17, 23, 18], [3, 1, 4, 24], [15, 3, 16, 2], [4, 8, 5, 7], [6, 11, 7, 12], [8, 14, 9, 13], [19, 10, 20, 11], [12, 5, 13, 6], [1, 15, 2, 14], [16, 21, 17, 22], [9, 18, 10, 19]]"
12n_0056_28,"[[9, 18, 10, 19], [20, 23, 21, 24], [22, 17, 23, 18], [3, 1, 4, 24], [15, 3, 16, 2], [4, 8, 5, 7], [6, 11, 7, 12], [8, 14, 9, 13], [19, 10, 20, 11], [12, 5, 13, 6], [1, 15, 2, 14], [16, 21, 17, 22]]"
12n_0056_29,"[[16, 21, 17, 22], [9, 18, 10, 19], [20, 23, 21, 24], [22, 17, 23, 18], [3, 1, 4, 24], [15, 3, 16, 2], [4, 8, 5, 7], [6, 11, 7, 12], [8, 14, 9, 13], [19, 10, 20, 11], [12, 5, 13, 6], [1, 15, 2, 14]]"
12n_0056_30,"[[1, 15, 2, 14], [16, 21, 17, 22], [9, 18, 10, 19], [20, 23, 21, 24], [22, 17, 23, 18], [3, 1, 4, 24], [15, 3, 16, 2], [4, 8, 5, 7], [6, 11, 7, 12], [8, 14, 9, 13], [19, 10, 20, 11], [12, 5, 13, 6]]"
12n_0056_31,"[[12, 5, 13, 6], [1, 15, 2, 14], [16, 21, 17, 22], [9, 18, 10, 19], [20, 23, 21, 24], [22, 17, 23, 18], [3, 1, 4, 24], [15, 3, 16, 2], [4, 8, 5, 7], [6, 11, 7, 12], [8, 14, 9, 13], [19, 10, 20, 11]]"
12n_0056_32,"[[19, 10, 20, 11], [12, 5, 13, 6], [1, 15, 2, 14], [16, 21, 17, 22], [9, 18, 10, 19], [20, 23, 21, 24], [22, 17, 23, 18], [3, 1, 4, 24], [15, 3, 16, 2], [4, 8, 5, 7], [6, 11, 7, 12], [8, 14, 9, 13]]"
12n_0056_33,"[[8, 14, 9, 13], [19, 10, 20, 11], [12, 5, 13, 6], [1, 15, 2, 14], [16, 21, 17, 22], [9, 18, 10, 19], [20, 23, 21, 24], [22, 17, 23, 18], [3, 1, 4, 24], [15, 3, 16, 2], [4, 8, 5, 7], [6, 11, 7, 12]]"
12n_0056_34,"[[6, 11, 7, 12], [8, 14, 9, 13], [19, 10, 20, 11], [12, 5, 13, 6], [1, 15, 2, 14], [16, 21, 17, 22], [9, 18, 10, 19], [20, 23, 21, 24], [22, 17, 23, 18], [3, 1, 4, 24], [15, 3, 16, 2], [4, 8, 5, 7]]"
12n_0056_35,"[[4, 8, 5, 7], [6, 11, 7, 12], [8, 14, 9, 13], [19, 10, 20, 11], [12, 5, 13, 6], [1, 15, 2, 14], [16, 21, 17, 22], [9, 18, 10, 19], [20, 23, 21, 24], [22, 17, 23, 18], [3, 1, 4, 24], [15, 3, 16, 2]]"
12n_0056_36,"[[16, 4, 17, 3], [5, 9, 6, 8], [7, 12, 8, 13], [9, 15, 10, 14], [20, 11, 21, 12], [13, 6, 14, 7], [2, 16, 3, 15], [17, 22, 18, 23], [10, 19, 11, 20], [21, 24, 22, 1], [23, 18, 24, 19], [4, 2, 5, 1]]"
12n_0056_37,"[[4, 2, 5, 1], [16, 4, 17, 3], [5, 9, 6, 8], [7, 12, 8, 13], [9, 15, 10, 14], [20, 11, 21, 12], [13, 6, 14, 7], [2, 16, 3, 15], [17, 22, 18, 23], [10, 19, 11, 20], [21, 24, 22, 1], [23, 18, 24, 19]]"
12n_0056_38,"[[23, 18, 24, 19], [4, 2, 5, 1], [16, 4, 17, 3], [5, 9, 6, 8], [7, 12, 8, 13], [9, 15, 10, 14], [20, 11, 21, 12], [13, 6, 14, 7], [2, 16, 3, 15], [17, 22, 18, 23], [10, 19, 11, 20], [21, 24, 22, 1]]"
12n_0056_39,"[[21, 24, 22, 1], [23, 18, 24, 19], [4, 2, 5, 1], [16, 4, 17, 3], [5, 9, 6, 8], [7, 12, 8, 13], [9, 15, 10, 14], [20, 11, 21, 12], [13, 6, 14, 7], [2, 16, 3, 15], [17, 22, 18, 23], [10, 19, 11, 20]]"
12n_0056_40,"[[10, 19, 11, 20], [21, 24, 22, 1], [23, 18, 24, 19], [4, 2, 5, 1], [16, 4, 17, 3], [5, 9, 6, 8], [7, 12, 8, 13], [9, 15, 10, 14], [20, 11, 21, 12], [13, 6, 14, 7], [2, 16, 3, 15], [17, 22, 18, 23]]"
12n_0056_41,"[[17, 22, 18, 23], [10, 19, 11, 20], [21, 24, 22, 1], [23, 18, 24, 19], [4, 2, 5, 1], [16, 4, 17, 3], [5, 9, 6, 8], [7, 12, 8, 13], [9, 15, 10, 14], [20, 11, 21, 12], [13, 6, 14, 7], [2, 16, 3, 15]]"
12n_0056_42,"[[2, 16, 3, 15], [17, 22, 18, 23], [10, 19, 11, 20], [21, 24, 22, 1], [23, 18, 24, 19], [4, 2, 5, 1], [16, 4, 17, 3], [5, 9, 6, 8], [7, 12, 8, 13], [9, 15, 10, 14], [20, 11, 21, 12], [13, 6, 14, 7]]"
12n_0056_43,"[[13, 6, 14, 7], [2, 16, 3, 15], [17, 22, 18, 23], [10, 19, 11, 20], [21, 24, 22, 1], [23, 18, 24, 19], [4, 2, 5, 1], [16, 4, 17, 3], [5, 9, 6, 8], [7, 12, 8, 13], [9, 15, 10, 14], [20, 11, 21, 12]]"
12n_0056_44,"[[20, 11, 21, 12], [13, 6, 14, 7], [2, 16, 3, 15], [17, 22, 18, 23], [10, 19, 11, 20], [21, 24, 22, 1], [23, 18, 24, 19], [4, 2, 5, 1], [16, 4, 17, 3], [5, 9, 6, 8], [7, 12, 8, 13], [9, 15, 10, 14]]"
12n_0056_45,"[[9, 15, 10, 14], [20, 11, 21, 12], [13, 6, 14, 7], [2, 16, 3, 15], [17, 22, 18, 23], [10, 19, 11, 20], [21, 24, 22, 1], [23, 18, 24, 19], [4, 2, 5, 1], [16, 4, 17, 3], [5, 9, 6, 8], [7, 12, 8, 13]]"
12n_0056_46,"[[7, 12, 8, 13], [9, 15, 10, 14], [20, 11, 21, 12], [13, 6, 14, 7], [2, 16, 3, 15], [17, 22, 18, 23], [10, 19, 11, 20], [21, 24, 22, 1], [23, 18, 24, 19], [4, 2, 5, 1], [16, 4, 17, 3], [5, 9, 6, 8]]"
12n_0056_47,"[[5, 9, 6, 8], [7, 12, 8, 13], [9, 15, 10, 14], [20, 11, 21, 12], [13, 6, 14, 7], [2, 16, 3, 15], [17, 22, 18, 23], [10, 19, 11, 20], [21, 24, 22, 1], [23, 18, 24, 19], [4, 2, 5, 1], [16, 4, 17, 3]]"
12n_0056_48,"[[17, 5, 18, 4], [6, 10, 7, 9], [8, 13, 9, 14], [10, 16, 11, 15], [21, 12, 22, 13], [14, 7, 15, 8], [3, 17, 4, 16], [18, 23, 19, 24], [11, 20, 12, 21], [22, 1, 23, 2], [24, 19, 1, 20], [5, 3, 6, 2]]"
12n_0056_49,"[[5, 3, 6, 2], [17, 5, 18, 4], [6, 10, 7, 9], [8, 13, 9, 14], [10, 16, 11, 15], [21, 12, 22, 13], [14, 7, 15, 8], [3, 17, 4, 16], [18, 23, 19, 24], [11, 20, 12, 21], [22, 1, 23, 2], [24, 19, 1, 20]]"
12n_0056_50,"[[24, 19, 1, 20], [5, 3, 6, 2], [17, 5, 18, 4], [6, 10, 7, 9], [8, 13, 9, 14], [10, 16, 11, 15], [21, 12, 22, 13], [14, 7, 15, 8], [3, 17, 4, 16], [18, 23, 19, 24], [11, 20, 12, 21], [22, 1, 23, 2]]"
12n_0056_51,"[[22, 1, 23, 2], [24, 19, 1, 20], [5, 3, 6, 2], [17, 5, 18, 4], [6, 10, 7, 9], [8, 13, 9, 14], [10, 16, 11, 15], [21, 12, 22, 13], [14, 7, 15, 8], [3, 17, 4, 16], [18, 23, 19, 24], [11, 20, 12, 21]]"
12n_0056_52,"[[11, 20, 12, 21], [22, 1, 23, 2], [24, 19, 1, 20], [5, 3, 6, 2], [17, 5, 18, 4], [6, 10, 7, 9], [8, 13, 9, 14], [10, 16, 11, 15], [21, 12, 22, 13], [14, 7, 15, 8], [3, 17, 4, 16], [18, 23, 19, 24]]"
12n_0056_53,"[[18, 23, 19, 24], [11, 20, 12, 21], [22, 1, 23, 2], [24, 19, 1, 20], [5, 3, 6, 2], [17, 5, 18, 4], [6, 10, 7, 9], [8, 13, 9, 14], [10, 16, 11, 15], [21, 12, 22, 13], [14, 7, 15, 8], [3, 17, 4, 16]]"
12n_0056_54,"[[3, 17, 4, 16], [18, 23, 19, 24], [11, 20, 12, 21], [22, 1, 23, 2], [24, 19, 1, 20], [5, 3, 6, 2], [17, 5, 18, 4], [6, 10, 7, 9], [8, 13, 9, 14], [10, 16, 11, 15], [21, 12, 22, 13], [14, 7, 15, 8]]"
12n_0056_55,"[[14, 7, 15, 8], [3, 17, 4, 16], [18, 23, 19, 24], [11, 20, 12, 21], [22, 1, 23, 2], [24, 19, 1, 20], [5, 3, 6, 2], [17, 5, 18, 4], [6, 10, 7, 9], [8, 13, 9, 14], [10, 16, 11, 15], [21, 12, 22, 13]]"
12n_0056_56,"[[21, 12, 22, 13], [14, 7, 15, 8], [3, 17, 4, 16], [18, 23, 19, 24], [11, 20, 12, 21], [22, 1, 23, 2], [24, 19, 1, 20], [5, 3, 6, 2], [17, 5, 18, 4], [6, 10, 7, 9], [8, 13, 9, 14], [10, 16, 11, 15]]"
12n_0056_57,"[[10, 16, 11, 15], [21, 12, 22, 13], [14, 7, 15, 8], [3, 17, 4, 16], [18, 23, 19, 24], [11, 20, 12, 21], [22, 1, 23, 2], [24, 19, 1, 20], [5, 3, 6, 2], [17, 5, 18, 4], [6, 10, 7, 9], [8, 13, 9, 14]]"
12n_0056_58,"[[8, 13, 9, 14], [10, 16, 11, 15], [21, 12, 22, 13], [14, 7, 15, 8], [3, 17, 4, 16], [18, 23, 19, 24], [11, 20, 12, 21], [22, 1, 23, 2], [24, 19, 1, 20], [5, 3, 6, 2], [17, 5, 18, 4], [6, 10, 7, 9]]"
12n_0056_59,"[[6, 10, 7, 9], [8, 13, 9, 14], [10, 16, 11, 15], [21, 12, 22, 13], [14, 7, 15, 8], [3, 17, 4, 16], [18, 23, 19, 24], [11, 20, 12, 21], [22, 1, 23, 2], [24, 19, 1, 20], [5, 3, 6, 2], [17, 5, 18, 4]]"
12n_0056_60,"[[18, 6, 19, 5], [7, 11, 8, 10], [9, 14, 10, 15], [11, 17, 12, 16], [22, 13, 23, 14], [15, 8, 16, 9], [4, 18, 5, 17], [19, 24, 20, 1], [12, 21, 13, 22], [23, 2, 24, 3], [1, 20, 2, 21], [6, 4, 7, 3]]"
12n_0056_61,"[[6, 4, 7, 3], [18, 6, 19, 5], [7, 11, 8, 10], [9, 14, 10, 15], [11, 17, 12, 16], [22, 13, 23, 14], [15, 8, 16, 9], [4, 18, 5, 17], [19, 24, 20, 1], [12, 21, 13, 22], [23, 2, 24, 3], [1, 20, 2, 21]]"
12n_0056_62,"[[1, 20, 2, 21], [6, 4, 7, 3], [18, 6, 19, 5], [7, 11, 8, 10], [9, 14, 10, 15], [11, 17, 12, 16], [22, 13, 23, 14], [15, 8, 16, 9], [4, 18, 5, 17], [19, 24, 20, 1], [12, 21, 13, 22], [23, 2, 24, 3]]"
12n_0056_63,"[[23, 2, 24, 3], [1, 20, 2, 21], [6, 4, 7, 3], [18, 6, 19, 5], [7, 11, 8, 10], [9, 14, 10, 15], [11, 17, 12, 16], [22, 13, 23, 14], [15, 8, 16, 9], [4, 18, 5, 17], [19, 24, 20, 1], [12, 21, 13, 22]]"
12n_0056_64,"[[12, 21, 13, 22], [23, 2, 24, 3], [1, 20, 2, 21], [6, 4, 7, 3], [18, 6, 19, 5], [7, 11, 8, 10], [9, 14, 10, 15], [11, 17, 12, 16], [22, 13, 23, 14], [15, 8, 16, 9], [4, 18, 5, 17], [19, 24, 20, 1]]"
12n_0056_65,"[[19, 24, 20, 1], [12, 21, 13, 22], [23, 2, 24, 3], [1, 20, 2, 21], [6, 4, 7, 3], [18, 6, 19, 5], [7, 11, 8, 10], [9, 14, 10, 15], [11, 17, 12, 16], [22, 13, 23, 14], [15, 8, 16, 9], [4, 18, 5, 17]]"
12n_0056_66,"[[4, 18, 5, 17], [19, 24, 20, 1], [12, 21, 13, 22], [23, 2, 24, 3], [1, 20, 2, 21], [6, 4, 7, 3], [18, 6, 19, 5], [7, 11, 8, 10], [9, 14, 10, 15], [11, 17, 12, 16], [22, 13, 23, 14], [15, 8, 16, 9]]"
12n_0056_67,"[[15, 8, 16, 9], [4, 18, 5, 17], [19, 24, 20, 1], [12, 21, 13, 22], [23, 2, 24, 3], [1, 20, 2, 21], [6, 4, 7, 3], [18, 6, 19, 5], [7, 11, 8, 10], [9, 14, 10, 15], [11, 17, 12, 16], [22, 13, 23, 14]]"
12n_0056_68,"[[22, 13, 23, 14], [15, 8, 16, 9], [4, 18, 5, 17], [19, 24, 20, 1], [12, 21, 13, 22], [23, 2, 24, 3], [1, 20, 2, 21], [6, 4, 7, 3], [18, 6, 19, 5], [7, 11, 8, 10], [9, 14, 10, 15], [11, 17, 12, 16]]"
12n_0056_69,"[[11, 17, 12, 16], [22, 13, 23, 14], [15, 8, 16, 9], [4, 18, 5, 17], [19, 24, 20, 1], [12, 21, 13, 22], [23, 2, 24, 3], [1, 20, 2, 21], [6, 4, 7, 3], [18, 6, 19, 5], [7, 11, 8, 10], [9, 14, 10, 15]]"
12n_0056_70,"[[9, 14, 10, 15], [11, 17, 12, 16], [22, 13, 23, 14], [15, 8, 16, 9], [4, 18, 5, 17], [19, 24, 20, 1], [12, 21, 13, 22], [23, 2, 24, 3], [1, 20, 2, 21], [6, 4, 7, 3], [18, 6, 19, 5], [7, 11, 8, 10]]"
12n_0056_71,"[[7, 11, 8, 10], [9, 14, 10, 15], [11, 17, 12, 16], [22, 13, 23, 14], [15, 8, 16, 9], [4, 18, 5, 17], [19, 24, 20, 1], [12, 21, 13, 22], [23, 2, 24, 3], [1, 20, 2, 21], [6, 4, 7, 3], [18, 6, 19, 5]]"
12n_0056_72,"[[19, 7, 20, 6], [8, 12, 9, 11], [10, 15, 11, 16], [12, 18, 13, 17], [23, 14, 24, 15], [16, 9, 17, 10], [5, 19, 6, 18], [20, 1, 21, 2], [13, 22, 14, 23], [24, 3, 1, 4], [2, 21, 3, 22], [7, 5, 8, 4]]"
12n_0056_73,"[[7, 5, 8, 4], [19, 7, 20, 6], [8, 12, 9, 11], [10, 15, 11, 16], [12, 18, 13, 17], [23, 14, 24, 15], [16, 9, 17, 10], [5, 19, 6, 18], [20, 1, 21, 2], [13, 22, 14, 23], [24, 3, 1, 4], [2, 21, 3, 22]]"
12n_0056_74,"[[2, 21, 3, 22], [7, 5, 8, 4], [19, 7, 20, 6], [8, 12, 9, 11], [10, 15, 11, 16], [12, 18, 13, 17], [23, 14, 24, 15], [16, 9, 17, 10], [5, 19, 6, 18], [20, 1, 21, 2], [13, 22, 14, 23], [24, 3, 1, 4]]"
12n_0056_75,"[[24, 3, 1, 4], [2, 21, 3, 22], [7, 5, 8, 4], [19, 7, 20, 6], [8, 12, 9, 11], [10, 15, 11, 16], [12, 18, 13, 17], [23, 14, 24, 15], [16, 9, 17, 10], [5, 19, 6, 18], [20, 1, 21, 2], [13, 22, 14, 23]]"
12n_0056_76,"[[13, 22, 14, 23], [24, 3, 1, 4], [2, 21, 3, 22], [7, 5, 8, 4], [19, 7, 20, 6], [8, 12, 9, 11], [10, 15, 11, 16], [12, 18, 13, 17], [23, 14, 24, 15], [16, 9, 17, 10], [5, 19, 6, 18], [20, 1, 21, 2]]"
12n_0056_77,"[[20, 1, 21, 2], [13, 22, 14, 23], [24, 3, 1, 4], [2, 21, 3, 22], [7, 5, 8, 4], [19, 7, 20, 6], [8, 12, 9, 11], [10, 15, 11, 16], [12, 18, 13, 17], [23, 14, 24, 15], [16, 9, 17, 10], [5, 19, 6, 18]]"
12n_0056_78,"[[5, 19, 6, 18], [20, 1, 21, 2], [13, 22, 14, 23], [24, 3, 1, 4], [2, 21, 3, 22], [7, 5, 8, 4], [19, 7, 20, 6], [8, 12, 9, 11], [10, 15, 11, 16], [12, 18, 13, 17], [23, 14, 24, 15], [16, 9, 17, 10]]"
12n_0056_79,"[[16, 9, 17, 10], [5, 19, 6, 18], [20, 1, 21, 2], [13, 22, 14, 23], [24, 3, 1, 4], [2, 21, 3, 22], [7, 5, 8, 4], [19, 7, 20, 6], [8, 12, 9, 11], [10, 15, 11, 16], [12, 18, 13, 17], [23, 14, 24, 15]]"
12n_0056_80,"[[23, 14, 24, 15], [16, 9, 17, 10], [5, 19, 6, 18], [20, 1, 21, 2], [13, 22, 14, 23], [24, 3, 1, 4], [2, 21, 3, 22], [7, 5, 8, 4], [19, 7, 20, 6], [8, 12, 9, 11], [10, 15, 11, 16], [12, 18, 13, 17]]"
12n_0056_81,"[[12, 18, 13, 17], [23, 14, 24, 15], [16, 9, 17, 10], [5, 19, 6, 18], [20, 1, 21, 2], [13, 22, 14, 23], [24, 3, 1, 4], [2, 21, 3, 22], [7, 5, 8, 4], [19, 7, 20, 6], [8, 12, 9, 11], [10, 15, 11, 16]]"
12n_0056_82,"[[10, 15, 11, 16], [12, 18, 13, 17], [23, 14, 24, 15], [16, 9, 17, 10], [5, 19, 6, 18], [20, 1, 21, 2], [13, 22, 14, 23], [24, 3, 1, 4], [2, 21, 3, 22], [7, 5, 8, 4], [19, 7, 20, 6], [8, 12, 9, 11]]"
12n_0056_83,"[[8, 12, 9, 11], [10, 15, 11, 16], [12, 18, 13, 17], [23, 14, 24, 15], [16, 9, 17, 10], [5, 19, 6, 18], [20, 1, 21, 2], [13, 22, 14, 23], [24, 3, 1, 4], [2, 21, 3, 22], [7, 5, 8, 4], [19, 7, 20, 6]]"
12n_0056_84,"[[20, 8, 21, 7], [9, 13, 10, 12], [11, 16, 12, 17], [13, 19, 14, 18], [24, 15, 1, 16], [17, 10, 18, 11], [6, 20, 7, 19], [21, 2, 22, 3], [14, 23, 15, 24], [1, 4, 2, 5], [3, 22, 4, 23], [8, 6, 9, 5]]"
12n_0056_85,"[[8, 6, 9, 5], [20, 8, 21, 7], [9, 13, 10, 12], [11, 16, 12, 17], [13, 19, 14, 18], [24, 15, 1, 16], [17, 10, 18, 11], [6, 20, 7, 19], [21, 2, 22, 3], [14, 23, 15, 24], [1, 4, 2, 5], [3, 22, 4, 23]]"
12n_0056_86,"[[3, 22, 4, 23], [8, 6, 9, 5], [20, 8, 21, 7], [9, 13, 10, 12], [11, 16, 12, 17], [13, 19, 14, 18], [24, 15, 1, 16], [17, 10, 18, 11], [6, 20, 7, 19], [21, 2, 22, 3], [14, 23, 15, 24], [1, 4, 2, 5]]"
12n_0056_87,"[[1, 4, 2, 5], [3, 22, 4, 23], [8, 6, 9, 5], [20, 8, 21, 7], [9, 13, 10, 12], [11, 16, 12, 17], [13, 19, 14, 18], [24, 15, 1, 16], [17, 10, 18, 11], [6, 20, 7, 19], [21, 2, 22, 3], [14, 23, 15, 24]]"
12n_0056_88,"[[14, 23, 15, 24], [1, 4, 2, 5], [3, 22, 4, 23], [8, 6, 9, 5], [20, 8, 21, 7], [9, 13, 10, 12], [11, 16, 12, 17], [13, 19, 14, 18], [24, 15, 1, 16], [17, 10, 18, 11], [6, 20, 7, 19], [21, 2, 22, 3]]"
12n_0056_89,"[[21, 2, 22, 3], [14, 23, 15, 24], [1, 4, 2, 5], [3, 22, 4, 23], [8, 6, 9, 5], [20, 8, 21, 7], [9, 13, 10, 12], [11, 16, 12, 17], [13, 19, 14, 18], [24, 15, 1, 16], [17, 10, 18, 11], [6, 20, 7, 19]]"
12n_0056_90,"[[6, 20, 7, 19], [21, 2, 22, 3], [14, 23, 15, 24], [1, 4, 2, 5], [3, 22, 4, 23], [8, 6, 9, 5], [20, 8, 21, 7], [9, 13, 10, 12], [11, 16, 12, 17], [13, 19, 14, 18], [24, 15, 1, 16], [17, 10, 18, 11]]"
12n_0056_91,"[[17, 10, 18, 11], [6, 20, 7, 19], [21, 2, 22, 3], [14, 23, 15, 24], [1, 4, 2, 5], [3, 22, 4, 23], [8, 6, 9, 5], [20, 8, 21, 7], [9, 13, 10, 12], [11, 16, 12, 17], [13, 19, 14, 18], [24, 15, 1, 16]]"
12n_0056_92,"[[24, 15, 1, 16], [17, 10, 18, 11], [6, 20, 7, 19], [21, 2, 22, 3], [14, 23, 15, 24], [1, 4, 2, 5], [3, 22, 4, 23], [8, 6, 9, 5], [20, 8, 21, 7], [9, 13, 10, 12], [11, 16, 12, 17], [13, 19, 14, 18]]"
12n_0056_93,"[[13, 19, 14, 18], [24, 15, 1, 16], [17, 10, 18, 11], [6, 20, 7, 19], [21, 2, 22, 3], [14, 23, 15, 24], [1, 4, 2, 5], [3, 22, 4, 23], [8, 6, 9, 5], [20, 8, 21, 7], [9, 13, 10, 12], [11, 16, 12, 17]]"
12n_0056_94,"[[11, 16, 12, 17], [13, 19, 14, 18], [24, 15, 1, 16], [17, 10, 18, 11], [6, 20, 7, 19], [21, 2, 22, 3], [14, 23, 15, 24], [1, 4, 2, 5], [3, 22, 4, 23], [8, 6, 9, 5], [20, 8, 21, 7], [9, 13, 10, 12]]"
12n_0056_95,"[[9, 13, 10, 12], [11, 16, 12, 17], [13, 19, 14, 18], [24, 15, 1, 16], [17, 10, 18, 11], [6, 20, 7, 19], [21, 2, 22, 3], [14, 23, 15, 24], [1, 4, 2, 5], [3, 22, 4, 23], [8, 6, 9, 5], [20, 8, 21, 7]]"
12n_0056_96,"[[21, 9, 22, 8], [10, 14, 11, 13], [12, 17, 13, 18], [14, 20, 15, 19], [1, 16, 2, 17], [18, 11, 19, 12], [7, 21, 8, 20], [22, 3, 23, 4], [15, 24, 16, 1], [2, 5, 3, 6], [4, 23, 5, 24], [9, 7, 10, 6]]"
12n_0056_97,"[[9, 7, 10, 6], [21, 9, 22, 8], [10, 14, 11, 13], [12, 17, 13, 18], [14, 20, 15, 19], [1, 16, 2, 17], [18, 11, 19, 12], [7, 21, 8, 20], [22, 3, 23, 4], [15, 24, 16, 1], [2, 5, 3, 6], [4, 23, 5, 24]]"
12n_0056_98,"[[4, 23, 5, 24], [9, 7, 10, 6], [21, 9, 22, 8], [10, 14, 11, 13], [12, 17, 13, 18], [14, 20, 15, 19], [1, 16, 2, 17], [18, 11, 19, 12], [7, 21, 8, 20], [22, 3, 23, 4], [15, 24, 16, 1], [2, 5, 3, 6]]"
12n_0056_99,"[[2, 5, 3, 6], [4, 23, 5, 24], [9, 7, 10, 6], [21, 9, 22, 8], [10, 14, 11, 13], [12, 17, 13, 18], [14, 20, 15, 19], [1, 16, 2, 17], [18, 11, 19, 12], [7, 21, 8, 20], [22, 3, 23, 4], [15, 24, 16, 1]]"
12n_0056_100,"[[15, 24, 16, 1], [2, 5, 3, 6], [4, 23, 5, 24], [9, 7, 10, 6], [21, 9, 22, 8], [10, 14, 11, 13], [12, 17, 13, 18], [14, 20, 15, 19], [1, 16, 2, 17], [18, 11, 19, 12], [7, 21, 8, 20], [22, 3, 23, 4]]"
12n_0056_101,"[[22, 3, 23, 4], [15, 24, 16, 1], [2, 5, 3, 6], [4, 23, 5, 24], [9, 7, 10, 6], [21, 9, 22, 8], [10, 14, 11, 13], [12, 17, 13, 18], [14, 20, 15, 19], [1, 16, 2, 17], [18, 11, 19, 12], [7, 21, 8, 20]]"
12n_0056_102,"[[7, 21, 8, 20], [22, 3, 23, 4], [15, 24, 16, 1], [2, 5, 3, 6], [4, 23, 5, 24], [9, 7, 10, 6], [21, 9, 22, 8], [10, 14, 11, 13], [12, 17, 13, 18], [14, 20, 15, 19], [1, 16, 2, 17], [18, 11, 19, 12]]"
12n_0056_103,"[[18, 11, 19, 12], [7, 21, 8, 20], [22, 3, 23, 4], [15, 24, 16, 1], [2, 5, 3, 6], [4, 23, 5, 24], [9, 7, 10, 6], [21, 9, 22, 8], [10, 14, 11, 13], [12, 17, 13, 18], [14, 20, 15, 19], [1, 16, 2, 17]]"
12n_0056_104,"[[1, 16, 2, 17], [18, 11, 19, 12], [7, 21, 8, 20], [22, 3, 23, 4], [15, 24, 16, 1], [2, 5, 3, 6], [4, 23, 5, 24], [9, 7, 10, 6], [21, 9, 22, 8], [10, 14, 11, 13], [12, 17, 13, 18], [14, 20, 15, 19]]"
12n_0056_105,"[[14, 20, 15, 19], [1, 16, 2, 17], [18, 11, 19, 12], [7, 21, 8, 20], [22, 3, 23, 4], [15, 24, 16, 1], [2, 5, 3, 6], [4, 23, 5, 24], [9, 7, 10, 6], [21, 9, 22, 8], [10, 14, 11, 13], [12, 17, 13, 18]]"
12n_0056_106,"[[12, 17, 13, 18], [14, 20, 15, 19], [1, 16, 2, 17], [18, 11, 19, 12], [7, 21, 8, 20], [22, 3, 23, 4], [15, 24, 16, 1], [2, 5, 3, 6], [4, 23, 5, 24], [9, 7, 10, 6], [21, 9, 22, 8], [10, 14, 11, 13]]"
12n_0056_107,"[[10, 14, 11, 13], [12, 17, 13, 18], [14, 20, 15, 19], [1, 16, 2, 17], [18, 11, 19, 12], [7, 21, 8, 20], [22, 3, 23, 4], [15, 24, 16, 1], [2, 5, 3, 6], [4, 23, 5, 24], [9, 7, 10, 6], [21, 9, 22, 8]]"
12n_0056_108,"[[22, 10, 23, 9], [11, 15, 12, 14], [13, 18, 14, 19], [15, 21, 16, 20], [2, 17, 3, 18], [19, 12, 20, 13], [8, 22, 9, 21], [23, 4, 24, 5], [16, 1, 17, 2], [3, 6, 4, 7], [5, 24, 6, 1], [10, 8, 11, 7]]"
12n_0056_109,"[[10, 8, 11, 7], [22, 10, 23, 9], [11, 15, 12, 14], [13, 18, 14, 19], [15, 21, 16, 20], [2, 17, 3, 18], [19, 12, 20, 13], [8, 22, 9, 21], [23, 4, 24, 5], [16, 1, 17, 2], [3, 6, 4, 7], [5, 24, 6, 1]]"
12n_0056_110,"[[5, 24, 6, 1], [10, 8, 11, 7], [22, 10, 23, 9], [11, 15, 12, 14], [13, 18, 14, 19], [15, 21, 16, 20], [2, 17, 3, 18], [19, 12, 20, 13], [8, 22, 9, 21], [23, 4, 24, 5], [16, 1, 17, 2], [3, 6, 4, 7]]"
12n_0056_111,"[[3, 6, 4, 7], [5, 24, 6, 1], [10, 8, 11, 7], [22, 10, 23, 9], [11, 15, 12, 14], [13, 18, 14, 19], [15, 21, 16, 20], [2, 17, 3, 18], [19, 12, 20, 13], [8, 22, 9, 21], [23, 4, 24, 5], [16, 1, 17, 2]]"
12n_0056_112,"[[16, 1, 17, 2], [3, 6, 4, 7], [5, 24, 6, 1], [10, 8, 11, 7], [22, 10, 23, 9], [11, 15, 12, 14], [13, 18, 14, 19], [15, 21, 16, 20], [2, 17, 3, 18], [19, 12, 20, 13], [8, 22, 9, 21], [23, 4, 24, 5]]"
12n_0056_113,"[[23, 4, 24, 5], [16, 1, 17, 2], [3, 6, 4, 7], [5, 24, 6, 1], [10, 8, 11, 7], [22, 10, 23, 9], [11, 15, 12, 14], [13, 18, 14, 19], [15, 21, 16, 20], [2, 17, 3, 18], [19, 12, 20, 13], [8, 22, 9, 21]]"
12n_0056_114,"[[8, 22, 9, 21], [23, 4, 24, 5], [16, 1, 17, 2], [3, 6, 4, 7], [5, 24, 6, 1], [10, 8, 11, 7], [22, 10, 23, 9], [11, 15, 12, 14], [13, 18, 14, 19], [15, 21, 16, 20], [2, 17, 3, 18], [19, 12, 20, 13]]"
12n_0056_115,"[[19, 12, 20, 13], [8, 22, 9, 21], [23, 4, 24, 5], [16, 1, 17, 2], [3, 6, 4, 7], [5, 24, 6, 1], [10, 8, 11, 7], [22, 10, 23, 9], [11, 15, 12, 14], [13, 18, 14, 19], [15, 21, 16, 20], [2, 17, 3, 18]]"
12n_0056_116,"[[2, 17, 3, 18], [19, 12, 20, 13], [8, 22, 9, 21], [23, 4, 24, 5], [16, 1, 17, 2], [3, 6, 4, 7], [5, 24, 6, 1], [10, 8, 11, 7], [22, 10, 23, 9], [11, 15, 12, 14], [13, 18, 14, 19], [15, 21, 16, 20]]"
12n_0056_117,"[[15, 21, 16, 20], [2, 17, 3, 18], [19, 12, 20, 13], [8, 22, 9, 21], [23, 4, 24, 5], [16, 1, 17, 2], [3, 6, 4, 7], [5, 24, 6, 1], [10, 8, 11, 7], [22, 10, 23, 9], [11, 15, 12, 14], [13, 18, 14, 19]]"
12n_0056_118,"[[13, 18, 14, 19], [15, 21, 16, 20], [2, 17, 3, 18], [19, 12, 20, 13], [8, 22, 9, 21], [23, 4, 24, 5], [16, 1, 17, 2], [3, 6, 4, 7], [5, 24, 6, 1], [10, 8, 11, 7], [22, 10, 23, 9], [11, 15, 12, 14]]"
12n_0056_119,"[[11, 15, 12, 14], [13, 18, 14, 19], [15, 21, 16, 20], [2, 17, 3, 18], [19, 12, 20, 13], [8, 22, 9, 21], [23, 4, 24, 5], [16, 1, 17, 2], [3, 6, 4, 7], [5, 24, 6, 1], [10, 8, 11, 7], [22, 10, 23, 9]]"
12n_0056_120,"[[23, 11, 24, 10], [12, 16, 13, 15], [14, 19, 15, 20], [16, 22, 17, 21], [3, 18, 4, 19], [20, 13, 21, 14], [9, 23, 10, 22], [24, 5, 1, 6], [17, 2, 18, 3], [4, 7, 5, 8], [6, 1, 7, 2], [11, 9, 12, 8]]"
12n_0056_121,"[[11, 9, 12, 8], [23, 11, 24, 10], [12, 16, 13, 15], [14, 19, 15, 20], [16, 22, 17, 21], [3, 18, 4, 19], [20, 13, 21, 14], [9, 23, 10, 22], [24, 5, 1, 6], [17, 2, 18, 3], [4, 7, 5, 8], [6, 1, 7, 2]]"
12n_0056_122,"[[6, 1, 7, 2], [11, 9, 12, 8], [23, 11, 24, 10], [12, 16, 13, 15], [14, 19, 15, 20], [16, 22, 17, 21], [3, 18, 4, 19], [20, 13, 21, 14], [9, 23, 10, 22], [24, 5, 1, 6], [17, 2, 18, 3], [4, 7, 5, 8]]"
12n_0056_123,"[[4, 7, 5, 8], [6, 1, 7, 2], [11, 9, 12, 8], [23, 11, 24, 10], [12, 16, 13, 15], [14, 19, 15, 20], [16, 22, 17, 21], [3, 18, 4, 19], [20, 13, 21, 14], [9, 23, 10, 22], [24, 5, 1, 6], [17, 2, 18, 3]]"
12n_0056_124,"[[17, 2, 18, 3], [4, 7, 5, 8], [6, 1, 7, 2], [11, 9, 12, 8], [23, 11, 24, 10], [12, 16, 13, 15], [14, 19, 15, 20], [16, 22, 17, 21], [3, 18, 4, 19], [20, 13, 21, 14], [9, 23, 10, 22], [24, 5, 1, 6]]"
12n_0056_125,"[[24, 5, 1, 6], [17, 2, 18, 3], [4, 7, 5, 8], [6, 1, 7, 2], [11, 9, 12, 8], [23, 11, 24, 10], [12, 16, 13, 15], [14, 19, 15, 20], [16, 22, 17, 21], [3, 18, 4, 19], [20, 13, 21, 14], [9, 23, 10, 22]]"
12n_0056_126,"[[9, 23, 10, 22], [24, 5, 1, 6], [17, 2, 18, 3], [4, 7, 5, 8], [6, 1, 7, 2], [11, 9, 12, 8], [23, 11, 24, 10], [12, 16, 13, 15], [14, 19, 15, 20], [16, 22, 17, 21], [3, 18, 4, 19], [20, 13, 21, 14]]"
12n_0056_127,"[[20, 13, 21, 14], [9, 23, 10, 22], [24, 5, 1, 6], [17, 2, 18, 3], [4, 7, 5, 8], [6, 1, 7, 2], [11, 9, 12, 8], [23, 11, 24, 10], [12, 16, 13, 15], [14, 19, 15, 20], [16, 22, 17, 21], [3, 18, 4, 19]]"
12n_0056_128,"[[3, 18, 4, 19], [20, 13, 21, 14], [9, 23, 10, 22], [24, 5, 1, 6], [17, 2, 18, 3], [4, 7, 5, 8], [6, 1, 7, 2], [11, 9, 12, 8], [23, 11, 24, 10], [12, 16, 13, 15], [14, 19, 15, 20], [16, 22, 17, 21]]"
12n_0056_129,"[[16, 22, 17, 21], [3, 18, 4, 19], [20, 13, 21, 14], [9, 23, 10, 22], [24, 5, 1, 6], [17, 2, 18, 3], [4, 7, 5, 8], [6, 1, 7, 2], [11, 9, 12, 8], [23, 11, 24, 10], [12, 16, 13, 15], [14, 19, 15, 20]]"
12n_0056_130,"[[14, 19, 15, 20], [16, 22, 17, 21], [3, 18, 4, 19], [20, 13, 21, 14], [9, 23, 10, 22], [24, 5, 1, 6], [17, 2, 18, 3], [4, 7, 5, 8], [6, 1, 7, 2], [11, 9, 12, 8], [23, 11, 24, 10], [12, 16, 13, 15]]"
12n_0056_131,"[[12, 16, 13, 15], [14, 19, 15, 20], [16, 22, 17, 21], [3, 18, 4, 19], [20, 13, 21, 14], [9, 23, 10, 22], [24, 5, 1, 6], [17, 2, 18, 3], [4, 7, 5, 8], [6, 1, 7, 2], [11, 9, 12, 8], [23, 11, 24, 10]]"
12n_0056_132,"[[24, 12, 1, 11], [13, 17, 14, 16], [15, 20, 16, 21], [17, 23, 18, 22], [4, 19, 5, 20], [21, 14, 22, 15], [10, 24, 11, 23], [1, 6, 2, 7], [18, 3, 19, 4], [5, 8, 6, 9], [7, 2, 8, 3], [12, 10, 13, 9]]"
12n_0056_133,"[[12, 10, 13, 9], [24, 12, 1, 11], [13, 17, 14, 16], [15, 20, 16, 21], [17, 23, 18, 22], [4, 19, 5, 20], [21, 14, 22, 15], [10, 24, 11, 23], [1, 6, 2, 7], [18, 3, 19, 4], [5, 8, 6, 9], [7, 2, 8, 3]]"
12n_0056_134,"[[7, 2, 8, 3], [12, 10, 13, 9], [24, 12, 1, 11], [13, 17, 14, 16], [15, 20, 16, 21], [17, 23, 18, 22], [4, 19, 5, 20], [21, 14, 22, 15], [10, 24, 11, 23], [1, 6, 2, 7], [18, 3, 19, 4], [5, 8, 6, 9]]"
12n_0056_135,"[[5, 8, 6, 9], [7, 2, 8, 3], [12, 10, 13, 9], [24, 12, 1, 11], [13, 17, 14, 16], [15, 20, 16, 21], [17, 23, 18, 22], [4, 19, 5, 20], [21, 14, 22, 15], [10, 24, 11, 23], [1, 6, 2, 7], [18, 3, 19, 4]]"
12n_0056_136,"[[18, 3, 19, 4], [5, 8, 6, 9], [7, 2, 8, 3], [12, 10, 13, 9], [24, 12, 1, 11], [13, 17, 14, 16], [15, 20, 16, 21], [17, 23, 18, 22], [4, 19, 5, 20], [21, 14, 22, 15], [10, 24, 11, 23], [1, 6, 2, 7]]"
12n_0056_137,"[[1, 6, 2, 7], [18, 3, 19, 4], [5, 8, 6, 9], [7, 2, 8, 3], [12, 10, 13, 9], [24, 12, 1, 11], [13, 17, 14, 16], [15, 20, 16, 21], [17, 23, 18, 22], [4, 19, 5, 20], [21, 14, 22, 15], [10, 24, 11, 23]]"
12n_0056_138,"[[10, 24, 11, 23], [1, 6, 2, 7], [18, 3, 19, 4], [5, 8, 6, 9], [7, 2, 8, 3], [12, 10, 13, 9], [24, 12, 1, 11], [13, 17, 14, 16], [15, 20, 16, 21], [17, 23, 18, 22], [4, 19, 5, 20], [21, 14, 22, 15]]"
12n_0056_139,"[[21, 14, 22, 15], [10, 24, 11, 23], [1, 6, 2, 7], [18, 3, 19, 4], [5, 8, 6, 9], [7, 2, 8, 3], [12, 10, 13, 9], [24, 12, 1, 11], [13, 17, 14, 16], [15, 20, 16, 21], [17, 23, 18, 22], [4, 19, 5, 20]]"
12n_0056_140,"[[4, 19, 5, 20], [21, 14, 22, 15], [10, 24, 11, 23], [1, 6, 2, 7], [18, 3, 19, 4], [5, 8, 6, 9], [7, 2, 8, 3], [12, 10, 13, 9], [24, 12, 1, 11], [13, 17, 14, 16], [15, 20, 16, 21], [17, 23, 18, 22]]"
12n_0056_141,"[[17, 23, 18, 22], [4, 19, 5, 20], [21, 14, 22, 15], [10, 24, 11, 23], [1, 6, 2, 7], [18, 3, 19, 4], [5, 8, 6, 9], [7, 2, 8, 3], [12, 10, 13, 9], [24, 12, 1, 11], [13, 17, 14, 16], [15, 20, 16, 21]]"
12n_0056_142,"[[15, 20, 16, 21], [17, 23, 18, 22], [4, 19, 5, 20], [21, 14, 22, 15], [10, 24, 11, 23], [1, 6, 2, 7], [18, 3, 19, 4], [5, 8, 6, 9], [7, 2, 8, 3], [12, 10, 13, 9], [24, 12, 1, 11], [13, 17, 14, 16]]"
12n_0056_143,"[[13, 17, 14, 16], [15, 20, 16, 21], [17, 23, 18, 22], [4, 19, 5, 20], [21, 14, 22, 15], [10, 24, 11, 23], [1, 6, 2, 7], [18, 3, 19, 4], [5, 8, 6, 9], [7, 2, 8, 3], [12, 10, 13, 9], [24, 12, 1, 11]]"
12n_0056_144,"[[1, 13, 2, 12], [14, 18, 15, 17], [16, 21, 17, 22], [18, 24, 19, 23], [5, 20, 6, 21], [22, 15, 23, 16], [11, 1, 12, 24], [2, 7, 3, 8], [19, 4, 20, 5], [6, 9, 7, 10], [8, 3, 9, 4], [13, 11, 14, 10]]"
12n_0056_145,"[[13, 11, 14, 10], [1, 13, 2, 12], [14, 18, 15, 17], [16, 21, 17, 22], [18, 24, 19, 23], [5, 20, 6, 21], [22, 15, 23, 16], [11, 1, 12, 24], [2, 7, 3, 8], [19, 4, 20, 5], [6, 9, 7, 10], [8, 3, 9, 4]]"
12n_0056_146,"[[8, 3, 9, 4], [13, 11, 14, 10], [1, 13, 2, 12], [14, 18, 15, 17], [16, 21, 17, 22], [18, 24, 19, 23], [5, 20, 6, 21], [22, 15, 23, 16], [11, 1, 12, 24], [2, 7, 3, 8], [19, 4, 20, 5], [6, 9, 7, 10]]"
12n_0056_147,"[[6, 9, 7, 10], [8, 3, 9, 4], [13, 11, 14, 10], [1, 13, 2, 12], [14, 18, 15, 17], [16, 21, 17, 22], [18, 24, 19, 23], [5, 20, 6, 21], [22, 15, 23, 16], [11, 1, 12, 24], [2, 7, 3, 8], [19, 4, 20, 5]]"
12n_0056_148,"[[19, 4, 20, 5], [6, 9, 7, 10], [8, 3, 9, 4], [13, 11, 14, 10], [1, 13, 2, 12], [14, 18, 15, 17], [16, 21, 17, 22], [18, 24, 19, 23], [5, 20, 6, 21], [22, 15, 23, 16], [11, 1, 12, 24], [2, 7, 3, 8]]"
12n_0056_149,"[[2, 7, 3, 8], [19, 4, 20, 5], [6, 9, 7, 10], [8, 3, 9, 4], [13, 11, 14, 10], [1, 13, 2, 12], [14, 18, 15, 17], [16, 21, 17, 22], [18, 24, 19, 23], [5, 20, 6, 21], [22, 15, 23, 16], [11, 1, 12, 24]]"
12n_0056_150,"[[11, 1, 12, 24], [2, 7, 3, 8], [19, 4, 20, 5], [6, 9, 7, 10], [8, 3, 9, 4], [13, 11, 14, 10], [1, 13, 2, 12], [14, 18, 15, 17], [16, 21, 17, 22], [18, 24, 19, 23], [5, 20, 6, 21], [22, 15, 23, 16]]"
12n_0056_151,"[[22, 15, 23, 16], [11, 1, 12, 24], [2, 7, 3, 8], [19, 4, 20, 5], [6, 9, 7, 10], [8, 3, 9, 4], [13, 11, 14, 10], [1, 13, 2, 12], [14, 18, 15, 17], [16, 21, 17, 22], [18, 24, 19, 23], [5, 20, 6, 21]]"
12n_0056_152,"[[5, 20, 6, 21], [22, 15, 23, 16], [11, 1, 12, 24], [2, 7, 3, 8], [19, 4, 20, 5], [6, 9, 7, 10], [8, 3, 9, 4], [13, 11, 14, 10], [1, 13, 2, 12], [14, 18, 15, 17], [16, 21, 17, 22], [18, 24, 19, 23]]"
12n_0056_153,"[[18, 24, 19, 23], [5, 20, 6, 21], [22, 15, 23, 16], [11, 1, 12, 24], [2, 7, 3, 8], [19, 4, 20, 5], [6, 9, 7, 10], [8, 3, 9, 4], [13, 11, 14, 10], [1, 13, 2, 12], [14, 18, 15, 17], [16, 21, 17, 22]]"
12n_0056_154,"[[16, 21, 17, 22], [18, 24, 19, 23], [5, 20, 6, 21], [22, 15, 23, 16], [11, 1, 12, 24], [2, 7, 3, 8], [19, 4, 20, 5], [6, 9, 7, 10], [8, 3, 9, 4], [13, 11, 14, 10], [1, 13, 2, 12], [14, 18, 15, 17]]"
12n_0056_155,"[[14, 18, 15, 17], [16, 21, 17, 22], [18, 24, 19, 23], [5, 20, 6, 21], [22, 15, 23, 16], [11, 1, 12, 24], [2, 7, 3, 8], [19, 4, 20, 5], [6, 9, 7, 10], [8, 3, 9, 4], [13, 11, 14, 10], [1, 13, 2, 12]]"
12n_0056_156,"[[2, 14, 3, 13], [15, 19, 16, 18], [17, 22, 18, 23], [19, 1, 20, 24], [6, 21, 7, 22], [23, 16, 24, 17], [12, 2, 13, 1], [3, 8, 4, 9], [20, 5, 21, 6], [7, 10, 8, 11], [9, 4, 10, 5], [14, 12, 15, 11]]"
12n_0056_157,"[[14, 12, 15, 11], [2, 14, 3, 13], [15, 19, 16, 18], [17, 22, 18, 23], [19, 1, 20, 24], [6, 21, 7, 22], [23, 16, 24, 17], [12, 2, 13, 1], [3, 8, 4, 9], [20, 5, 21, 6], [7, 10, 8, 11], [9, 4, 10, 5]]"
12n_0056_158,"[[9, 4, 10, 5], [14, 12, 15, 11], [2, 14, 3, 13], [15, 19, 16, 18], [17, 22, 18, 23], [19, 1, 20, 24], [6, 21, 7, 22], [23, 16, 24, 17], [12, 2, 13, 1], [3, 8, 4, 9], [20, 5, 21, 6], [7, 10, 8, 11]]"
12n_0056_159,"[[7, 10, 8, 11], [9, 4, 10, 5], [14, 12, 15, 11], [2, 14, 3, 13], [15, 19, 16, 18], [17, 22, 18, 23], [19, 1, 20, 24], [6, 21, 7, 22], [23, 16, 24, 17], [12, 2, 13, 1], [3, 8, 4, 9], [20, 5, 21, 6]]"
12n_0056_160,"[[20, 5, 21, 6], [7, 10, 8, 11], [9, 4, 10, 5], [14, 12, 15, 11], [2, 14, 3, 13], [15, 19, 16, 18], [17, 22, 18, 23], [19, 1, 20, 24], [6, 21, 7, 22], [23, 16, 24, 17], [12, 2, 13, 1], [3, 8, 4, 9]]"
12n_0056_161,"[[3, 8, 4, 9], [20, 5, 21, 6], [7, 10, 8, 11], [9, 4, 10, 5], [14, 12, 15, 11], [2, 14, 3, 13], [15, 19, 16, 18], [17, 22, 18, 23], [19, 1, 20, 24], [6, 21, 7, 22], [23, 16, 24, 17], [12, 2, 13, 1]]"
12n_0056_162,"[[12, 2, 13, 1], [3, 8, 4, 9], [20, 5, 21, 6], [7, 10, 8, 11], [9, 4, 10, 5], [14, 12, 15, 11], [2, 14, 3, 13], [15, 19, 16, 18], [17, 22, 18, 23], [19, 1, 20, 24], [6, 21, 7, 22], [23, 16, 24, 17]]"
12n_0056_163,"[[23, 16, 24, 17], [12, 2, 13, 1], [3, 8, 4, 9], [20, 5, 21, 6], [7, 10, 8, 11], [9, 4, 10, 5], [14, 12, 15, 11], [2, 14, 3, 13], [15, 19, 16, 18], [17, 22, 18, 23], [19, 1, 20, 24], [6, 21, 7, 22]]"
12n_0056_164,"[[6, 21, 7, 22], [23, 16, 24, 17], [12, 2, 13, 1], [3, 8, 4, 9], [20, 5, 21, 6], [7, 10, 8, 11], [9, 4, 10, 5], [14, 12, 15, 11], [2, 14, 3, 13], [15, 19, 16, 18], [17, 22, 18, 23], [19, 1, 20, 24]]"
12n_0056_165,"[[19, 1, 20, 24], [6, 21, 7, 22], [23, 16, 24, 17], [12, 2, 13, 1], [3, 8, 4, 9], [20, 5, 21, 6], [7, 10, 8, 11], [9, 4, 10, 5], [14, 12, 15, 11], [2, 14, 3, 13], [15, 19, 16, 18], [17, 22, 18, 23]]"
12n_0056_166,"[[17, 22, 18, 23], [19, 1, 20, 24], [6, 21, 7, 22], [23, 16, 24, 17], [12, 2, 13, 1], [3, 8, 4, 9], [20, 5, 21, 6], [7, 10, 8, 11], [9, 4, 10, 5], [14, 12, 15, 11], [2, 14, 3, 13], [15, 19, 16, 18]]"
12n_0056_167,"[[15, 19, 16, 18], [17, 22, 18, 23], [19, 1, 20, 24], [6, 21, 7, 22], [23, 16, 24, 17], [12, 2, 13, 1], [3, 8, 4, 9], [20, 5, 21, 6], [7, 10, 8, 11], [9, 4, 10, 5], [14, 12, 15, 11], [2, 14, 3, 13]]"
12n_0056_168,"[[3, 15, 4, 14], [16, 20, 17, 19], [18, 23, 19, 24], [20, 2, 21, 1], [7, 22, 8, 23], [24, 17, 1, 18], [13, 3, 14, 2], [4, 9, 5, 10], [21, 6, 22, 7], [8, 11, 9, 12], [10, 5, 11, 6], [15, 13, 16, 12]]"
12n_0056_169,"[[15, 13, 16, 12], [3, 15, 4, 14], [16, 20, 17, 19], [18, 23, 19, 24], [20, 2, 21, 1], [7, 22, 8, 23], [24, 17, 1, 18], [13, 3, 14, 2], [4, 9, 5, 10], [21, 6, 22, 7], [8, 11, 9, 12], [10, 5, 11, 6]]"
12n_0056_170,"[[10, 5, 11, 6], [15, 13, 16, 12], [3, 15, 4, 14], [16, 20, 17, 19], [18, 23, 19, 24], [20, 2, 21, 1], [7, 22, 8, 23], [24, 17, 1, 18], [13, 3, 14, 2], [4, 9, 5, 10], [21, 6, 22, 7], [8, 11, 9, 12]]"
12n_0056_171,"[[8, 11, 9, 12], [10, 5, 11, 6], [15, 13, 16, 12], [3, 15, 4, 14], [16, 20, 17, 19], [18, 23, 19, 24], [20, 2, 21, 1], [7, 22, 8, 23], [24, 17, 1, 18], [13, 3, 14, 2], [4, 9, 5, 10], [21, 6, 22, 7]]"
12n_0056_172,"[[21, 6, 22, 7], [8, 11, 9, 12], [10, 5, 11, 6], [15, 13, 16, 12], [3, 15, 4, 14], [16, 20, 17, 19], [18, 23, 19, 24], [20, 2, 21, 1], [7, 22, 8, 23], [24, 17, 1, 18], [13, 3, 14, 2], [4, 9, 5, 10]]"
12n_0056_173,"[[4, 9, 5, 10], [21, 6, 22, 7], [8, 11, 9, 12], [10, 5, 11, 6], [15, 13, 16, 12], [3, 15, 4, 14], [16, 20, 17, 19], [18, 23, 19, 24], [20, 2, 21, 1], [7, 22, 8, 23], [24, 17, 1, 18], [13, 3, 14, 2]]"
12n_0056_174,"[[13, 3, 14, 2], [4, 9, 5, 10], [21, 6, 22, 7], [8, 11, 9, 12], [10, 5, 11, 6], [15, 13, 16, 12], [3, 15, 4, 14], [16, 20, 17, 19], [18, 23, 19, 24], [20, 2, 21, 1], [7, 22, 8, 23], [24, 17, 1, 18]]"
12n_0056_175,"[[24, 17, 1, 18], [13, 3, 14, 2], [4, 9, 5, 10], [21, 6, 22, 7], [8, 11, 9, 12], [10, 5, 11, 6], [15, 13, 16, 12], [3, 15, 4, 14], [16, 20, 17, 19], [18, 23, 19, 24], [20, 2, 21, 1], [7, 22, 8, 23]]"
12n_0056_176,"[[7, 22, 8, 23], [24, 17, 1, 18], [13, 3, 14, 2], [4, 9, 5, 10], [21, 6, 22, 7], [8, 11, 9, 12], [10, 5, 11, 6], [15, 13, 16, 12], [3, 15, 4, 14], [16, 20, 17, 19], [18, 23, 19, 24], [20, 2, 21, 1]]"
12n_0056_177,"[[20, 2, 21, 1], [7, 22, 8, 23], [24, 17, 1, 18], [13, 3, 14, 2], [4, 9, 5, 10], [21, 6, 22, 7], [8, 11, 9, 12], [10, 5, 11, 6], [15, 13, 16, 12], [3, 15, 4, 14], [16, 20, 17, 19], [18, 23, 19, 24]]"
12n_0056_178,"[[18, 23, 19, 24], [20, 2, 21, 1], [7, 22, 8, 23], [24, 17, 1, 18], [13, 3, 14, 2], [4, 9, 5, 10], [21, 6, 22, 7], [8, 11, 9, 12], [10, 5, 11, 6], [15, 13, 16, 12], [3, 15, 4, 14], [16, 20, 17, 19]]"
12n_0056_179,"[[16, 20, 17, 19], [18, 23, 19, 24], [20, 2, 21, 1], [7, 22, 8, 23], [24, 17, 1, 18], [13, 3, 14, 2], [4, 9, 5, 10], [21, 6, 22, 7], [8, 11, 9, 12], [10, 5, 11, 6], [15, 13, 16, 12], [3, 15, 4, 14]]"
12n_0056_180,"[[4, 16, 5, 15], [17, 21, 18, 20], [19, 24, 20, 1], [21, 3, 22, 2], [8, 23, 9, 24], [1, 18, 2, 19], [14, 4, 15, 3], [5, 10, 6, 11], [22, 7, 23, 8], [9, 12, 10, 13], [11, 6, 12, 7], [16, 14, 17, 13]]"
12n_0056_181,"[[16, 14, 17, 13], [4, 16, 5, 15], [17, 21, 18, 20], [19, 24, 20, 1], [21, 3, 22, 2], [8, 23, 9, 24], [1, 18, 2, 19], [14, 4, 15, 3], [5, 10, 6, 11], [22, 7, 23, 8], [9, 12, 10, 13], [11, 6, 12, 7]]"
12n_0056_182,"[[11, 6, 12, 7], [16, 14, 17, 13], [4, 16, 5, 15], [17, 21, 18, 20], [19, 24, 20, 1], [21, 3, 22, 2], [8, 23, 9, 24], [1, 18, 2, 19], [14, 4, 15, 3], [5, 10, 6, 11], [22, 7, 23, 8], [9, 12, 10, 13]]"
12n_0056_183,"[[9, 12, 10, 13], [11, 6, 12, 7], [16, 14, 17, 13], [4, 16, 5, 15], [17, 21, 18, 20], [19, 24, 20, 1], [21, 3, 22, 2], [8, 23, 9, 24], [1, 18, 2, 19], [14, 4, 15, 3], [5, 10, 6, 11], [22, 7, 23, 8]]"
12n_0056_184,"[[22, 7, 23, 8], [9, 12, 10, 13], [11, 6, 12, 7], [16, 14, 17, 13], [4, 16, 5, 15], [17, 21, 18, 20], [19, 24, 20, 1], [21, 3, 22, 2], [8, 23, 9, 24], [1, 18, 2, 19], [14, 4, 15, 3], [5, 10, 6, 11]]"
12n_0056_185,"[[5, 10, 6, 11], [22, 7, 23, 8], [9, 12, 10, 13], [11, 6, 12, 7], [16, 14, 17, 13], [4, 16, 5, 15], [17, 21, 18, 20], [19, 24, 20, 1], [21, 3, 22, 2], [8, 23, 9, 24], [1, 18, 2, 19], [14, 4, 15, 3]]"
