name,pd_notation
12n_0078_0,"[[24, 17, 1, 18], [2, 6, 3, 5], [4, 10, 5, 9], [13, 7, 14, 6], [8, 4, 9, 3], [10, 15, 11, 16], [12, 21, 13, 22], [7, 15, 8, 14], [16, 1, 17, 2], [18, 23, 19, 24], [20, 11, 21, 12], [22, 19, 23, 20]]"
12n_0078_1,"[[22, 19, 23, 20], [24, 17, 1, 18], [2, 6, 3, 5], [4, 10, 5, 9], [13, 7, 14, 6], [8, 4, 9, 3], [10, 15, 11, 16], [12, 21, 13, 22], [7, 15, 8, 14], [16, 1, 17, 2], [18, 23, 19, 24], [20, 11, 21, 12]]"
12n_0078_2,"[[20, 11, 21, 12], [22, 19, 23, 20], [24, 17, 1, 18], [2, 6, 3, 5], [4, 10, 5, 9], [13, 7, 14, 6], [8, 4, 9, 3], [10, 15, 11, 16], [12, 21, 13, 22], [7, 15, 8, 14], [16, 1, 17, 2], [18, 23, 19, 24]]"
12n_0078_3,"[[18, 23, 19, 24], [20, 11, 21, 12], [22, 19, 23, 20], [24, 17, 1, 18], [2, 6, 3, 5], [4, 10, 5, 9], [13, 7, 14, 6], [8, 4, 9, 3], [10, 15, 11, 16], [12, 21, 13, 22], [7, 15, 8, 14], [16, 1, 17, 2]]"
12n_0078_4,"[[16, 1, 17, 2], [18, 23, 19, 24], [20, 11, 21, 12], [22, 19, 23, 20], [24, 17, 1, 18], [2, 6, 3, 5], [4, 10, 5, 9], [13, 7, 14, 6], [8, 4, 9, 3], [10, 15, 11, 16], [12, 21, 13, 22], [7, 15, 8, 14]]"
12n_0078_5,"[[7, 15, 8, 14], [16, 1, 17, 2], [18, 23, 19, 24], [20, 11, 21, 12], [22, 19, 23, 20], [24, 17, 1, 18], [2, 6, 3, 5], [4, 10, 5, 9], [13, 7, 14, 6], [8, 4, 9, 3], [10, 15, 11, 16], [12, 21, 13, 22]]"
12n_0078_6,"[[12, 21, 13, 22], [7, 15, 8, 14], [16, 1, 17, 2], [18, 23, 19, 24], [20, 11, 21, 12], [22, 19, 23, 20], [24, 17, 1, 18], [2, 6, 3, 5], [4, 10, 5, 9], [13, 7, 14, 6], [8, 4, 9, 3], [10, 15, 11, 16]]"
12n_0078_7,"[[10, 15, 11, 16], [12, 21, 13, 22], [7, 15, 8, 14], [16, 1, 17, 2], [18, 23, 19, 24], [20, 11, 21, 12], [22, 19, 23, 20], [24, 17, 1, 18], [2, 6, 3, 5], [4, 10, 5, 9], [13, 7, 14, 6], [8, 4, 9, 3]]"
12n_0078_8,"[[8, 4, 9, 3], [10, 15, 11, 16], [12, 21, 13, 22], [7, 15, 8, 14], [16, 1, 17, 2], [18, 23, 19, 24], [20, 11, 21, 12], [22, 19, 23, 20], [24, 17, 1, 18], [2, 6, 3, 5], [4, 10, 5, 9], [13, 7, 14, 6]]"
12n_0078_9,"[[13, 7, 14, 6], [8, 4, 9, 3], [10, 15, 11, 16], [12, 21, 13, 22], [7, 15, 8, 14], [16, 1, 17, 2], [18, 23, 19, 24], [20, 11, 21, 12], [22, 19, 23, 20], [24, 17, 1, 18], [2, 6, 3, 5], [4, 10, 5, 9]]"
12n_0078_10,"[[4, 10, 5, 9], [13, 7, 14, 6], [8, 4, 9, 3], [10, 15, 11, 16], [12, 21, 13, 22], [7, 15, 8, 14], [16, 1, 17, 2], [18, 23, 19, 24], [20, 11, 21, 12], [22, 19, 23, 20], [24, 17, 1, 18], [2, 6, 3, 5]]"
12n_0078_11,"[[2, 6, 3, 5], [4, 10, 5, 9], [13, 7, 14, 6], [8, 4, 9, 3], [10, 15, 11, 16], [12, 21, 13, 22], [7, 15, 8, 14], [16, 1, 17, 2], [18, 23, 19, 24], [20, 11, 21, 12], [22, 19, 23, 20], [24, 17, 1, 18]]"
12n_0078_12,"[[1, 18, 2, 19], [3, 7, 4, 6], [5, 11, 6, 10], [14, 8, 15, 7], [9, 5, 10, 4], [11, 16, 12, 17], [13, 22, 14, 23], [8, 16, 9, 15], [17, 2, 18, 3], [19, 24, 20, 1], [21, 12, 22, 13], [23, 20, 24, 21]]"
12n_0078_13,"[[23, 20, 24, 21], [1, 18, 2, 19], [3, 7, 4, 6], [5, 11, 6, 10], [14, 8, 15, 7], [9, 5, 10, 4], [11, 16, 12, 17], [13, 22, 14, 23], [8, 16, 9, 15], [17, 2, 18, 3], [19, 24, 20, 1], [21, 12, 22, 13]]"
12n_0078_14,"[[21, 12, 22, 13], [23, 20, 24, 21], [1, 18, 2, 19], [3, 7, 4, 6], [5, 11, 6, 10], [14, 8, 15, 7], [9, 5, 10, 4], [11, 16, 12, 17], [13, 22, 14, 23], [8, 16, 9, 15], [17, 2, 18, 3], [19, 24, 20, 1]]"
12n_0078_15,"[[19, 24, 20, 1], [21, 12, 22, 13], [23, 20, 24, 21], [1, 18, 2, 19], [3, 7, 4, 6], [5, 11, 6, 10], [14, 8, 15, 7], [9, 5, 10, 4], [11, 16, 12, 17], [13, 22, 14, 23], [8, 16, 9, 15], [17, 2, 18, 3]]"
12n_0078_16,"[[17, 2, 18, 3], [19, 24, 20, 1], [21, 12, 22, 13], [23, 20, 24, 21], [1, 18, 2, 19], [3, 7, 4, 6], [5, 11, 6, 10], [14, 8, 15, 7], [9, 5, 10, 4], [11, 16, 12, 17], [13, 22, 14, 23], [8, 16, 9, 15]]"
12n_0078_17,"[[8, 16, 9, 15], [17, 2, 18, 3], [19, 24, 20, 1], [21, 12, 22, 13], [23, 20, 24, 21], [1, 18, 2, 19], [3, 7, 4, 6], [5, 11, 6, 10], [14, 8, 15, 7], [9, 5, 10, 4], [11, 16, 12, 17], [13, 22, 14, 23]]"
12n_0078_18,"[[13, 22, 14, 23], [8, 16, 9, 15], [17, 2, 18, 3], [19, 24, 20, 1], [21, 12, 22, 13], [23, 20, 24, 21], [1, 18, 2, 19], [3, 7, 4, 6], [5, 11, 6, 10], [14, 8, 15, 7], [9, 5, 10, 4], [11, 16, 12, 17]]"
12n_0078_19,"[[11, 16, 12, 17], [13, 22, 14, 23], [8, 16, 9, 15], [17, 2, 18, 3], [19, 24, 20, 1], [21, 12, 22, 13], [23, 20, 24, 21], [1, 18, 2, 19], [3, 7, 4, 6], [5, 11, 6, 10], [14, 8, 15, 7], [9, 5, 10, 4]]"
12n_0078_20,"[[9, 5, 10, 4], [11, 16, 12, 17], [13, 22, 14, 23], [8, 16, 9, 15], [17, 2, 18, 3], [19, 24, 20, 1], [21, 12, 22, 13], [23, 20, 24, 21], [1, 18, 2, 19], [3, 7, 4, 6], [5, 11, 6, 10], [14, 8, 15, 7]]"
12n_0078_21,"[[14, 8, 15, 7], [9, 5, 10, 4], [11, 16, 12, 17], [13, 22, 14, 23], [8, 16, 9, 15], [17, 2, 18, 3], [19, 24, 20, 1], [21, 12, 22, 13], [23, 20, 24, 21], [1, 18, 2, 19], [3, 7, 4, 6], [5, 11, 6, 10]]"
12n_0078_22,"[[5, 11, 6, 10], [14, 8, 15, 7], [9, 5, 10, 4], [11, 16, 12, 17], [13, 22, 14, 23], [8, 16, 9, 15], [17, 2, 18, 3], [19, 24, 20, 1], [21, 12, 22, 13], [23, 20, 24, 21], [1, 18, 2, 19], [3, 7, 4, 6]]"
12n_0078_23,"[[3, 7, 4, 6], [5, 11, 6, 10], [14, 8, 15, 7], [9, 5, 10, 4], [11, 16, 12, 17], [13, 22, 14, 23], [8, 16, 9, 15], [17, 2, 18, 3], [19, 24, 20, 1], [21, 12, 22, 13], [23, 20, 24, 21], [1, 18, 2, 19]]"
12n_0078_24,"[[2, 19, 3, 20], [4, 8, 5, 7], [6, 12, 7, 11], [15, 9, 16, 8], [10, 6, 11, 5], [12, 17, 13, 18], [14, 23, 15, 24], [9, 17, 10, 16], [18, 3, 19, 4], [20, 1, 21, 2], [22, 13, 23, 14], [24, 21, 1, 22]]"
12n_0078_25,"[[24, 21, 1, 22], [2, 19, 3, 20], [4, 8, 5, 7], [6, 12, 7, 11], [15, 9, 16, 8], [10, 6, 11, 5], [12, 17, 13, 18], [14, 23, 15, 24], [9, 17, 10, 16], [18, 3, 19, 4], [20, 1, 21, 2], [22, 13, 23, 14]]"
12n_0078_26,"[[22, 13, 23, 14], [24, 21, 1, 22], [2, 19, 3, 20], [4, 8, 5, 7], [6, 12, 7, 11], [15, 9, 16, 8], [10, 6, 11, 5], [12, 17, 13, 18], [14, 23, 15, 24], [9, 17, 10, 16], [18, 3, 19, 4], [20, 1, 21, 2]]"
12n_0078_27,"[[20, 1, 21, 2], [22, 13, 23, 14], [24, 21, 1, 22], [2, 19, 3, 20], [4, 8, 5, 7], [6, 12, 7, 11], [15, 9, 16, 8], [10, 6, 11, 5], [12, 17, 13, 18], [14, 23, 15, 24], [9, 17, 10, 16], [18, 3, 19, 4]]"
12n_0078_28,"[[18, 3, 19, 4], [20, 1, 21, 2], [22, 13, 23, 14], [24, 21, 1, 22], [2, 19, 3, 20], [4, 8, 5, 7], [6, 12, 7, 11], [15, 9, 16, 8], [10, 6, 11, 5], [12, 17, 13, 18], [14, 23, 15, 24], [9, 17, 10, 16]]"
12n_0078_29,"[[9, 17, 10, 16], [18, 3, 19, 4], [20, 1, 21, 2], [22, 13, 23, 14], [24, 21, 1, 22], [2, 19, 3, 20], [4, 8, 5, 7], [6, 12, 7, 11], [15, 9, 16, 8], [10, 6, 11, 5], [12, 17, 13, 18], [14, 23, 15, 24]]"
12n_0078_30,"[[14, 23, 15, 24], [9, 17, 10, 16], [18, 3, 19, 4], [20, 1, 21, 2], [22, 13, 23, 14], [24, 21, 1, 22], [2, 19, 3, 20], [4, 8, 5, 7], [6, 12, 7, 11], [15, 9, 16, 8], [10, 6, 11, 5], [12, 17, 13, 18]]"
12n_0078_31,"[[12, 17, 13, 18], [14, 23, 15, 24], [9, 17, 10, 16], [18, 3, 19, 4], [20, 1, 21, 2], [22, 13, 23, 14], [24, 21, 1, 22], [2, 19, 3, 20], [4, 8, 5, 7], [6, 12, 7, 11], [15, 9, 16, 8], [10, 6, 11, 5]]"
12n_0078_32,"[[10, 6, 11, 5], [12, 17, 13, 18], [14, 23, 15, 24], [9, 17, 10, 16], [18, 3, 19, 4], [20, 1, 21, 2], [22, 13, 23, 14], [24, 21, 1, 22], [2, 19, 3, 20], [4, 8, 5, 7], [6, 12, 7, 11], [15, 9, 16, 8]]"
12n_0078_33,"[[15, 9, 16, 8], [10, 6, 11, 5], [12, 17, 13, 18], [14, 23, 15, 24], [9, 17, 10, 16], [18, 3, 19, 4], [20, 1, 21, 2], [22, 13, 23, 14], [24, 21, 1, 22], [2, 19, 3, 20], [4, 8, 5, 7], [6, 12, 7, 11]]"
12n_0078_34,"[[6, 12, 7, 11], [15, 9, 16, 8], [10, 6, 11, 5], [12, 17, 13, 18], [14, 23, 15, 24], [9, 17, 10, 16], [18, 3, 19, 4], [20, 1, 21, 2], [22, 13, 23, 14], [24, 21, 1, 22], [2, 19, 3, 20], [4, 8, 5, 7]]"
12n_0078_35,"[[4, 8, 5, 7], [6, 12, 7, 11], [15, 9, 16, 8], [10, 6, 11, 5], [12, 17, 13, 18], [14, 23, 15, 24], [9, 17, 10, 16], [18, 3, 19, 4], [20, 1, 21, 2], [22, 13, 23, 14], [24, 21, 1, 22], [2, 19, 3, 20]]"
12n_0078_36,"[[3, 20, 4, 21], [5, 9, 6, 8], [7, 13, 8, 12], [16, 10, 17, 9], [11, 7, 12, 6], [13, 18, 14, 19], [15, 24, 16, 1], [10, 18, 11, 17], [19, 4, 20, 5], [21, 2, 22, 3], [23, 14, 24, 15], [1, 22, 2, 23]]"
12n_0078_37,"[[1, 22, 2, 23], [3, 20, 4, 21], [5, 9, 6, 8], [7, 13, 8, 12], [16, 10, 17, 9], [11, 7, 12, 6], [13, 18, 14, 19], [15, 24, 16, 1], [10, 18, 11, 17], [19, 4, 20, 5], [21, 2, 22, 3], [23, 14, 24, 15]]"
12n_0078_38,"[[23, 14, 24, 15], [1, 22, 2, 23], [3, 20, 4, 21], [5, 9, 6, 8], [7, 13, 8, 12], [16, 10, 17, 9], [11, 7, 12, 6], [13, 18, 14, 19], [15, 24, 16, 1], [10, 18, 11, 17], [19, 4, 20, 5], [21, 2, 22, 3]]"
12n_0078_39,"[[21, 2, 22, 3], [23, 14, 24, 15], [1, 22, 2, 23], [3, 20, 4, 21], [5, 9, 6, 8], [7, 13, 8, 12], [16, 10, 17, 9], [11, 7, 12, 6], [13, 18, 14, 19], [15, 24, 16, 1], [10, 18, 11, 17], [19, 4, 20, 5]]"
12n_0078_40,"[[19, 4, 20, 5], [21, 2, 22, 3], [23, 14, 24, 15], [1, 22, 2, 23], [3, 20, 4, 21], [5, 9, 6, 8], [7, 13, 8, 12], [16, 10, 17, 9], [11, 7, 12, 6], [13, 18, 14, 19], [15, 24, 16, 1], [10, 18, 11, 17]]"
12n_0078_41,"[[10, 18, 11, 17], [19, 4, 20, 5], [21, 2, 22, 3], [23, 14, 24, 15], [1, 22, 2, 23], [3, 20, 4, 21], [5, 9, 6, 8], [7, 13, 8, 12], [16, 10, 17, 9], [11, 7, 12, 6], [13, 18, 14, 19], [15, 24, 16, 1]]"
12n_0078_42,"[[15, 24, 16, 1], [10, 18, 11, 17], [19, 4, 20, 5], [21, 2, 22, 3], [23, 14, 24, 15], [1, 22, 2, 23], [3, 20, 4, 21], [5, 9, 6, 8], [7, 13, 8, 12], [16, 10, 17, 9], [11, 7, 12, 6], [13, 18, 14, 19]]"
12n_0078_43,"[[13, 18, 14, 19], [15, 24, 16, 1], [10, 18, 11, 17], [19, 4, 20, 5], [21, 2, 22, 3], [23, 14, 24, 15], [1, 22, 2, 23], [3, 20, 4, 21], [5, 9, 6, 8], [7, 13, 8, 12], [16, 10, 17, 9], [11, 7, 12, 6]]"
12n_0078_44,"[[11, 7, 12, 6], [13, 18, 14, 19], [15, 24, 16, 1], [10, 18, 11, 17], [19, 4, 20, 5], [21, 2, 22, 3], [23, 14, 24, 15], [1, 22, 2, 23], [3, 20, 4, 21], [5, 9, 6, 8], [7, 13, 8, 12], [16, 10, 17, 9]]"
12n_0078_45,"[[16, 10, 17, 9], [11, 7, 12, 6], [13, 18, 14, 19], [15, 24, 16, 1], [10, 18, 11, 17], [19, 4, 20, 5], [21, 2, 22, 3], [23, 14, 24, 15], [1, 22, 2, 23], [3, 20, 4, 21], [5, 9, 6, 8], [7, 13, 8, 12]]"
12n_0078_46,"[[7, 13, 8, 12], [16, 10, 17, 9], [11, 7, 12, 6], [13, 18, 14, 19], [15, 24, 16, 1], [10, 18, 11, 17], [19, 4, 20, 5], [21, 2, 22, 3], [23, 14, 24, 15], [1, 22, 2, 23], [3, 20, 4, 21], [5, 9, 6, 8]]"
12n_0078_47,"[[5, 9, 6, 8], [7, 13, 8, 12], [16, 10, 17, 9], [11, 7, 12, 6], [13, 18, 14, 19], [15, 24, 16, 1], [10, 18, 11, 17], [19, 4, 20, 5], [21, 2, 22, 3], [23, 14, 24, 15], [1, 22, 2, 23], [3, 20, 4, 21]]"
12n_0078_48,"[[4, 21, 5, 22], [6, 10, 7, 9], [8, 14, 9, 13], [17, 11, 18, 10], [12, 8, 13, 7], [14, 19, 15, 20], [16, 1, 17, 2], [11, 19, 12, 18], [20, 5, 21, 6], [22, 3, 23, 4], [24, 15, 1, 16], [2, 23, 3, 24]]"
12n_0078_49,"[[2, 23, 3, 24], [4, 21, 5, 22], [6, 10, 7, 9], [8, 14, 9, 13], [17, 11, 18, 10], [12, 8, 13, 7], [14, 19, 15, 20], [16, 1, 17, 2], [11, 19, 12, 18], [20, 5, 21, 6], [22, 3, 23, 4], [24, 15, 1, 16]]"
12n_0078_50,"[[24, 15, 1, 16], [2, 23, 3, 24], [4, 21, 5, 22], [6, 10, 7, 9], [8, 14, 9, 13], [17, 11, 18, 10], [12, 8, 13, 7], [14, 19, 15, 20], [16, 1, 17, 2], [11, 19, 12, 18], [20, 5, 21, 6], [22, 3, 23, 4]]"
12n_0078_51,"[[22, 3, 23, 4], [24, 15, 1, 16], [2, 23, 3, 24], [4, 21, 5, 22], [6, 10, 7, 9], [8, 14, 9, 13], [17, 11, 18, 10], [12, 8, 13, 7], [14, 19, 15, 20], [16, 1, 17, 2], [11, 19, 12, 18], [20, 5, 21, 6]]"
12n_0078_52,"[[20, 5, 21, 6], [22, 3, 23, 4], [24, 15, 1, 16], [2, 23, 3, 24], [4, 21, 5, 22], [6, 10, 7, 9], [8, 14, 9, 13], [17, 11, 18, 10], [12, 8, 13, 7], [14, 19, 15, 20], [16, 1, 17, 2], [11, 19, 12, 18]]"
12n_0078_53,"[[11, 19, 12, 18], [20, 5, 21, 6], [22, 3, 23, 4], [24, 15, 1, 16], [2, 23, 3, 24], [4, 21, 5, 22], [6, 10, 7, 9], [8, 14, 9, 13], [17, 11, 18, 10], [12, 8, 13, 7], [14, 19, 15, 20], [16, 1, 17, 2]]"
12n_0078_54,"[[16, 1, 17, 2], [11, 19, 12, 18], [20, 5, 21, 6], [22, 3, 23, 4], [24, 15, 1, 16], [2, 23, 3, 24], [4, 21, 5, 22], [6, 10, 7, 9], [8, 14, 9, 13], [17, 11, 18, 10], [12, 8, 13, 7], [14, 19, 15, 20]]"
12n_0078_55,"[[14, 19, 15, 20], [16, 1, 17, 2], [11, 19, 12, 18], [20, 5, 21, 6], [22, 3, 23, 4], [24, 15, 1, 16], [2, 23, 3, 24], [4, 21, 5, 22], [6, 10, 7, 9], [8, 14, 9, 13], [17, 11, 18, 10], [12, 8, 13, 7]]"
12n_0078_56,"[[12, 8, 13, 7], [14, 19, 15, 20], [16, 1, 17, 2], [11, 19, 12, 18], [20, 5, 21, 6], [22, 3, 23, 4], [24, 15, 1, 16], [2, 23, 3, 24], [4, 21, 5, 22], [6, 10, 7, 9], [8, 14, 9, 13], [17, 11, 18, 10]]"
12n_0078_57,"[[17, 11, 18, 10], [12, 8, 13, 7], [14, 19, 15, 20], [16, 1, 17, 2], [11, 19, 12, 18], [20, 5, 21, 6], [22, 3, 23, 4], [24, 15, 1, 16], [2, 23, 3, 24], [4, 21, 5, 22], [6, 10, 7, 9], [8, 14, 9, 13]]"
12n_0078_58,"[[8, 14, 9, 13], [17, 11, 18, 10], [12, 8, 13, 7], [14, 19, 15, 20], [16, 1, 17, 2], [11, 19, 12, 18], [20, 5, 21, 6], [22, 3, 23, 4], [24, 15, 1, 16], [2, 23, 3, 24], [4, 21, 5, 22], [6, 10, 7, 9]]"
12n_0078_59,"[[6, 10, 7, 9], [8, 14, 9, 13], [17, 11, 18, 10], [12, 8, 13, 7], [14, 19, 15, 20], [16, 1, 17, 2], [11, 19, 12, 18], [20, 5, 21, 6], [22, 3, 23, 4], [24, 15, 1, 16], [2, 23, 3, 24], [4, 21, 5, 22]]"
12n_0078_60,"[[5, 22, 6, 23], [7, 11, 8, 10], [9, 15, 10, 14], [18, 12, 19, 11], [13, 9, 14, 8], [15, 20, 16, 21], [17, 2, 18, 3], [12, 20, 13, 19], [21, 6, 22, 7], [23, 4, 24, 5], [1, 16, 2, 17], [3, 24, 4, 1]]"
12n_0078_61,"[[3, 24, 4, 1], [5, 22, 6, 23], [7, 11, 8, 10], [9, 15, 10, 14], [18, 12, 19, 11], [13, 9, 14, 8], [15, 20, 16, 21], [17, 2, 18, 3], [12, 20, 13, 19], [21, 6, 22, 7], [23, 4, 24, 5], [1, 16, 2, 17]]"
12n_0078_62,"[[1, 16, 2, 17], [3, 24, 4, 1], [5, 22, 6, 23], [7, 11, 8, 10], [9, 15, 10, 14], [18, 12, 19, 11], [13, 9, 14, 8], [15, 20, 16, 21], [17, 2, 18, 3], [12, 20, 13, 19], [21, 6, 22, 7], [23, 4, 24, 5]]"
12n_0078_63,"[[23, 4, 24, 5], [1, 16, 2, 17], [3, 24, 4, 1], [5, 22, 6, 23], [7, 11, 8, 10], [9, 15, 10, 14], [18, 12, 19, 11], [13, 9, 14, 8], [15, 20, 16, 21], [17, 2, 18, 3], [12, 20, 13, 19], [21, 6, 22, 7]]"
12n_0078_64,"[[21, 6, 22, 7], [23, 4, 24, 5], [1, 16, 2, 17], [3, 24, 4, 1], [5, 22, 6, 23], [7, 11, 8, 10], [9, 15, 10, 14], [18, 12, 19, 11], [13, 9, 14, 8], [15, 20, 16, 21], [17, 2, 18, 3], [12, 20, 13, 19]]"
12n_0078_65,"[[12, 20, 13, 19], [21, 6, 22, 7], [23, 4, 24, 5], [1, 16, 2, 17], [3, 24, 4, 1], [5, 22, 6, 23], [7, 11, 8, 10], [9, 15, 10, 14], [18, 12, 19, 11], [13, 9, 14, 8], [15, 20, 16, 21], [17, 2, 18, 3]]"
12n_0078_66,"[[17, 2, 18, 3], [12, 20, 13, 19], [21, 6, 22, 7], [23, 4, 24, 5], [1, 16, 2, 17], [3, 24, 4, 1], [5, 22, 6, 23], [7, 11, 8, 10], [9, 15, 10, 14], [18, 12, 19, 11], [13, 9, 14, 8], [15, 20, 16, 21]]"
12n_0078_67,"[[15, 20, 16, 21], [17, 2, 18, 3], [12, 20, 13, 19], [21, 6, 22, 7], [23, 4, 24, 5], [1, 16, 2, 17], [3, 24, 4, 1], [5, 22, 6, 23], [7, 11, 8, 10], [9, 15, 10, 14], [18, 12, 19, 11], [13, 9, 14, 8]]"
12n_0078_68,"[[13, 9, 14, 8], [15, 20, 16, 21], [17, 2, 18, 3], [12, 20, 13, 19], [21, 6, 22, 7], [23, 4, 24, 5], [1, 16, 2, 17], [3, 24, 4, 1], [5, 22, 6, 23], [7, 11, 8, 10], [9, 15, 10, 14], [18, 12, 19, 11]]"
12n_0078_69,"[[18, 12, 19, 11], [13, 9, 14, 8], [15, 20, 16, 21], [17, 2, 18, 3], [12, 20, 13, 19], [21, 6, 22, 7], [23, 4, 24, 5], [1, 16, 2, 17], [3, 24, 4, 1], [5, 22, 6, 23], [7, 11, 8, 10], [9, 15, 10, 14]]"
12n_0078_70,"[[9, 15, 10, 14], [18, 12, 19, 11], [13, 9, 14, 8], [15, 20, 16, 21], [17, 2, 18, 3], [12, 20, 13, 19], [21, 6, 22, 7], [23, 4, 24, 5], [1, 16, 2, 17], [3, 24, 4, 1], [5, 22, 6, 23], [7, 11, 8, 10]]"
12n_0078_71,"[[7, 11, 8, 10], [9, 15, 10, 14], [18, 12, 19, 11], [13, 9, 14, 8], [15, 20, 16, 21], [17, 2, 18, 3], [12, 20, 13, 19], [21, 6, 22, 7], [23, 4, 24, 5], [1, 16, 2, 17], [3, 24, 4, 1], [5, 22, 6, 23]]"
12n_0078_72,"[[6, 23, 7, 24], [8, 12, 9, 11], [10, 16, 11, 15], [19, 13, 20, 12], [14, 10, 15, 9], [16, 21, 17, 22], [18, 3, 19, 4], [13, 21, 14, 20], [22, 7, 23, 8], [24, 5, 1, 6], [2, 17, 3, 18], [4, 1, 5, 2]]"
12n_0078_73,"[[4, 1, 5, 2], [6, 23, 7, 24], [8, 12, 9, 11], [10, 16, 11, 15], [19, 13, 20, 12], [14, 10, 15, 9], [16, 21, 17, 22], [18, 3, 19, 4], [13, 21, 14, 20], [22, 7, 23, 8], [24, 5, 1, 6], [2, 17, 3, 18]]"
12n_0078_74,"[[2, 17, 3, 18], [4, 1, 5, 2], [6, 23, 7, 24], [8, 12, 9, 11], [10, 16, 11, 15], [19, 13, 20, 12], [14, 10, 15, 9], [16, 21, 17, 22], [18, 3, 19, 4], [13, 21, 14, 20], [22, 7, 23, 8], [24, 5, 1, 6]]"
12n_0078_75,"[[24, 5, 1, 6], [2, 17, 3, 18], [4, 1, 5, 2], [6, 23, 7, 24], [8, 12, 9, 11], [10, 16, 11, 15], [19, 13, 20, 12], [14, 10, 15, 9], [16, 21, 17, 22], [18, 3, 19, 4], [13, 21, 14, 20], [22, 7, 23, 8]]"
12n_0078_76,"[[22, 7, 23, 8], [24, 5, 1, 6], [2, 17, 3, 18], [4, 1, 5, 2], [6, 23, 7, 24], [8, 12, 9, 11], [10, 16, 11, 15], [19, 13, 20, 12], [14, 10, 15, 9], [16, 21, 17, 22], [18, 3, 19, 4], [13, 21, 14, 20]]"
12n_0078_77,"[[13, 21, 14, 20], [22, 7, 23, 8], [24, 5, 1, 6], [2, 17, 3, 18], [4, 1, 5, 2], [6, 23, 7, 24], [8, 12, 9, 11], [10, 16, 11, 15], [19, 13, 20, 12], [14, 10, 15, 9], [16, 21, 17, 22], [18, 3, 19, 4]]"
12n_0078_78,"[[18, 3, 19, 4], [13, 21, 14, 20], [22, 7, 23, 8], [24, 5, 1, 6], [2, 17, 3, 18], [4, 1, 5, 2], [6, 23, 7, 24], [8, 12, 9, 11], [10, 16, 11, 15], [19, 13, 20, 12], [14, 10, 15, 9], [16, 21, 17, 22]]"
12n_0078_79,"[[16, 21, 17, 22], [18, 3, 19, 4], [13, 21, 14, 20], [22, 7, 23, 8], [24, 5, 1, 6], [2, 17, 3, 18], [4, 1, 5, 2], [6, 23, 7, 24], [8, 12, 9, 11], [10, 16, 11, 15], [19, 13, 20, 12], [14, 10, 15, 9]]"
12n_0078_80,"[[14, 10, 15, 9], [16, 21, 17, 22], [18, 3, 19, 4], [13, 21, 14, 20], [22, 7, 23, 8], [24, 5, 1, 6], [2, 17, 3, 18], [4, 1, 5, 2], [6, 23, 7, 24], [8, 12, 9, 11], [10, 16, 11, 15], [19, 13, 20, 12]]"
12n_0078_81,"[[19, 13, 20, 12], [14, 10, 15, 9], [16, 21, 17, 22], [18, 3, 19, 4], [13, 21, 14, 20], [22, 7, 23, 8], [24, 5, 1, 6], [2, 17, 3, 18], [4, 1, 5, 2], [6, 23, 7, 24], [8, 12, 9, 11], [10, 16, 11, 15]]"
12n_0078_82,"[[10, 16, 11, 15], [19, 13, 20, 12], [14, 10, 15, 9], [16, 21, 17, 22], [18, 3, 19, 4], [13, 21, 14, 20], [22, 7, 23, 8], [24, 5, 1, 6], [2, 17, 3, 18], [4, 1, 5, 2], [6, 23, 7, 24], [8, 12, 9, 11]]"
12n_0078_83,"[[8, 12, 9, 11], [10, 16, 11, 15], [19, 13, 20, 12], [14, 10, 15, 9], [16, 21, 17, 22], [18, 3, 19, 4], [13, 21, 14, 20], [22, 7, 23, 8], [24, 5, 1, 6], [2, 17, 3, 18], [4, 1, 5, 2], [6, 23, 7, 24]]"
12n_0078_84,"[[7, 24, 8, 1], [9, 13, 10, 12], [11, 17, 12, 16], [20, 14, 21, 13], [15, 11, 16, 10], [17, 22, 18, 23], [19, 4, 20, 5], [14, 22, 15, 21], [23, 8, 24, 9], [1, 6, 2, 7], [3, 18, 4, 19], [5, 2, 6, 3]]"
12n_0078_85,"[[5, 2, 6, 3], [7, 24, 8, 1], [9, 13, 10, 12], [11, 17, 12, 16], [20, 14, 21, 13], [15, 11, 16, 10], [17, 22, 18, 23], [19, 4, 20, 5], [14, 22, 15, 21], [23, 8, 24, 9], [1, 6, 2, 7], [3, 18, 4, 19]]"
12n_0078_86,"[[3, 18, 4, 19], [5, 2, 6, 3], [7, 24, 8, 1], [9, 13, 10, 12], [11, 17, 12, 16], [20, 14, 21, 13], [15, 11, 16, 10], [17, 22, 18, 23], [19, 4, 20, 5], [14, 22, 15, 21], [23, 8, 24, 9], [1, 6, 2, 7]]"
12n_0078_87,"[[1, 6, 2, 7], [3, 18, 4, 19], [5, 2, 6, 3], [7, 24, 8, 1], [9, 13, 10, 12], [11, 17, 12, 16], [20, 14, 21, 13], [15, 11, 16, 10], [17, 22, 18, 23], [19, 4, 20, 5], [14, 22, 15, 21], [23, 8, 24, 9]]"
12n_0078_88,"[[23, 8, 24, 9], [1, 6, 2, 7], [3, 18, 4, 19], [5, 2, 6, 3], [7, 24, 8, 1], [9, 13, 10, 12], [11, 17, 12, 16], [20, 14, 21, 13], [15, 11, 16, 10], [17, 22, 18, 23], [19, 4, 20, 5], [14, 22, 15, 21]]"
12n_0078_89,"[[14, 22, 15, 21], [23, 8, 24, 9], [1, 6, 2, 7], [3, 18, 4, 19], [5, 2, 6, 3], [7, 24, 8, 1], [9, 13, 10, 12], [11, 17, 12, 16], [20, 14, 21, 13], [15, 11, 16, 10], [17, 22, 18, 23], [19, 4, 20, 5]]"
12n_0078_90,"[[19, 4, 20, 5], [14, 22, 15, 21], [23, 8, 24, 9], [1, 6, 2, 7], [3, 18, 4, 19], [5, 2, 6, 3], [7, 24, 8, 1], [9, 13, 10, 12], [11, 17, 12, 16], [20, 14, 21, 13], [15, 11, 16, 10], [17, 22, 18, 23]]"
12n_0078_91,"[[17, 22, 18, 23], [19, 4, 20, 5], [14, 22, 15, 21], [23, 8, 24, 9], [1, 6, 2, 7], [3, 18, 4, 19], [5, 2, 6, 3], [7, 24, 8, 1], [9, 13, 10, 12], [11, 17, 12, 16], [20, 14, 21, 13], [15, 11, 16, 10]]"
12n_0078_92,"[[15, 11, 16, 10], [17, 22, 18, 23], [19, 4, 20, 5], [14, 22, 15, 21], [23, 8, 24, 9], [1, 6, 2, 7], [3, 18, 4, 19], [5, 2, 6, 3], [7, 24, 8, 1], [9, 13, 10, 12], [11, 17, 12, 16], [20, 14, 21, 13]]"
12n_0078_93,"[[20, 14, 21, 13], [15, 11, 16, 10], [17, 22, 18, 23], [19, 4, 20, 5], [14, 22, 15, 21], [23, 8, 24, 9], [1, 6, 2, 7], [3, 18, 4, 19], [5, 2, 6, 3], [7, 24, 8, 1], [9, 13, 10, 12], [11, 17, 12, 16]]"
12n_0078_94,"[[11, 17, 12, 16], [20, 14, 21, 13], [15, 11, 16, 10], [17, 22, 18, 23], [19, 4, 20, 5], [14, 22, 15, 21], [23, 8, 24, 9], [1, 6, 2, 7], [3, 18, 4, 19], [5, 2, 6, 3], [7, 24, 8, 1], [9, 13, 10, 12]]"
12n_0078_95,"[[9, 13, 10, 12], [11, 17, 12, 16], [20, 14, 21, 13], [15, 11, 16, 10], [17, 22, 18, 23], [19, 4, 20, 5], [14, 22, 15, 21], [23, 8, 24, 9], [1, 6, 2, 7], [3, 18, 4, 19], [5, 2, 6, 3], [7, 24, 8, 1]]"
12n_0078_96,"[[8, 1, 9, 2], [10, 14, 11, 13], [12, 18, 13, 17], [21, 15, 22, 14], [16, 12, 17, 11], [18, 23, 19, 24], [20, 5, 21, 6], [15, 23, 16, 22], [24, 9, 1, 10], [2, 7, 3, 8], [4, 19, 5, 20], [6, 3, 7, 4]]"
12n_0078_97,"[[6, 3, 7, 4], [8, 1, 9, 2], [10, 14, 11, 13], [12, 18, 13, 17], [21, 15, 22, 14], [16, 12, 17, 11], [18, 23, 19, 24], [20, 5, 21, 6], [15, 23, 16, 22], [24, 9, 1, 10], [2, 7, 3, 8], [4, 19, 5, 20]]"
12n_0078_98,"[[4, 19, 5, 20], [6, 3, 7, 4], [8, 1, 9, 2], [10, 14, 11, 13], [12, 18, 13, 17], [21, 15, 22, 14], [16, 12, 17, 11], [18, 23, 19, 24], [20, 5, 21, 6], [15, 23, 16, 22], [24, 9, 1, 10], [2, 7, 3, 8]]"
12n_0078_99,"[[2, 7, 3, 8], [4, 19, 5, 20], [6, 3, 7, 4], [8, 1, 9, 2], [10, 14, 11, 13], [12, 18, 13, 17], [21, 15, 22, 14], [16, 12, 17, 11], [18, 23, 19, 24], [20, 5, 21, 6], [15, 23, 16, 22], [24, 9, 1, 10]]"
12n_0078_100,"[[24, 9, 1, 10], [2, 7, 3, 8], [4, 19, 5, 20], [6, 3, 7, 4], [8, 1, 9, 2], [10, 14, 11, 13], [12, 18, 13, 17], [21, 15, 22, 14], [16, 12, 17, 11], [18, 23, 19, 24], [20, 5, 21, 6], [15, 23, 16, 22]]"
12n_0078_101,"[[15, 23, 16, 22], [24, 9, 1, 10], [2, 7, 3, 8], [4, 19, 5, 20], [6, 3, 7, 4], [8, 1, 9, 2], [10, 14, 11, 13], [12, 18, 13, 17], [21, 15, 22, 14], [16, 12, 17, 11], [18, 23, 19, 24], [20, 5, 21, 6]]"
12n_0078_102,"[[20, 5, 21, 6], [15, 23, 16, 22], [24, 9, 1, 10], [2, 7, 3, 8], [4, 19, 5, 20], [6, 3, 7, 4], [8, 1, 9, 2], [10, 14, 11, 13], [12, 18, 13, 17], [21, 15, 22, 14], [16, 12, 17, 11], [18, 23, 19, 24]]"
12n_0078_103,"[[18, 23, 19, 24], [20, 5, 21, 6], [15, 23, 16, 22], [24, 9, 1, 10], [2, 7, 3, 8], [4, 19, 5, 20], [6, 3, 7, 4], [8, 1, 9, 2], [10, 14, 11, 13], [12, 18, 13, 17], [21, 15, 22, 14], [16, 12, 17, 11]]"
12n_0078_104,"[[16, 12, 17, 11], [18, 23, 19, 24], [20, 5, 21, 6], [15, 23, 16, 22], [24, 9, 1, 10], [2, 7, 3, 8], [4, 19, 5, 20], [6, 3, 7, 4], [8, 1, 9, 2], [10, 14, 11, 13], [12, 18, 13, 17], [21, 15, 22, 14]]"
12n_0078_105,"[[21, 15, 22, 14], [16, 12, 17, 11], [18, 23, 19, 24], [20, 5, 21, 6], [15, 23, 16, 22], [24, 9, 1, 10], [2, 7, 3, 8], [4, 19, 5, 20], [6, 3, 7, 4], [8, 1, 9, 2], [10, 14, 11, 13], [12, 18, 13, 17]]"
12n_0078_106,"[[12, 18, 13, 17], [21, 15, 22, 14], [16, 12, 17, 11], [18, 23, 19, 24], [20, 5, 21, 6], [15, 23, 16, 22], [24, 9, 1, 10], [2, 7, 3, 8], [4, 19, 5, 20], [6, 3, 7, 4], [8, 1, 9, 2], [10, 14, 11, 13]]"
12n_0078_107,"[[10, 14, 11, 13], [12, 18, 13, 17], [21, 15, 22, 14], [16, 12, 17, 11], [18, 23, 19, 24], [20, 5, 21, 6], [15, 23, 16, 22], [24, 9, 1, 10], [2, 7, 3, 8], [4, 19, 5, 20], [6, 3, 7, 4], [8, 1, 9, 2]]"
12n_0078_108,"[[9, 2, 10, 3], [11, 15, 12, 14], [13, 19, 14, 18], [22, 16, 23, 15], [17, 13, 18, 12], [19, 24, 20, 1], [21, 6, 22, 7], [16, 24, 17, 23], [1, 10, 2, 11], [3, 8, 4, 9], [5, 20, 6, 21], [7, 4, 8, 5]]"
12n_0078_109,"[[7, 4, 8, 5], [9, 2, 10, 3], [11, 15, 12, 14], [13, 19, 14, 18], [22, 16, 23, 15], [17, 13, 18, 12], [19, 24, 20, 1], [21, 6, 22, 7], [16, 24, 17, 23], [1, 10, 2, 11], [3, 8, 4, 9], [5, 20, 6, 21]]"
12n_0078_110,"[[5, 20, 6, 21], [7, 4, 8, 5], [9, 2, 10, 3], [11, 15, 12, 14], [13, 19, 14, 18], [22, 16, 23, 15], [17, 13, 18, 12], [19, 24, 20, 1], [21, 6, 22, 7], [16, 24, 17, 23], [1, 10, 2, 11], [3, 8, 4, 9]]"
12n_0078_111,"[[3, 8, 4, 9], [5, 20, 6, 21], [7, 4, 8, 5], [9, 2, 10, 3], [11, 15, 12, 14], [13, 19, 14, 18], [22, 16, 23, 15], [17, 13, 18, 12], [19, 24, 20, 1], [21, 6, 22, 7], [16, 24, 17, 23], [1, 10, 2, 11]]"
12n_0078_112,"[[1, 10, 2, 11], [3, 8, 4, 9], [5, 20, 6, 21], [7, 4, 8, 5], [9, 2, 10, 3], [11, 15, 12, 14], [13, 19, 14, 18], [22, 16, 23, 15], [17, 13, 18, 12], [19, 24, 20, 1], [21, 6, 22, 7], [16, 24, 17, 23]]"
12n_0078_113,"[[16, 24, 17, 23], [1, 10, 2, 11], [3, 8, 4, 9], [5, 20, 6, 21], [7, 4, 8, 5], [9, 2, 10, 3], [11, 15, 12, 14], [13, 19, 14, 18], [22, 16, 23, 15], [17, 13, 18, 12], [19, 24, 20, 1], [21, 6, 22, 7]]"
12n_0078_114,"[[21, 6, 22, 7], [16, 24, 17, 23], [1, 10, 2, 11], [3, 8, 4, 9], [5, 20, 6, 21], [7, 4, 8, 5], [9, 2, 10, 3], [11, 15, 12, 14], [13, 19, 14, 18], [22, 16, 23, 15], [17, 13, 18, 12], [19, 24, 20, 1]]"
12n_0078_115,"[[19, 24, 20, 1], [21, 6, 22, 7], [16, 24, 17, 23], [1, 10, 2, 11], [3, 8, 4, 9], [5, 20, 6, 21], [7, 4, 8, 5], [9, 2, 10, 3], [11, 15, 12, 14], [13, 19, 14, 18], [22, 16, 23, 15], [17, 13, 18, 12]]"
12n_0078_116,"[[17, 13, 18, 12], [19, 24, 20, 1], [21, 6, 22, 7], [16, 24, 17, 23], [1, 10, 2, 11], [3, 8, 4, 9], [5, 20, 6, 21], [7, 4, 8, 5], [9, 2, 10, 3], [11, 15, 12, 14], [13, 19, 14, 18], [22, 16, 23, 15]]"
12n_0078_117,"[[22, 16, 23, 15], [17, 13, 18, 12], [19, 24, 20, 1], [21, 6, 22, 7], [16, 24, 17, 23], [1, 10, 2, 11], [3, 8, 4, 9], [5, 20, 6, 21], [7, 4, 8, 5], [9, 2, 10, 3], [11, 15, 12, 14], [13, 19, 14, 18]]"
12n_0078_118,"[[13, 19, 14, 18], [22, 16, 23, 15], [17, 13, 18, 12], [19, 24, 20, 1], [21, 6, 22, 7], [16, 24, 17, 23], [1, 10, 2, 11], [3, 8, 4, 9], [5, 20, 6, 21], [7, 4, 8, 5], [9, 2, 10, 3], [11, 15, 12, 14]]"
12n_0078_119,"[[11, 15, 12, 14], [13, 19, 14, 18], [22, 16, 23, 15], [17, 13, 18, 12], [19, 24, 20, 1], [21, 6, 22, 7], [16, 24, 17, 23], [1, 10, 2, 11], [3, 8, 4, 9], [5, 20, 6, 21], [7, 4, 8, 5], [9, 2, 10, 3]]"
12n_0078_120,"[[10, 3, 11, 4], [12, 16, 13, 15], [14, 20, 15, 19], [23, 17, 24, 16], [18, 14, 19, 13], [20, 1, 21, 2], [22, 7, 23, 8], [17, 1, 18, 24], [2, 11, 3, 12], [4, 9, 5, 10], [6, 21, 7, 22], [8, 5, 9, 6]]"
12n_0078_121,"[[8, 5, 9, 6], [10, 3, 11, 4], [12, 16, 13, 15], [14, 20, 15, 19], [23, 17, 24, 16], [18, 14, 19, 13], [20, 1, 21, 2], [22, 7, 23, 8], [17, 1, 18, 24], [2, 11, 3, 12], [4, 9, 5, 10], [6, 21, 7, 22]]"
12n_0078_122,"[[6, 21, 7, 22], [8, 5, 9, 6], [10, 3, 11, 4], [12, 16, 13, 15], [14, 20, 15, 19], [23, 17, 24, 16], [18, 14, 19, 13], [20, 1, 21, 2], [22, 7, 23, 8], [17, 1, 18, 24], [2, 11, 3, 12], [4, 9, 5, 10]]"
12n_0078_123,"[[4, 9, 5, 10], [6, 21, 7, 22], [8, 5, 9, 6], [10, 3, 11, 4], [12, 16, 13, 15], [14, 20, 15, 19], [23, 17, 24, 16], [18, 14, 19, 13], [20, 1, 21, 2], [22, 7, 23, 8], [17, 1, 18, 24], [2, 11, 3, 12]]"
12n_0078_124,"[[2, 11, 3, 12], [4, 9, 5, 10], [6, 21, 7, 22], [8, 5, 9, 6], [10, 3, 11, 4], [12, 16, 13, 15], [14, 20, 15, 19], [23, 17, 24, 16], [18, 14, 19, 13], [20, 1, 21, 2], [22, 7, 23, 8], [17, 1, 18, 24]]"
12n_0078_125,"[[17, 1, 18, 24], [2, 11, 3, 12], [4, 9, 5, 10], [6, 21, 7, 22], [8, 5, 9, 6], [10, 3, 11, 4], [12, 16, 13, 15], [14, 20, 15, 19], [23, 17, 24, 16], [18, 14, 19, 13], [20, 1, 21, 2], [22, 7, 23, 8]]"
12n_0078_126,"[[22, 7, 23, 8], [17, 1, 18, 24], [2, 11, 3, 12], [4, 9, 5, 10], [6, 21, 7, 22], [8, 5, 9, 6], [10, 3, 11, 4], [12, 16, 13, 15], [14, 20, 15, 19], [23, 17, 24, 16], [18, 14, 19, 13], [20, 1, 21, 2]]"
12n_0078_127,"[[20, 1, 21, 2], [22, 7, 23, 8], [17, 1, 18, 24], [2, 11, 3, 12], [4, 9, 5, 10], [6, 21, 7, 22], [8, 5, 9, 6], [10, 3, 11, 4], [12, 16, 13, 15], [14, 20, 15, 19], [23, 17, 24, 16], [18, 14, 19, 13]]"
12n_0078_128,"[[18, 14, 19, 13], [20, 1, 21, 2], [22, 7, 23, 8], [17, 1, 18, 24], [2, 11, 3, 12], [4, 9, 5, 10], [6, 21, 7, 22], [8, 5, 9, 6], [10, 3, 11, 4], [12, 16, 13, 15], [14, 20, 15, 19], [23, 17, 24, 16]]"
12n_0078_129,"[[23, 17, 24, 16], [18, 14, 19, 13], [20, 1, 21, 2], [22, 7, 23, 8], [17, 1, 18, 24], [2, 11, 3, 12], [4, 9, 5, 10], [6, 21, 7, 22], [8, 5, 9, 6], [10, 3, 11, 4], [12, 16, 13, 15], [14, 20, 15, 19]]"
12n_0078_130,"[[14, 20, 15, 19], [23, 17, 24, 16], [18, 14, 19, 13], [20, 1, 21, 2], [22, 7, 23, 8], [17, 1, 18, 24], [2, 11, 3, 12], [4, 9, 5, 10], [6, 21, 7, 22], [8, 5, 9, 6], [10, 3, 11, 4], [12, 16, 13, 15]]"
12n_0078_131,"[[12, 16, 13, 15], [14, 20, 15, 19], [23, 17, 24, 16], [18, 14, 19, 13], [20, 1, 21, 2], [22, 7, 23, 8], [17, 1, 18, 24], [2, 11, 3, 12], [4, 9, 5, 10], [6, 21, 7, 22], [8, 5, 9, 6], [10, 3, 11, 4]]"
12n_0078_132,"[[11, 4, 12, 5], [13, 17, 14, 16], [15, 21, 16, 20], [24, 18, 1, 17], [19, 15, 20, 14], [21, 2, 22, 3], [23, 8, 24, 9], [18, 2, 19, 1], [3, 12, 4, 13], [5, 10, 6, 11], [7, 22, 8, 23], [9, 6, 10, 7]]"
12n_0078_133,"[[9, 6, 10, 7], [11, 4, 12, 5], [13, 17, 14, 16], [15, 21, 16, 20], [24, 18, 1, 17], [19, 15, 20, 14], [21, 2, 22, 3], [23, 8, 24, 9], [18, 2, 19, 1], [3, 12, 4, 13], [5, 10, 6, 11], [7, 22, 8, 23]]"
12n_0078_134,"[[7, 22, 8, 23], [9, 6, 10, 7], [11, 4, 12, 5], [13, 17, 14, 16], [15, 21, 16, 20], [24, 18, 1, 17], [19, 15, 20, 14], [21, 2, 22, 3], [23, 8, 24, 9], [18, 2, 19, 1], [3, 12, 4, 13], [5, 10, 6, 11]]"
12n_0078_135,"[[5, 10, 6, 11], [7, 22, 8, 23], [9, 6, 10, 7], [11, 4, 12, 5], [13, 17, 14, 16], [15, 21, 16, 20], [24, 18, 1, 17], [19, 15, 20, 14], [21, 2, 22, 3], [23, 8, 24, 9], [18, 2, 19, 1], [3, 12, 4, 13]]"
12n_0078_136,"[[3, 12, 4, 13], [5, 10, 6, 11], [7, 22, 8, 23], [9, 6, 10, 7], [11, 4, 12, 5], [13, 17, 14, 16], [15, 21, 16, 20], [24, 18, 1, 17], [19, 15, 20, 14], [21, 2, 22, 3], [23, 8, 24, 9], [18, 2, 19, 1]]"
12n_0078_137,"[[18, 2, 19, 1], [3, 12, 4, 13], [5, 10, 6, 11], [7, 22, 8, 23], [9, 6, 10, 7], [11, 4, 12, 5], [13, 17, 14, 16], [15, 21, 16, 20], [24, 18, 1, 17], [19, 15, 20, 14], [21, 2, 22, 3], [23, 8, 24, 9]]"
12n_0078_138,"[[23, 8, 24, 9], [18, 2, 19, 1], [3, 12, 4, 13], [5, 10, 6, 11], [7, 22, 8, 23], [9, 6, 10, 7], [11, 4, 12, 5], [13, 17, 14, 16], [15, 21, 16, 20], [24, 18, 1, 17], [19, 15, 20, 14], [21, 2, 22, 3]]"
12n_0078_139,"[[21, 2, 22, 3], [23, 8, 24, 9], [18, 2, 19, 1], [3, 12, 4, 13], [5, 10, 6, 11], [7, 22, 8, 23], [9, 6, 10, 7], [11, 4, 12, 5], [13, 17, 14, 16], [15, 21, 16, 20], [24, 18, 1, 17], [19, 15, 20, 14]]"
12n_0078_140,"[[19, 15, 20, 14], [21, 2, 22, 3], [23, 8, 24, 9], [18, 2, 19, 1], [3, 12, 4, 13], [5, 10, 6, 11], [7, 22, 8, 23], [9, 6, 10, 7], [11, 4, 12, 5], [13, 17, 14, 16], [15, 21, 16, 20], [24, 18, 1, 17]]"
12n_0078_141,"[[24, 18, 1, 17], [19, 15, 20, 14], [21, 2, 22, 3], [23, 8, 24, 9], [18, 2, 19, 1], [3, 12, 4, 13], [5, 10, 6, 11], [7, 22, 8, 23], [9, 6, 10, 7], [11, 4, 12, 5], [13, 17, 14, 16], [15, 21, 16, 20]]"
12n_0078_142,"[[15, 21, 16, 20], [24, 18, 1, 17], [19, 15, 20, 14], [21, 2, 22, 3], [23, 8, 24, 9], [18, 2, 19, 1], [3, 12, 4, 13], [5, 10, 6, 11], [7, 22, 8, 23], [9, 6, 10, 7], [11, 4, 12, 5], [13, 17, 14, 16]]"
12n_0078_143,"[[13, 17, 14, 16], [15, 21, 16, 20], [24, 18, 1, 17], [19, 15, 20, 14], [21, 2, 22, 3], [23, 8, 24, 9], [18, 2, 19, 1], [3, 12, 4, 13], [5, 10, 6, 11], [7, 22, 8, 23], [9, 6, 10, 7], [11, 4, 12, 5]]"
12n_0078_144,"[[12, 5, 13, 6], [14, 18, 15, 17], [16, 22, 17, 21], [1, 19, 2, 18], [20, 16, 21, 15], [22, 3, 23, 4], [24, 9, 1, 10], [19, 3, 20, 2], [4, 13, 5, 14], [6, 11, 7, 12], [8, 23, 9, 24], [10, 7, 11, 8]]"
12n_0078_145,"[[10, 7, 11, 8], [12, 5, 13, 6], [14, 18, 15, 17], [16, 22, 17, 21], [1, 19, 2, 18], [20, 16, 21, 15], [22, 3, 23, 4], [24, 9, 1, 10], [19, 3, 20, 2], [4, 13, 5, 14], [6, 11, 7, 12], [8, 23, 9, 24]]"
12n_0078_146,"[[8, 23, 9, 24], [10, 7, 11, 8], [12, 5, 13, 6], [14, 18, 15, 17], [16, 22, 17, 21], [1, 19, 2, 18], [20, 16, 21, 15], [22, 3, 23, 4], [24, 9, 1, 10], [19, 3, 20, 2], [4, 13, 5, 14], [6, 11, 7, 12]]"
12n_0078_147,"[[6, 11, 7, 12], [8, 23, 9, 24], [10, 7, 11, 8], [12, 5, 13, 6], [14, 18, 15, 17], [16, 22, 17, 21], [1, 19, 2, 18], [20, 16, 21, 15], [22, 3, 23, 4], [24, 9, 1, 10], [19, 3, 20, 2], [4, 13, 5, 14]]"
12n_0078_148,"[[4, 13, 5, 14], [6, 11, 7, 12], [8, 23, 9, 24], [10, 7, 11, 8], [12, 5, 13, 6], [14, 18, 15, 17], [16, 22, 17, 21], [1, 19, 2, 18], [20, 16, 21, 15], [22, 3, 23, 4], [24, 9, 1, 10], [19, 3, 20, 2]]"
12n_0078_149,"[[19, 3, 20, 2], [4, 13, 5, 14], [6, 11, 7, 12], [8, 23, 9, 24], [10, 7, 11, 8], [12, 5, 13, 6], [14, 18, 15, 17], [16, 22, 17, 21], [1, 19, 2, 18], [20, 16, 21, 15], [22, 3, 23, 4], [24, 9, 1, 10]]"
12n_0078_150,"[[24, 9, 1, 10], [19, 3, 20, 2], [4, 13, 5, 14], [6, 11, 7, 12], [8, 23, 9, 24], [10, 7, 11, 8], [12, 5, 13, 6], [14, 18, 15, 17], [16, 22, 17, 21], [1, 19, 2, 18], [20, 16, 21, 15], [22, 3, 23, 4]]"
12n_0078_151,"[[22, 3, 23, 4], [24, 9, 1, 10], [19, 3, 20, 2], [4, 13, 5, 14], [6, 11, 7, 12], [8, 23, 9, 24], [10, 7, 11, 8], [12, 5, 13, 6], [14, 18, 15, 17], [16, 22, 17, 21], [1, 19, 2, 18], [20, 16, 21, 15]]"
12n_0078_152,"[[20, 16, 21, 15], [22, 3, 23, 4], [24, 9, 1, 10], [19, 3, 20, 2], [4, 13, 5, 14], [6, 11, 7, 12], [8, 23, 9, 24], [10, 7, 11, 8], [12, 5, 13, 6], [14, 18, 15, 17], [16, 22, 17, 21], [1, 19, 2, 18]]"
12n_0078_153,"[[1, 19, 2, 18], [20, 16, 21, 15], [22, 3, 23, 4], [24, 9, 1, 10], [19, 3, 20, 2], [4, 13, 5, 14], [6, 11, 7, 12], [8, 23, 9, 24], [10, 7, 11, 8], [12, 5, 13, 6], [14, 18, 15, 17], [16, 22, 17, 21]]"
12n_0078_154,"[[16, 22, 17, 21], [1, 19, 2, 18], [20, 16, 21, 15], [22, 3, 23, 4], [24, 9, 1, 10], [19, 3, 20, 2], [4, 13, 5, 14], [6, 11, 7, 12], [8, 23, 9, 24], [10, 7, 11, 8], [12, 5, 13, 6], [14, 18, 15, 17]]"
12n_0078_155,"[[14, 18, 15, 17], [16, 22, 17, 21], [1, 19, 2, 18], [20, 16, 21, 15], [22, 3, 23, 4], [24, 9, 1, 10], [19, 3, 20, 2], [4, 13, 5, 14], [6, 11, 7, 12], [8, 23, 9, 24], [10, 7, 11, 8], [12, 5, 13, 6]]"
12n_0078_156,"[[13, 6, 14, 7], [15, 19, 16, 18], [17, 23, 18, 22], [2, 20, 3, 19], [21, 17, 22, 16], [23, 4, 24, 5], [1, 10, 2, 11], [20, 4, 21, 3], [5, 14, 6, 15], [7, 12, 8, 13], [9, 24, 10, 1], [11, 8, 12, 9]]"
12n_0078_157,"[[11, 8, 12, 9], [13, 6, 14, 7], [15, 19, 16, 18], [17, 23, 18, 22], [2, 20, 3, 19], [21, 17, 22, 16], [23, 4, 24, 5], [1, 10, 2, 11], [20, 4, 21, 3], [5, 14, 6, 15], [7, 12, 8, 13], [9, 24, 10, 1]]"
12n_0078_158,"[[9, 24, 10, 1], [11, 8, 12, 9], [13, 6, 14, 7], [15, 19, 16, 18], [17, 23, 18, 22], [2, 20, 3, 19], [21, 17, 22, 16], [23, 4, 24, 5], [1, 10, 2, 11], [20, 4, 21, 3], [5, 14, 6, 15], [7, 12, 8, 13]]"
12n_0078_159,"[[7, 12, 8, 13], [9, 24, 10, 1], [11, 8, 12, 9], [13, 6, 14, 7], [15, 19, 16, 18], [17, 23, 18, 22], [2, 20, 3, 19], [21, 17, 22, 16], [23, 4, 24, 5], [1, 10, 2, 11], [20, 4, 21, 3], [5, 14, 6, 15]]"
12n_0078_160,"[[5, 14, 6, 15], [7, 12, 8, 13], [9, 24, 10, 1], [11, 8, 12, 9], [13, 6, 14, 7], [15, 19, 16, 18], [17, 23, 18, 22], [2, 20, 3, 19], [21, 17, 22, 16], [23, 4, 24, 5], [1, 10, 2, 11], [20, 4, 21, 3]]"
12n_0078_161,"[[20, 4, 21, 3], [5, 14, 6, 15], [7, 12, 8, 13], [9, 24, 10, 1], [11, 8, 12, 9], [13, 6, 14, 7], [15, 19, 16, 18], [17, 23, 18, 22], [2, 20, 3, 19], [21, 17, 22, 16], [23, 4, 24, 5], [1, 10, 2, 11]]"
12n_0078_162,"[[1, 10, 2, 11], [20, 4, 21, 3], [5, 14, 6, 15], [7, 12, 8, 13], [9, 24, 10, 1], [11, 8, 12, 9], [13, 6, 14, 7], [15, 19, 16, 18], [17, 23, 18, 22], [2, 20, 3, 19], [21, 17, 22, 16], [23, 4, 24, 5]]"
12n_0078_163,"[[23, 4, 24, 5], [1, 10, 2, 11], [20, 4, 21, 3], [5, 14, 6, 15], [7, 12, 8, 13], [9, 24, 10, 1], [11, 8, 12, 9], [13, 6, 14, 7], [15, 19, 16, 18], [17, 23, 18, 22], [2, 20, 3, 19], [21, 17, 22, 16]]"
12n_0078_164,"[[21, 17, 22, 16], [23, 4, 24, 5], [1, 10, 2, 11], [20, 4, 21, 3], [5, 14, 6, 15], [7, 12, 8, 13], [9, 24, 10, 1], [11, 8, 12, 9], [13, 6, 14, 7], [15, 19, 16, 18], [17, 23, 18, 22], [2, 20, 3, 19]]"
12n_0078_165,"[[2, 20, 3, 19], [21, 17, 22, 16], [23, 4, 24, 5], [1, 10, 2, 11], [20, 4, 21, 3], [5, 14, 6, 15], [7, 12, 8, 13], [9, 24, 10, 1], [11, 8, 12, 9], [13, 6, 14, 7], [15, 19, 16, 18], [17, 23, 18, 22]]"
12n_0078_166,"[[17, 23, 18, 22], [2, 20, 3, 19], [21, 17, 22, 16], [23, 4, 24, 5], [1, 10, 2, 11], [20, 4, 21, 3], [5, 14, 6, 15], [7, 12, 8, 13], [9, 24, 10, 1], [11, 8, 12, 9], [13, 6, 14, 7], [15, 19, 16, 18]]"
12n_0078_167,"[[15, 19, 16, 18], [17, 23, 18, 22], [2, 20, 3, 19], [21, 17, 22, 16], [23, 4, 24, 5], [1, 10, 2, 11], [20, 4, 21, 3], [5, 14, 6, 15], [7, 12, 8, 13], [9, 24, 10, 1], [11, 8, 12, 9], [13, 6, 14, 7]]"
12n_0078_168,"[[14, 7, 15, 8], [16, 20, 17, 19], [18, 24, 19, 23], [3, 21, 4, 20], [22, 18, 23, 17], [24, 5, 1, 6], [2, 11, 3, 12], [21, 5, 22, 4], [6, 15, 7, 16], [8, 13, 9, 14], [10, 1, 11, 2], [12, 9, 13, 10]]"
12n_0078_169,"[[12, 9, 13, 10], [14, 7, 15, 8], [16, 20, 17, 19], [18, 24, 19, 23], [3, 21, 4, 20], [22, 18, 23, 17], [24, 5, 1, 6], [2, 11, 3, 12], [21, 5, 22, 4], [6, 15, 7, 16], [8, 13, 9, 14], [10, 1, 11, 2]]"
12n_0078_170,"[[10, 1, 11, 2], [12, 9, 13, 10], [14, 7, 15, 8], [16, 20, 17, 19], [18, 24, 19, 23], [3, 21, 4, 20], [22, 18, 23, 17], [24, 5, 1, 6], [2, 11, 3, 12], [21, 5, 22, 4], [6, 15, 7, 16], [8, 13, 9, 14]]"
12n_0078_171,"[[8, 13, 9, 14], [10, 1, 11, 2], [12, 9, 13, 10], [14, 7, 15, 8], [16, 20, 17, 19], [18, 24, 19, 23], [3, 21, 4, 20], [22, 18, 23, 17], [24, 5, 1, 6], [2, 11, 3, 12], [21, 5, 22, 4], [6, 15, 7, 16]]"
12n_0078_172,"[[6, 15, 7, 16], [8, 13, 9, 14], [10, 1, 11, 2], [12, 9, 13, 10], [14, 7, 15, 8], [16, 20, 17, 19], [18, 24, 19, 23], [3, 21, 4, 20], [22, 18, 23, 17], [24, 5, 1, 6], [2, 11, 3, 12], [21, 5, 22, 4]]"
12n_0078_173,"[[21, 5, 22, 4], [6, 15, 7, 16], [8, 13, 9, 14], [10, 1, 11, 2], [12, 9, 13, 10], [14, 7, 15, 8], [16, 20, 17, 19], [18, 24, 19, 23], [3, 21, 4, 20], [22, 18, 23, 17], [24, 5, 1, 6], [2, 11, 3, 12]]"
12n_0078_174,"[[2, 11, 3, 12], [21, 5, 22, 4], [6, 15, 7, 16], [8, 13, 9, 14], [10, 1, 11, 2], [12, 9, 13, 10], [14, 7, 15, 8], [16, 20, 17, 19], [18, 24, 19, 23], [3, 21, 4, 20], [22, 18, 23, 17], [24, 5, 1, 6]]"
12n_0078_175,"[[24, 5, 1, 6], [2, 11, 3, 12], [21, 5, 22, 4], [6, 15, 7, 16], [8, 13, 9, 14], [10, 1, 11, 2], [12, 9, 13, 10], [14, 7, 15, 8], [16, 20, 17, 19], [18, 24, 19, 23], [3, 21, 4, 20], [22, 18, 23, 17]]"
12n_0078_176,"[[22, 18, 23, 17], [24, 5, 1, 6], [2, 11, 3, 12], [21, 5, 22, 4], [6, 15, 7, 16], [8, 13, 9, 14], [10, 1, 11, 2], [12, 9, 13, 10], [14, 7, 15, 8], [16, 20, 17, 19], [18, 24, 19, 23], [3, 21, 4, 20]]"
12n_0078_177,"[[3, 21, 4, 20], [22, 18, 23, 17], [24, 5, 1, 6], [2, 11, 3, 12], [21, 5, 22, 4], [6, 15, 7, 16], [8, 13, 9, 14], [10, 1, 11, 2], [12, 9, 13, 10], [14, 7, 15, 8], [16, 20, 17, 19], [18, 24, 19, 23]]"
12n_0078_178,"[[18, 24, 19, 23], [3, 21, 4, 20], [22, 18, 23, 17], [24, 5, 1, 6], [2, 11, 3, 12], [21, 5, 22, 4], [6, 15, 7, 16], [8, 13, 9, 14], [10, 1, 11, 2], [12, 9, 13, 10], [14, 7, 15, 8], [16, 20, 17, 19]]"
12n_0078_179,"[[16, 20, 17, 19], [18, 24, 19, 23], [3, 21, 4, 20], [22, 18, 23, 17], [24, 5, 1, 6], [2, 11, 3, 12], [21, 5, 22, 4], [6, 15, 7, 16], [8, 13, 9, 14], [10, 1, 11, 2], [12, 9, 13, 10], [14, 7, 15, 8]]"
12n_0078_180,"[[15, 8, 16, 9], [17, 21, 18, 20], [19, 1, 20, 24], [4, 22, 5, 21], [23, 19, 24, 18], [1, 6, 2, 7], [3, 12, 4, 13], [22, 6, 23, 5], [7, 16, 8, 17], [9, 14, 10, 15], [11, 2, 12, 3], [13, 10, 14, 11]]"
12n_0078_181,"[[13, 10, 14, 11], [15, 8, 16, 9], [17, 21, 18, 20], [19, 1, 20, 24], [4, 22, 5, 21], [23, 19, 24, 18], [1, 6, 2, 7], [3, 12, 4, 13], [22, 6, 23, 5], [7, 16, 8, 17], [9, 14, 10, 15], [11, 2, 12, 3]]"
12n_0078_182,"[[11, 2, 12, 3], [13, 10, 14, 11], [15, 8, 16, 9], [17, 21, 18, 20], [19, 1, 20, 24], [4, 22, 5, 21], [23, 19, 24, 18], [1, 6, 2, 7], [3, 12, 4, 13], [22, 6, 23, 5], [7, 16, 8, 17], [9, 14, 10, 15]]"
12n_0078_183,"[[9, 14, 10, 15], [11, 2, 12, 3], [13, 10, 14, 11], [15, 8, 16, 9], [17, 21, 18, 20], [19, 1, 20, 24], [4, 22, 5, 21], [23, 19, 24, 18], [1, 6, 2, 7], [3, 12, 4, 13], [22, 6, 23, 5], [7, 16, 8, 17]]"
12n_0078_184,"[[7, 16, 8, 17], [9, 14, 10, 15], [11, 2, 12, 3], [13, 10, 14, 11], [15, 8, 16, 9], [17, 21, 18, 20], [19, 1, 20, 24], [4, 22, 5, 21], [23, 19, 24, 18], [1, 6, 2, 7], [3, 12, 4, 13], [22, 6, 23, 5]]"
12n_0078_185,"[[22, 6, 23, 5], [7, 16, 8, 17], [9, 14, 10, 15], [11, 2, 12, 3], [13, 10, 14, 11], [15, 8, 16, 9], [17, 21, 18, 20], [19, 1, 20, 24], [4, 22, 5, 21], [23, 19, 24, 18], [1, 6, 2, 7], [3, 12, 4, 13]]"
