name,pd_notation
12n_0093_0,"[[19, 1, 20, 24], [2, 6, 3, 5], [4, 10, 5, 9], [6, 14, 7, 13], [8, 4, 9, 3], [10, 17, 11, 18], [12, 8, 13, 7], [21, 15, 22, 14], [16, 11, 17, 12], [23, 19, 24, 18], [1, 21, 2, 20], [15, 23, 16, 22]]"
12n_0093_1,"[[15, 23, 16, 22], [19, 1, 20, 24], [2, 6, 3, 5], [4, 10, 5, 9], [6, 14, 7, 13], [8, 4, 9, 3], [10, 17, 11, 18], [12, 8, 13, 7], [21, 15, 22, 14], [16, 11, 17, 12], [23, 19, 24, 18], [1, 21, 2, 20]]"
12n_0093_2,"[[1, 21, 2, 20], [15, 23, 16, 22], [19, 1, 20, 24], [2, 6, 3, 5], [4, 10, 5, 9], [6, 14, 7, 13], [8, 4, 9, 3], [10, 17, 11, 18], [12, 8, 13, 7], [21, 15, 22, 14], [16, 11, 17, 12], [23, 19, 24, 18]]"
12n_0093_3,"[[23, 19, 24, 18], [1, 21, 2, 20], [15, 23, 16, 22], [19, 1, 20, 24], [2, 6, 3, 5], [4, 10, 5, 9], [6, 14, 7, 13], [8, 4, 9, 3], [10, 17, 11, 18], [12, 8, 13, 7], [21, 15, 22, 14], [16, 11, 17, 12]]"
12n_0093_4,"[[16, 11, 17, 12], [23, 19, 24, 18], [1, 21, 2, 20], [15, 23, 16, 22], [19, 1, 20, 24], [2, 6, 3, 5], [4, 10, 5, 9], [6, 14, 7, 13], [8, 4, 9, 3], [10, 17, 11, 18], [12, 8, 13, 7], [21, 15, 22, 14]]"
12n_0093_5,"[[21, 15, 22, 14], [16, 11, 17, 12], [23, 19, 24, 18], [1, 21, 2, 20], [15, 23, 16, 22], [19, 1, 20, 24], [2, 6, 3, 5], [4, 10, 5, 9], [6, 14, 7, 13], [8, 4, 9, 3], [10, 17, 11, 18], [12, 8, 13, 7]]"
12n_0093_6,"[[12, 8, 13, 7], [21, 15, 22, 14], [16, 11, 17, 12], [23, 19, 24, 18], [1, 21, 2, 20], [15, 23, 16, 22], [19, 1, 20, 24], [2, 6, 3, 5], [4, 10, 5, 9], [6, 14, 7, 13], [8, 4, 9, 3], [10, 17, 11, 18]]"
12n_0093_7,"[[10, 17, 11, 18], [12, 8, 13, 7], [21, 15, 22, 14], [16, 11, 17, 12], [23, 19, 24, 18], [1, 21, 2, 20], [15, 23, 16, 22], [19, 1, 20, 24], [2, 6, 3, 5], [4, 10, 5, 9], [6, 14, 7, 13], [8, 4, 9, 3]]"
12n_0093_8,"[[8, 4, 9, 3], [10, 17, 11, 18], [12, 8, 13, 7], [21, 15, 22, 14], [16, 11, 17, 12], [23, 19, 24, 18], [1, 21, 2, 20], [15, 23, 16, 22], [19, 1, 20, 24], [2, 6, 3, 5], [4, 10, 5, 9], [6, 14, 7, 13]]"
12n_0093_9,"[[6, 14, 7, 13], [8, 4, 9, 3], [10, 17, 11, 18], [12, 8, 13, 7], [21, 15, 22, 14], [16, 11, 17, 12], [23, 19, 24, 18], [1, 21, 2, 20], [15, 23, 16, 22], [19, 1, 20, 24], [2, 6, 3, 5], [4, 10, 5, 9]]"
12n_0093_10,"[[4, 10, 5, 9], [6, 14, 7, 13], [8, 4, 9, 3], [10, 17, 11, 18], [12, 8, 13, 7], [21, 15, 22, 14], [16, 11, 17, 12], [23, 19, 24, 18], [1, 21, 2, 20], [15, 23, 16, 22], [19, 1, 20, 24], [2, 6, 3, 5]]"
12n_0093_11,"[[2, 6, 3, 5], [4, 10, 5, 9], [6, 14, 7, 13], [8, 4, 9, 3], [10, 17, 11, 18], [12, 8, 13, 7], [21, 15, 22, 14], [16, 11, 17, 12], [23, 19, 24, 18], [1, 21, 2, 20], [15, 23, 16, 22], [19, 1, 20, 24]]"
12n_0093_12,"[[20, 2, 21, 1], [3, 7, 4, 6], [5, 11, 6, 10], [7, 15, 8, 14], [9, 5, 10, 4], [11, 18, 12, 19], [13, 9, 14, 8], [22, 16, 23, 15], [17, 12, 18, 13], [24, 20, 1, 19], [2, 22, 3, 21], [16, 24, 17, 23]]"
12n_0093_13,"[[16, 24, 17, 23], [20, 2, 21, 1], [3, 7, 4, 6], [5, 11, 6, 10], [7, 15, 8, 14], [9, 5, 10, 4], [11, 18, 12, 19], [13, 9, 14, 8], [22, 16, 23, 15], [17, 12, 18, 13], [24, 20, 1, 19], [2, 22, 3, 21]]"
12n_0093_14,"[[2, 22, 3, 21], [16, 24, 17, 23], [20, 2, 21, 1], [3, 7, 4, 6], [5, 11, 6, 10], [7, 15, 8, 14], [9, 5, 10, 4], [11, 18, 12, 19], [13, 9, 14, 8], [22, 16, 23, 15], [17, 12, 18, 13], [24, 20, 1, 19]]"
12n_0093_15,"[[24, 20, 1, 19], [2, 22, 3, 21], [16, 24, 17, 23], [20, 2, 21, 1], [3, 7, 4, 6], [5, 11, 6, 10], [7, 15, 8, 14], [9, 5, 10, 4], [11, 18, 12, 19], [13, 9, 14, 8], [22, 16, 23, 15], [17, 12, 18, 13]]"
12n_0093_16,"[[17, 12, 18, 13], [24, 20, 1, 19], [2, 22, 3, 21], [16, 24, 17, 23], [20, 2, 21, 1], [3, 7, 4, 6], [5, 11, 6, 10], [7, 15, 8, 14], [9, 5, 10, 4], [11, 18, 12, 19], [13, 9, 14, 8], [22, 16, 23, 15]]"
12n_0093_17,"[[22, 16, 23, 15], [17, 12, 18, 13], [24, 20, 1, 19], [2, 22, 3, 21], [16, 24, 17, 23], [20, 2, 21, 1], [3, 7, 4, 6], [5, 11, 6, 10], [7, 15, 8, 14], [9, 5, 10, 4], [11, 18, 12, 19], [13, 9, 14, 8]]"
12n_0093_18,"[[13, 9, 14, 8], [22, 16, 23, 15], [17, 12, 18, 13], [24, 20, 1, 19], [2, 22, 3, 21], [16, 24, 17, 23], [20, 2, 21, 1], [3, 7, 4, 6], [5, 11, 6, 10], [7, 15, 8, 14], [9, 5, 10, 4], [11, 18, 12, 19]]"
12n_0093_19,"[[11, 18, 12, 19], [13, 9, 14, 8], [22, 16, 23, 15], [17, 12, 18, 13], [24, 20, 1, 19], [2, 22, 3, 21], [16, 24, 17, 23], [20, 2, 21, 1], [3, 7, 4, 6], [5, 11, 6, 10], [7, 15, 8, 14], [9, 5, 10, 4]]"
12n_0093_20,"[[9, 5, 10, 4], [11, 18, 12, 19], [13, 9, 14, 8], [22, 16, 23, 15], [17, 12, 18, 13], [24, 20, 1, 19], [2, 22, 3, 21], [16, 24, 17, 23], [20, 2, 21, 1], [3, 7, 4, 6], [5, 11, 6, 10], [7, 15, 8, 14]]"
12n_0093_21,"[[7, 15, 8, 14], [9, 5, 10, 4], [11, 18, 12, 19], [13, 9, 14, 8], [22, 16, 23, 15], [17, 12, 18, 13], [24, 20, 1, 19], [2, 22, 3, 21], [16, 24, 17, 23], [20, 2, 21, 1], [3, 7, 4, 6], [5, 11, 6, 10]]"
12n_0093_22,"[[5, 11, 6, 10], [7, 15, 8, 14], [9, 5, 10, 4], [11, 18, 12, 19], [13, 9, 14, 8], [22, 16, 23, 15], [17, 12, 18, 13], [24, 20, 1, 19], [2, 22, 3, 21], [16, 24, 17, 23], [20, 2, 21, 1], [3, 7, 4, 6]]"
12n_0093_23,"[[3, 7, 4, 6], [5, 11, 6, 10], [7, 15, 8, 14], [9, 5, 10, 4], [11, 18, 12, 19], [13, 9, 14, 8], [22, 16, 23, 15], [17, 12, 18, 13], [24, 20, 1, 19], [2, 22, 3, 21], [16, 24, 17, 23], [20, 2, 21, 1]]"
12n_0093_24,"[[21, 3, 22, 2], [4, 8, 5, 7], [6, 12, 7, 11], [8, 16, 9, 15], [10, 6, 11, 5], [12, 19, 13, 20], [14, 10, 15, 9], [23, 17, 24, 16], [18, 13, 19, 14], [1, 21, 2, 20], [3, 23, 4, 22], [17, 1, 18, 24]]"
12n_0093_25,"[[17, 1, 18, 24], [21, 3, 22, 2], [4, 8, 5, 7], [6, 12, 7, 11], [8, 16, 9, 15], [10, 6, 11, 5], [12, 19, 13, 20], [14, 10, 15, 9], [23, 17, 24, 16], [18, 13, 19, 14], [1, 21, 2, 20], [3, 23, 4, 22]]"
12n_0093_26,"[[3, 23, 4, 22], [17, 1, 18, 24], [21, 3, 22, 2], [4, 8, 5, 7], [6, 12, 7, 11], [8, 16, 9, 15], [10, 6, 11, 5], [12, 19, 13, 20], [14, 10, 15, 9], [23, 17, 24, 16], [18, 13, 19, 14], [1, 21, 2, 20]]"
12n_0093_27,"[[1, 21, 2, 20], [3, 23, 4, 22], [17, 1, 18, 24], [21, 3, 22, 2], [4, 8, 5, 7], [6, 12, 7, 11], [8, 16, 9, 15], [10, 6, 11, 5], [12, 19, 13, 20], [14, 10, 15, 9], [23, 17, 24, 16], [18, 13, 19, 14]]"
12n_0093_28,"[[18, 13, 19, 14], [1, 21, 2, 20], [3, 23, 4, 22], [17, 1, 18, 24], [21, 3, 22, 2], [4, 8, 5, 7], [6, 12, 7, 11], [8, 16, 9, 15], [10, 6, 11, 5], [12, 19, 13, 20], [14, 10, 15, 9], [23, 17, 24, 16]]"
12n_0093_29,"[[23, 17, 24, 16], [18, 13, 19, 14], [1, 21, 2, 20], [3, 23, 4, 22], [17, 1, 18, 24], [21, 3, 22, 2], [4, 8, 5, 7], [6, 12, 7, 11], [8, 16, 9, 15], [10, 6, 11, 5], [12, 19, 13, 20], [14, 10, 15, 9]]"
12n_0093_30,"[[14, 10, 15, 9], [23, 17, 24, 16], [18, 13, 19, 14], [1, 21, 2, 20], [3, 23, 4, 22], [17, 1, 18, 24], [21, 3, 22, 2], [4, 8, 5, 7], [6, 12, 7, 11], [8, 16, 9, 15], [10, 6, 11, 5], [12, 19, 13, 20]]"
12n_0093_31,"[[12, 19, 13, 20], [14, 10, 15, 9], [23, 17, 24, 16], [18, 13, 19, 14], [1, 21, 2, 20], [3, 23, 4, 22], [17, 1, 18, 24], [21, 3, 22, 2], [4, 8, 5, 7], [6, 12, 7, 11], [8, 16, 9, 15], [10, 6, 11, 5]]"
12n_0093_32,"[[10, 6, 11, 5], [12, 19, 13, 20], [14, 10, 15, 9], [23, 17, 24, 16], [18, 13, 19, 14], [1, 21, 2, 20], [3, 23, 4, 22], [17, 1, 18, 24], [21, 3, 22, 2], [4, 8, 5, 7], [6, 12, 7, 11], [8, 16, 9, 15]]"
12n_0093_33,"[[8, 16, 9, 15], [10, 6, 11, 5], [12, 19, 13, 20], [14, 10, 15, 9], [23, 17, 24, 16], [18, 13, 19, 14], [1, 21, 2, 20], [3, 23, 4, 22], [17, 1, 18, 24], [21, 3, 22, 2], [4, 8, 5, 7], [6, 12, 7, 11]]"
12n_0093_34,"[[6, 12, 7, 11], [8, 16, 9, 15], [10, 6, 11, 5], [12, 19, 13, 20], [14, 10, 15, 9], [23, 17, 24, 16], [18, 13, 19, 14], [1, 21, 2, 20], [3, 23, 4, 22], [17, 1, 18, 24], [21, 3, 22, 2], [4, 8, 5, 7]]"
12n_0093_35,"[[4, 8, 5, 7], [6, 12, 7, 11], [8, 16, 9, 15], [10, 6, 11, 5], [12, 19, 13, 20], [14, 10, 15, 9], [23, 17, 24, 16], [18, 13, 19, 14], [1, 21, 2, 20], [3, 23, 4, 22], [17, 1, 18, 24], [21, 3, 22, 2]]"
12n_0093_36,"[[22, 4, 23, 3], [5, 9, 6, 8], [7, 13, 8, 12], [9, 17, 10, 16], [11, 7, 12, 6], [13, 20, 14, 21], [15, 11, 16, 10], [24, 18, 1, 17], [19, 14, 20, 15], [2, 22, 3, 21], [4, 24, 5, 23], [18, 2, 19, 1]]"
12n_0093_37,"[[18, 2, 19, 1], [22, 4, 23, 3], [5, 9, 6, 8], [7, 13, 8, 12], [9, 17, 10, 16], [11, 7, 12, 6], [13, 20, 14, 21], [15, 11, 16, 10], [24, 18, 1, 17], [19, 14, 20, 15], [2, 22, 3, 21], [4, 24, 5, 23]]"
12n_0093_38,"[[4, 24, 5, 23], [18, 2, 19, 1], [22, 4, 23, 3], [5, 9, 6, 8], [7, 13, 8, 12], [9, 17, 10, 16], [11, 7, 12, 6], [13, 20, 14, 21], [15, 11, 16, 10], [24, 18, 1, 17], [19, 14, 20, 15], [2, 22, 3, 21]]"
12n_0093_39,"[[2, 22, 3, 21], [4, 24, 5, 23], [18, 2, 19, 1], [22, 4, 23, 3], [5, 9, 6, 8], [7, 13, 8, 12], [9, 17, 10, 16], [11, 7, 12, 6], [13, 20, 14, 21], [15, 11, 16, 10], [24, 18, 1, 17], [19, 14, 20, 15]]"
12n_0093_40,"[[19, 14, 20, 15], [2, 22, 3, 21], [4, 24, 5, 23], [18, 2, 19, 1], [22, 4, 23, 3], [5, 9, 6, 8], [7, 13, 8, 12], [9, 17, 10, 16], [11, 7, 12, 6], [13, 20, 14, 21], [15, 11, 16, 10], [24, 18, 1, 17]]"
12n_0093_41,"[[24, 18, 1, 17], [19, 14, 20, 15], [2, 22, 3, 21], [4, 24, 5, 23], [18, 2, 19, 1], [22, 4, 23, 3], [5, 9, 6, 8], [7, 13, 8, 12], [9, 17, 10, 16], [11, 7, 12, 6], [13, 20, 14, 21], [15, 11, 16, 10]]"
12n_0093_42,"[[15, 11, 16, 10], [24, 18, 1, 17], [19, 14, 20, 15], [2, 22, 3, 21], [4, 24, 5, 23], [18, 2, 19, 1], [22, 4, 23, 3], [5, 9, 6, 8], [7, 13, 8, 12], [9, 17, 10, 16], [11, 7, 12, 6], [13, 20, 14, 21]]"
12n_0093_43,"[[13, 20, 14, 21], [15, 11, 16, 10], [24, 18, 1, 17], [19, 14, 20, 15], [2, 22, 3, 21], [4, 24, 5, 23], [18, 2, 19, 1], [22, 4, 23, 3], [5, 9, 6, 8], [7, 13, 8, 12], [9, 17, 10, 16], [11, 7, 12, 6]]"
12n_0093_44,"[[11, 7, 12, 6], [13, 20, 14, 21], [15, 11, 16, 10], [24, 18, 1, 17], [19, 14, 20, 15], [2, 22, 3, 21], [4, 24, 5, 23], [18, 2, 19, 1], [22, 4, 23, 3], [5, 9, 6, 8], [7, 13, 8, 12], [9, 17, 10, 16]]"
12n_0093_45,"[[9, 17, 10, 16], [11, 7, 12, 6], [13, 20, 14, 21], [15, 11, 16, 10], [24, 18, 1, 17], [19, 14, 20, 15], [2, 22, 3, 21], [4, 24, 5, 23], [18, 2, 19, 1], [22, 4, 23, 3], [5, 9, 6, 8], [7, 13, 8, 12]]"
12n_0093_46,"[[7, 13, 8, 12], [9, 17, 10, 16], [11, 7, 12, 6], [13, 20, 14, 21], [15, 11, 16, 10], [24, 18, 1, 17], [19, 14, 20, 15], [2, 22, 3, 21], [4, 24, 5, 23], [18, 2, 19, 1], [22, 4, 23, 3], [5, 9, 6, 8]]"
12n_0093_47,"[[5, 9, 6, 8], [7, 13, 8, 12], [9, 17, 10, 16], [11, 7, 12, 6], [13, 20, 14, 21], [15, 11, 16, 10], [24, 18, 1, 17], [19, 14, 20, 15], [2, 22, 3, 21], [4, 24, 5, 23], [18, 2, 19, 1], [22, 4, 23, 3]]"
12n_0093_48,"[[23, 5, 24, 4], [6, 10, 7, 9], [8, 14, 9, 13], [10, 18, 11, 17], [12, 8, 13, 7], [14, 21, 15, 22], [16, 12, 17, 11], [1, 19, 2, 18], [20, 15, 21, 16], [3, 23, 4, 22], [5, 1, 6, 24], [19, 3, 20, 2]]"
12n_0093_49,"[[19, 3, 20, 2], [23, 5, 24, 4], [6, 10, 7, 9], [8, 14, 9, 13], [10, 18, 11, 17], [12, 8, 13, 7], [14, 21, 15, 22], [16, 12, 17, 11], [1, 19, 2, 18], [20, 15, 21, 16], [3, 23, 4, 22], [5, 1, 6, 24]]"
12n_0093_50,"[[5, 1, 6, 24], [19, 3, 20, 2], [23, 5, 24, 4], [6, 10, 7, 9], [8, 14, 9, 13], [10, 18, 11, 17], [12, 8, 13, 7], [14, 21, 15, 22], [16, 12, 17, 11], [1, 19, 2, 18], [20, 15, 21, 16], [3, 23, 4, 22]]"
12n_0093_51,"[[3, 23, 4, 22], [5, 1, 6, 24], [19, 3, 20, 2], [23, 5, 24, 4], [6, 10, 7, 9], [8, 14, 9, 13], [10, 18, 11, 17], [12, 8, 13, 7], [14, 21, 15, 22], [16, 12, 17, 11], [1, 19, 2, 18], [20, 15, 21, 16]]"
12n_0093_52,"[[20, 15, 21, 16], [3, 23, 4, 22], [5, 1, 6, 24], [19, 3, 20, 2], [23, 5, 24, 4], [6, 10, 7, 9], [8, 14, 9, 13], [10, 18, 11, 17], [12, 8, 13, 7], [14, 21, 15, 22], [16, 12, 17, 11], [1, 19, 2, 18]]"
12n_0093_53,"[[1, 19, 2, 18], [20, 15, 21, 16], [3, 23, 4, 22], [5, 1, 6, 24], [19, 3, 20, 2], [23, 5, 24, 4], [6, 10, 7, 9], [8, 14, 9, 13], [10, 18, 11, 17], [12, 8, 13, 7], [14, 21, 15, 22], [16, 12, 17, 11]]"
12n_0093_54,"[[16, 12, 17, 11], [1, 19, 2, 18], [20, 15, 21, 16], [3, 23, 4, 22], [5, 1, 6, 24], [19, 3, 20, 2], [23, 5, 24, 4], [6, 10, 7, 9], [8, 14, 9, 13], [10, 18, 11, 17], [12, 8, 13, 7], [14, 21, 15, 22]]"
12n_0093_55,"[[14, 21, 15, 22], [16, 12, 17, 11], [1, 19, 2, 18], [20, 15, 21, 16], [3, 23, 4, 22], [5, 1, 6, 24], [19, 3, 20, 2], [23, 5, 24, 4], [6, 10, 7, 9], [8, 14, 9, 13], [10, 18, 11, 17], [12, 8, 13, 7]]"
12n_0093_56,"[[12, 8, 13, 7], [14, 21, 15, 22], [16, 12, 17, 11], [1, 19, 2, 18], [20, 15, 21, 16], [3, 23, 4, 22], [5, 1, 6, 24], [19, 3, 20, 2], [23, 5, 24, 4], [6, 10, 7, 9], [8, 14, 9, 13], [10, 18, 11, 17]]"
12n_0093_57,"[[10, 18, 11, 17], [12, 8, 13, 7], [14, 21, 15, 22], [16, 12, 17, 11], [1, 19, 2, 18], [20, 15, 21, 16], [3, 23, 4, 22], [5, 1, 6, 24], [19, 3, 20, 2], [23, 5, 24, 4], [6, 10, 7, 9], [8, 14, 9, 13]]"
12n_0093_58,"[[8, 14, 9, 13], [10, 18, 11, 17], [12, 8, 13, 7], [14, 21, 15, 22], [16, 12, 17, 11], [1, 19, 2, 18], [20, 15, 21, 16], [3, 23, 4, 22], [5, 1, 6, 24], [19, 3, 20, 2], [23, 5, 24, 4], [6, 10, 7, 9]]"
12n_0093_59,"[[6, 10, 7, 9], [8, 14, 9, 13], [10, 18, 11, 17], [12, 8, 13, 7], [14, 21, 15, 22], [16, 12, 17, 11], [1, 19, 2, 18], [20, 15, 21, 16], [3, 23, 4, 22], [5, 1, 6, 24], [19, 3, 20, 2], [23, 5, 24, 4]]"
12n_0093_60,"[[24, 6, 1, 5], [7, 11, 8, 10], [9, 15, 10, 14], [11, 19, 12, 18], [13, 9, 14, 8], [15, 22, 16, 23], [17, 13, 18, 12], [2, 20, 3, 19], [21, 16, 22, 17], [4, 24, 5, 23], [6, 2, 7, 1], [20, 4, 21, 3]]"
12n_0093_61,"[[20, 4, 21, 3], [24, 6, 1, 5], [7, 11, 8, 10], [9, 15, 10, 14], [11, 19, 12, 18], [13, 9, 14, 8], [15, 22, 16, 23], [17, 13, 18, 12], [2, 20, 3, 19], [21, 16, 22, 17], [4, 24, 5, 23], [6, 2, 7, 1]]"
12n_0093_62,"[[6, 2, 7, 1], [20, 4, 21, 3], [24, 6, 1, 5], [7, 11, 8, 10], [9, 15, 10, 14], [11, 19, 12, 18], [13, 9, 14, 8], [15, 22, 16, 23], [17, 13, 18, 12], [2, 20, 3, 19], [21, 16, 22, 17], [4, 24, 5, 23]]"
12n_0093_63,"[[4, 24, 5, 23], [6, 2, 7, 1], [20, 4, 21, 3], [24, 6, 1, 5], [7, 11, 8, 10], [9, 15, 10, 14], [11, 19, 12, 18], [13, 9, 14, 8], [15, 22, 16, 23], [17, 13, 18, 12], [2, 20, 3, 19], [21, 16, 22, 17]]"
12n_0093_64,"[[21, 16, 22, 17], [4, 24, 5, 23], [6, 2, 7, 1], [20, 4, 21, 3], [24, 6, 1, 5], [7, 11, 8, 10], [9, 15, 10, 14], [11, 19, 12, 18], [13, 9, 14, 8], [15, 22, 16, 23], [17, 13, 18, 12], [2, 20, 3, 19]]"
12n_0093_65,"[[2, 20, 3, 19], [21, 16, 22, 17], [4, 24, 5, 23], [6, 2, 7, 1], [20, 4, 21, 3], [24, 6, 1, 5], [7, 11, 8, 10], [9, 15, 10, 14], [11, 19, 12, 18], [13, 9, 14, 8], [15, 22, 16, 23], [17, 13, 18, 12]]"
12n_0093_66,"[[17, 13, 18, 12], [2, 20, 3, 19], [21, 16, 22, 17], [4, 24, 5, 23], [6, 2, 7, 1], [20, 4, 21, 3], [24, 6, 1, 5], [7, 11, 8, 10], [9, 15, 10, 14], [11, 19, 12, 18], [13, 9, 14, 8], [15, 22, 16, 23]]"
12n_0093_67,"[[15, 22, 16, 23], [17, 13, 18, 12], [2, 20, 3, 19], [21, 16, 22, 17], [4, 24, 5, 23], [6, 2, 7, 1], [20, 4, 21, 3], [24, 6, 1, 5], [7, 11, 8, 10], [9, 15, 10, 14], [11, 19, 12, 18], [13, 9, 14, 8]]"
12n_0093_68,"[[13, 9, 14, 8], [15, 22, 16, 23], [17, 13, 18, 12], [2, 20, 3, 19], [21, 16, 22, 17], [4, 24, 5, 23], [6, 2, 7, 1], [20, 4, 21, 3], [24, 6, 1, 5], [7, 11, 8, 10], [9, 15, 10, 14], [11, 19, 12, 18]]"
12n_0093_69,"[[11, 19, 12, 18], [13, 9, 14, 8], [15, 22, 16, 23], [17, 13, 18, 12], [2, 20, 3, 19], [21, 16, 22, 17], [4, 24, 5, 23], [6, 2, 7, 1], [20, 4, 21, 3], [24, 6, 1, 5], [7, 11, 8, 10], [9, 15, 10, 14]]"
12n_0093_70,"[[9, 15, 10, 14], [11, 19, 12, 18], [13, 9, 14, 8], [15, 22, 16, 23], [17, 13, 18, 12], [2, 20, 3, 19], [21, 16, 22, 17], [4, 24, 5, 23], [6, 2, 7, 1], [20, 4, 21, 3], [24, 6, 1, 5], [7, 11, 8, 10]]"
12n_0093_71,"[[7, 11, 8, 10], [9, 15, 10, 14], [11, 19, 12, 18], [13, 9, 14, 8], [15, 22, 16, 23], [17, 13, 18, 12], [2, 20, 3, 19], [21, 16, 22, 17], [4, 24, 5, 23], [6, 2, 7, 1], [20, 4, 21, 3], [24, 6, 1, 5]]"
12n_0093_72,"[[1, 7, 2, 6], [8, 12, 9, 11], [10, 16, 11, 15], [12, 20, 13, 19], [14, 10, 15, 9], [16, 23, 17, 24], [18, 14, 19, 13], [3, 21, 4, 20], [22, 17, 23, 18], [5, 1, 6, 24], [7, 3, 8, 2], [21, 5, 22, 4]]"
12n_0093_73,"[[21, 5, 22, 4], [1, 7, 2, 6], [8, 12, 9, 11], [10, 16, 11, 15], [12, 20, 13, 19], [14, 10, 15, 9], [16, 23, 17, 24], [18, 14, 19, 13], [3, 21, 4, 20], [22, 17, 23, 18], [5, 1, 6, 24], [7, 3, 8, 2]]"
12n_0093_74,"[[7, 3, 8, 2], [21, 5, 22, 4], [1, 7, 2, 6], [8, 12, 9, 11], [10, 16, 11, 15], [12, 20, 13, 19], [14, 10, 15, 9], [16, 23, 17, 24], [18, 14, 19, 13], [3, 21, 4, 20], [22, 17, 23, 18], [5, 1, 6, 24]]"
12n_0093_75,"[[5, 1, 6, 24], [7, 3, 8, 2], [21, 5, 22, 4], [1, 7, 2, 6], [8, 12, 9, 11], [10, 16, 11, 15], [12, 20, 13, 19], [14, 10, 15, 9], [16, 23, 17, 24], [18, 14, 19, 13], [3, 21, 4, 20], [22, 17, 23, 18]]"
12n_0093_76,"[[22, 17, 23, 18], [5, 1, 6, 24], [7, 3, 8, 2], [21, 5, 22, 4], [1, 7, 2, 6], [8, 12, 9, 11], [10, 16, 11, 15], [12, 20, 13, 19], [14, 10, 15, 9], [16, 23, 17, 24], [18, 14, 19, 13], [3, 21, 4, 20]]"
12n_0093_77,"[[3, 21, 4, 20], [22, 17, 23, 18], [5, 1, 6, 24], [7, 3, 8, 2], [21, 5, 22, 4], [1, 7, 2, 6], [8, 12, 9, 11], [10, 16, 11, 15], [12, 20, 13, 19], [14, 10, 15, 9], [16, 23, 17, 24], [18, 14, 19, 13]]"
12n_0093_78,"[[18, 14, 19, 13], [3, 21, 4, 20], [22, 17, 23, 18], [5, 1, 6, 24], [7, 3, 8, 2], [21, 5, 22, 4], [1, 7, 2, 6], [8, 12, 9, 11], [10, 16, 11, 15], [12, 20, 13, 19], [14, 10, 15, 9], [16, 23, 17, 24]]"
12n_0093_79,"[[16, 23, 17, 24], [18, 14, 19, 13], [3, 21, 4, 20], [22, 17, 23, 18], [5, 1, 6, 24], [7, 3, 8, 2], [21, 5, 22, 4], [1, 7, 2, 6], [8, 12, 9, 11], [10, 16, 11, 15], [12, 20, 13, 19], [14, 10, 15, 9]]"
12n_0093_80,"[[14, 10, 15, 9], [16, 23, 17, 24], [18, 14, 19, 13], [3, 21, 4, 20], [22, 17, 23, 18], [5, 1, 6, 24], [7, 3, 8, 2], [21, 5, 22, 4], [1, 7, 2, 6], [8, 12, 9, 11], [10, 16, 11, 15], [12, 20, 13, 19]]"
12n_0093_81,"[[12, 20, 13, 19], [14, 10, 15, 9], [16, 23, 17, 24], [18, 14, 19, 13], [3, 21, 4, 20], [22, 17, 23, 18], [5, 1, 6, 24], [7, 3, 8, 2], [21, 5, 22, 4], [1, 7, 2, 6], [8, 12, 9, 11], [10, 16, 11, 15]]"
12n_0093_82,"[[10, 16, 11, 15], [12, 20, 13, 19], [14, 10, 15, 9], [16, 23, 17, 24], [18, 14, 19, 13], [3, 21, 4, 20], [22, 17, 23, 18], [5, 1, 6, 24], [7, 3, 8, 2], [21, 5, 22, 4], [1, 7, 2, 6], [8, 12, 9, 11]]"
12n_0093_83,"[[8, 12, 9, 11], [10, 16, 11, 15], [12, 20, 13, 19], [14, 10, 15, 9], [16, 23, 17, 24], [18, 14, 19, 13], [3, 21, 4, 20], [22, 17, 23, 18], [5, 1, 6, 24], [7, 3, 8, 2], [21, 5, 22, 4], [1, 7, 2, 6]]"
12n_0093_84,"[[2, 8, 3, 7], [9, 13, 10, 12], [11, 17, 12, 16], [13, 21, 14, 20], [15, 11, 16, 10], [17, 24, 18, 1], [19, 15, 20, 14], [4, 22, 5, 21], [23, 18, 24, 19], [6, 2, 7, 1], [8, 4, 9, 3], [22, 6, 23, 5]]"
12n_0093_85,"[[22, 6, 23, 5], [2, 8, 3, 7], [9, 13, 10, 12], [11, 17, 12, 16], [13, 21, 14, 20], [15, 11, 16, 10], [17, 24, 18, 1], [19, 15, 20, 14], [4, 22, 5, 21], [23, 18, 24, 19], [6, 2, 7, 1], [8, 4, 9, 3]]"
12n_0093_86,"[[8, 4, 9, 3], [22, 6, 23, 5], [2, 8, 3, 7], [9, 13, 10, 12], [11, 17, 12, 16], [13, 21, 14, 20], [15, 11, 16, 10], [17, 24, 18, 1], [19, 15, 20, 14], [4, 22, 5, 21], [23, 18, 24, 19], [6, 2, 7, 1]]"
12n_0093_87,"[[6, 2, 7, 1], [8, 4, 9, 3], [22, 6, 23, 5], [2, 8, 3, 7], [9, 13, 10, 12], [11, 17, 12, 16], [13, 21, 14, 20], [15, 11, 16, 10], [17, 24, 18, 1], [19, 15, 20, 14], [4, 22, 5, 21], [23, 18, 24, 19]]"
12n_0093_88,"[[23, 18, 24, 19], [6, 2, 7, 1], [8, 4, 9, 3], [22, 6, 23, 5], [2, 8, 3, 7], [9, 13, 10, 12], [11, 17, 12, 16], [13, 21, 14, 20], [15, 11, 16, 10], [17, 24, 18, 1], [19, 15, 20, 14], [4, 22, 5, 21]]"
12n_0093_89,"[[4, 22, 5, 21], [23, 18, 24, 19], [6, 2, 7, 1], [8, 4, 9, 3], [22, 6, 23, 5], [2, 8, 3, 7], [9, 13, 10, 12], [11, 17, 12, 16], [13, 21, 14, 20], [15, 11, 16, 10], [17, 24, 18, 1], [19, 15, 20, 14]]"
12n_0093_90,"[[19, 15, 20, 14], [4, 22, 5, 21], [23, 18, 24, 19], [6, 2, 7, 1], [8, 4, 9, 3], [22, 6, 23, 5], [2, 8, 3, 7], [9, 13, 10, 12], [11, 17, 12, 16], [13, 21, 14, 20], [15, 11, 16, 10], [17, 24, 18, 1]]"
12n_0093_91,"[[17, 24, 18, 1], [19, 15, 20, 14], [4, 22, 5, 21], [23, 18, 24, 19], [6, 2, 7, 1], [8, 4, 9, 3], [22, 6, 23, 5], [2, 8, 3, 7], [9, 13, 10, 12], [11, 17, 12, 16], [13, 21, 14, 20], [15, 11, 16, 10]]"
12n_0093_92,"[[15, 11, 16, 10], [17, 24, 18, 1], [19, 15, 20, 14], [4, 22, 5, 21], [23, 18, 24, 19], [6, 2, 7, 1], [8, 4, 9, 3], [22, 6, 23, 5], [2, 8, 3, 7], [9, 13, 10, 12], [11, 17, 12, 16], [13, 21, 14, 20]]"
12n_0093_93,"[[13, 21, 14, 20], [15, 11, 16, 10], [17, 24, 18, 1], [19, 15, 20, 14], [4, 22, 5, 21], [23, 18, 24, 19], [6, 2, 7, 1], [8, 4, 9, 3], [22, 6, 23, 5], [2, 8, 3, 7], [9, 13, 10, 12], [11, 17, 12, 16]]"
12n_0093_94,"[[11, 17, 12, 16], [13, 21, 14, 20], [15, 11, 16, 10], [17, 24, 18, 1], [19, 15, 20, 14], [4, 22, 5, 21], [23, 18, 24, 19], [6, 2, 7, 1], [8, 4, 9, 3], [22, 6, 23, 5], [2, 8, 3, 7], [9, 13, 10, 12]]"
12n_0093_95,"[[9, 13, 10, 12], [11, 17, 12, 16], [13, 21, 14, 20], [15, 11, 16, 10], [17, 24, 18, 1], [19, 15, 20, 14], [4, 22, 5, 21], [23, 18, 24, 19], [6, 2, 7, 1], [8, 4, 9, 3], [22, 6, 23, 5], [2, 8, 3, 7]]"
12n_0093_96,"[[3, 9, 4, 8], [10, 14, 11, 13], [12, 18, 13, 17], [14, 22, 15, 21], [16, 12, 17, 11], [18, 1, 19, 2], [20, 16, 21, 15], [5, 23, 6, 22], [24, 19, 1, 20], [7, 3, 8, 2], [9, 5, 10, 4], [23, 7, 24, 6]]"
12n_0093_97,"[[23, 7, 24, 6], [3, 9, 4, 8], [10, 14, 11, 13], [12, 18, 13, 17], [14, 22, 15, 21], [16, 12, 17, 11], [18, 1, 19, 2], [20, 16, 21, 15], [5, 23, 6, 22], [24, 19, 1, 20], [7, 3, 8, 2], [9, 5, 10, 4]]"
12n_0093_98,"[[9, 5, 10, 4], [23, 7, 24, 6], [3, 9, 4, 8], [10, 14, 11, 13], [12, 18, 13, 17], [14, 22, 15, 21], [16, 12, 17, 11], [18, 1, 19, 2], [20, 16, 21, 15], [5, 23, 6, 22], [24, 19, 1, 20], [7, 3, 8, 2]]"
12n_0093_99,"[[7, 3, 8, 2], [9, 5, 10, 4], [23, 7, 24, 6], [3, 9, 4, 8], [10, 14, 11, 13], [12, 18, 13, 17], [14, 22, 15, 21], [16, 12, 17, 11], [18, 1, 19, 2], [20, 16, 21, 15], [5, 23, 6, 22], [24, 19, 1, 20]]"
12n_0093_100,"[[24, 19, 1, 20], [7, 3, 8, 2], [9, 5, 10, 4], [23, 7, 24, 6], [3, 9, 4, 8], [10, 14, 11, 13], [12, 18, 13, 17], [14, 22, 15, 21], [16, 12, 17, 11], [18, 1, 19, 2], [20, 16, 21, 15], [5, 23, 6, 22]]"
12n_0093_101,"[[5, 23, 6, 22], [24, 19, 1, 20], [7, 3, 8, 2], [9, 5, 10, 4], [23, 7, 24, 6], [3, 9, 4, 8], [10, 14, 11, 13], [12, 18, 13, 17], [14, 22, 15, 21], [16, 12, 17, 11], [18, 1, 19, 2], [20, 16, 21, 15]]"
12n_0093_102,"[[20, 16, 21, 15], [5, 23, 6, 22], [24, 19, 1, 20], [7, 3, 8, 2], [9, 5, 10, 4], [23, 7, 24, 6], [3, 9, 4, 8], [10, 14, 11, 13], [12, 18, 13, 17], [14, 22, 15, 21], [16, 12, 17, 11], [18, 1, 19, 2]]"
12n_0093_103,"[[18, 1, 19, 2], [20, 16, 21, 15], [5, 23, 6, 22], [24, 19, 1, 20], [7, 3, 8, 2], [9, 5, 10, 4], [23, 7, 24, 6], [3, 9, 4, 8], [10, 14, 11, 13], [12, 18, 13, 17], [14, 22, 15, 21], [16, 12, 17, 11]]"
12n_0093_104,"[[16, 12, 17, 11], [18, 1, 19, 2], [20, 16, 21, 15], [5, 23, 6, 22], [24, 19, 1, 20], [7, 3, 8, 2], [9, 5, 10, 4], [23, 7, 24, 6], [3, 9, 4, 8], [10, 14, 11, 13], [12, 18, 13, 17], [14, 22, 15, 21]]"
12n_0093_105,"[[14, 22, 15, 21], [16, 12, 17, 11], [18, 1, 19, 2], [20, 16, 21, 15], [5, 23, 6, 22], [24, 19, 1, 20], [7, 3, 8, 2], [9, 5, 10, 4], [23, 7, 24, 6], [3, 9, 4, 8], [10, 14, 11, 13], [12, 18, 13, 17]]"
12n_0093_106,"[[12, 18, 13, 17], [14, 22, 15, 21], [16, 12, 17, 11], [18, 1, 19, 2], [20, 16, 21, 15], [5, 23, 6, 22], [24, 19, 1, 20], [7, 3, 8, 2], [9, 5, 10, 4], [23, 7, 24, 6], [3, 9, 4, 8], [10, 14, 11, 13]]"
12n_0093_107,"[[10, 14, 11, 13], [12, 18, 13, 17], [14, 22, 15, 21], [16, 12, 17, 11], [18, 1, 19, 2], [20, 16, 21, 15], [5, 23, 6, 22], [24, 19, 1, 20], [7, 3, 8, 2], [9, 5, 10, 4], [23, 7, 24, 6], [3, 9, 4, 8]]"
12n_0093_108,"[[4, 10, 5, 9], [11, 15, 12, 14], [13, 19, 14, 18], [15, 23, 16, 22], [17, 13, 18, 12], [19, 2, 20, 3], [21, 17, 22, 16], [6, 24, 7, 23], [1, 20, 2, 21], [8, 4, 9, 3], [10, 6, 11, 5], [24, 8, 1, 7]]"
12n_0093_109,"[[24, 8, 1, 7], [4, 10, 5, 9], [11, 15, 12, 14], [13, 19, 14, 18], [15, 23, 16, 22], [17, 13, 18, 12], [19, 2, 20, 3], [21, 17, 22, 16], [6, 24, 7, 23], [1, 20, 2, 21], [8, 4, 9, 3], [10, 6, 11, 5]]"
12n_0093_110,"[[10, 6, 11, 5], [24, 8, 1, 7], [4, 10, 5, 9], [11, 15, 12, 14], [13, 19, 14, 18], [15, 23, 16, 22], [17, 13, 18, 12], [19, 2, 20, 3], [21, 17, 22, 16], [6, 24, 7, 23], [1, 20, 2, 21], [8, 4, 9, 3]]"
12n_0093_111,"[[8, 4, 9, 3], [10, 6, 11, 5], [24, 8, 1, 7], [4, 10, 5, 9], [11, 15, 12, 14], [13, 19, 14, 18], [15, 23, 16, 22], [17, 13, 18, 12], [19, 2, 20, 3], [21, 17, 22, 16], [6, 24, 7, 23], [1, 20, 2, 21]]"
12n_0093_112,"[[1, 20, 2, 21], [8, 4, 9, 3], [10, 6, 11, 5], [24, 8, 1, 7], [4, 10, 5, 9], [11, 15, 12, 14], [13, 19, 14, 18], [15, 23, 16, 22], [17, 13, 18, 12], [19, 2, 20, 3], [21, 17, 22, 16], [6, 24, 7, 23]]"
12n_0093_113,"[[6, 24, 7, 23], [1, 20, 2, 21], [8, 4, 9, 3], [10, 6, 11, 5], [24, 8, 1, 7], [4, 10, 5, 9], [11, 15, 12, 14], [13, 19, 14, 18], [15, 23, 16, 22], [17, 13, 18, 12], [19, 2, 20, 3], [21, 17, 22, 16]]"
12n_0093_114,"[[21, 17, 22, 16], [6, 24, 7, 23], [1, 20, 2, 21], [8, 4, 9, 3], [10, 6, 11, 5], [24, 8, 1, 7], [4, 10, 5, 9], [11, 15, 12, 14], [13, 19, 14, 18], [15, 23, 16, 22], [17, 13, 18, 12], [19, 2, 20, 3]]"
12n_0093_115,"[[19, 2, 20, 3], [21, 17, 22, 16], [6, 24, 7, 23], [1, 20, 2, 21], [8, 4, 9, 3], [10, 6, 11, 5], [24, 8, 1, 7], [4, 10, 5, 9], [11, 15, 12, 14], [13, 19, 14, 18], [15, 23, 16, 22], [17, 13, 18, 12]]"
12n_0093_116,"[[17, 13, 18, 12], [19, 2, 20, 3], [21, 17, 22, 16], [6, 24, 7, 23], [1, 20, 2, 21], [8, 4, 9, 3], [10, 6, 11, 5], [24, 8, 1, 7], [4, 10, 5, 9], [11, 15, 12, 14], [13, 19, 14, 18], [15, 23, 16, 22]]"
12n_0093_117,"[[15, 23, 16, 22], [17, 13, 18, 12], [19, 2, 20, 3], [21, 17, 22, 16], [6, 24, 7, 23], [1, 20, 2, 21], [8, 4, 9, 3], [10, 6, 11, 5], [24, 8, 1, 7], [4, 10, 5, 9], [11, 15, 12, 14], [13, 19, 14, 18]]"
12n_0093_118,"[[13, 19, 14, 18], [15, 23, 16, 22], [17, 13, 18, 12], [19, 2, 20, 3], [21, 17, 22, 16], [6, 24, 7, 23], [1, 20, 2, 21], [8, 4, 9, 3], [10, 6, 11, 5], [24, 8, 1, 7], [4, 10, 5, 9], [11, 15, 12, 14]]"
12n_0093_119,"[[11, 15, 12, 14], [13, 19, 14, 18], [15, 23, 16, 22], [17, 13, 18, 12], [19, 2, 20, 3], [21, 17, 22, 16], [6, 24, 7, 23], [1, 20, 2, 21], [8, 4, 9, 3], [10, 6, 11, 5], [24, 8, 1, 7], [4, 10, 5, 9]]"
12n_0093_120,"[[5, 11, 6, 10], [12, 16, 13, 15], [14, 20, 15, 19], [16, 24, 17, 23], [18, 14, 19, 13], [20, 3, 21, 4], [22, 18, 23, 17], [7, 1, 8, 24], [2, 21, 3, 22], [9, 5, 10, 4], [11, 7, 12, 6], [1, 9, 2, 8]]"
12n_0093_121,"[[1, 9, 2, 8], [5, 11, 6, 10], [12, 16, 13, 15], [14, 20, 15, 19], [16, 24, 17, 23], [18, 14, 19, 13], [20, 3, 21, 4], [22, 18, 23, 17], [7, 1, 8, 24], [2, 21, 3, 22], [9, 5, 10, 4], [11, 7, 12, 6]]"
12n_0093_122,"[[11, 7, 12, 6], [1, 9, 2, 8], [5, 11, 6, 10], [12, 16, 13, 15], [14, 20, 15, 19], [16, 24, 17, 23], [18, 14, 19, 13], [20, 3, 21, 4], [22, 18, 23, 17], [7, 1, 8, 24], [2, 21, 3, 22], [9, 5, 10, 4]]"
12n_0093_123,"[[9, 5, 10, 4], [11, 7, 12, 6], [1, 9, 2, 8], [5, 11, 6, 10], [12, 16, 13, 15], [14, 20, 15, 19], [16, 24, 17, 23], [18, 14, 19, 13], [20, 3, 21, 4], [22, 18, 23, 17], [7, 1, 8, 24], [2, 21, 3, 22]]"
12n_0093_124,"[[2, 21, 3, 22], [9, 5, 10, 4], [11, 7, 12, 6], [1, 9, 2, 8], [5, 11, 6, 10], [12, 16, 13, 15], [14, 20, 15, 19], [16, 24, 17, 23], [18, 14, 19, 13], [20, 3, 21, 4], [22, 18, 23, 17], [7, 1, 8, 24]]"
12n_0093_125,"[[7, 1, 8, 24], [2, 21, 3, 22], [9, 5, 10, 4], [11, 7, 12, 6], [1, 9, 2, 8], [5, 11, 6, 10], [12, 16, 13, 15], [14, 20, 15, 19], [16, 24, 17, 23], [18, 14, 19, 13], [20, 3, 21, 4], [22, 18, 23, 17]]"
12n_0093_126,"[[22, 18, 23, 17], [7, 1, 8, 24], [2, 21, 3, 22], [9, 5, 10, 4], [11, 7, 12, 6], [1, 9, 2, 8], [5, 11, 6, 10], [12, 16, 13, 15], [14, 20, 15, 19], [16, 24, 17, 23], [18, 14, 19, 13], [20, 3, 21, 4]]"
12n_0093_127,"[[20, 3, 21, 4], [22, 18, 23, 17], [7, 1, 8, 24], [2, 21, 3, 22], [9, 5, 10, 4], [11, 7, 12, 6], [1, 9, 2, 8], [5, 11, 6, 10], [12, 16, 13, 15], [14, 20, 15, 19], [16, 24, 17, 23], [18, 14, 19, 13]]"
12n_0093_128,"[[18, 14, 19, 13], [20, 3, 21, 4], [22, 18, 23, 17], [7, 1, 8, 24], [2, 21, 3, 22], [9, 5, 10, 4], [11, 7, 12, 6], [1, 9, 2, 8], [5, 11, 6, 10], [12, 16, 13, 15], [14, 20, 15, 19], [16, 24, 17, 23]]"
12n_0093_129,"[[16, 24, 17, 23], [18, 14, 19, 13], [20, 3, 21, 4], [22, 18, 23, 17], [7, 1, 8, 24], [2, 21, 3, 22], [9, 5, 10, 4], [11, 7, 12, 6], [1, 9, 2, 8], [5, 11, 6, 10], [12, 16, 13, 15], [14, 20, 15, 19]]"
12n_0093_130,"[[14, 20, 15, 19], [16, 24, 17, 23], [18, 14, 19, 13], [20, 3, 21, 4], [22, 18, 23, 17], [7, 1, 8, 24], [2, 21, 3, 22], [9, 5, 10, 4], [11, 7, 12, 6], [1, 9, 2, 8], [5, 11, 6, 10], [12, 16, 13, 15]]"
12n_0093_131,"[[12, 16, 13, 15], [14, 20, 15, 19], [16, 24, 17, 23], [18, 14, 19, 13], [20, 3, 21, 4], [22, 18, 23, 17], [7, 1, 8, 24], [2, 21, 3, 22], [9, 5, 10, 4], [11, 7, 12, 6], [1, 9, 2, 8], [5, 11, 6, 10]]"
12n_0093_132,"[[6, 12, 7, 11], [13, 17, 14, 16], [15, 21, 16, 20], [17, 1, 18, 24], [19, 15, 20, 14], [21, 4, 22, 5], [23, 19, 24, 18], [8, 2, 9, 1], [3, 22, 4, 23], [10, 6, 11, 5], [12, 8, 13, 7], [2, 10, 3, 9]]"
12n_0093_133,"[[2, 10, 3, 9], [6, 12, 7, 11], [13, 17, 14, 16], [15, 21, 16, 20], [17, 1, 18, 24], [19, 15, 20, 14], [21, 4, 22, 5], [23, 19, 24, 18], [8, 2, 9, 1], [3, 22, 4, 23], [10, 6, 11, 5], [12, 8, 13, 7]]"
12n_0093_134,"[[12, 8, 13, 7], [2, 10, 3, 9], [6, 12, 7, 11], [13, 17, 14, 16], [15, 21, 16, 20], [17, 1, 18, 24], [19, 15, 20, 14], [21, 4, 22, 5], [23, 19, 24, 18], [8, 2, 9, 1], [3, 22, 4, 23], [10, 6, 11, 5]]"
12n_0093_135,"[[10, 6, 11, 5], [12, 8, 13, 7], [2, 10, 3, 9], [6, 12, 7, 11], [13, 17, 14, 16], [15, 21, 16, 20], [17, 1, 18, 24], [19, 15, 20, 14], [21, 4, 22, 5], [23, 19, 24, 18], [8, 2, 9, 1], [3, 22, 4, 23]]"
12n_0093_136,"[[3, 22, 4, 23], [10, 6, 11, 5], [12, 8, 13, 7], [2, 10, 3, 9], [6, 12, 7, 11], [13, 17, 14, 16], [15, 21, 16, 20], [17, 1, 18, 24], [19, 15, 20, 14], [21, 4, 22, 5], [23, 19, 24, 18], [8, 2, 9, 1]]"
12n_0093_137,"[[8, 2, 9, 1], [3, 22, 4, 23], [10, 6, 11, 5], [12, 8, 13, 7], [2, 10, 3, 9], [6, 12, 7, 11], [13, 17, 14, 16], [15, 21, 16, 20], [17, 1, 18, 24], [19, 15, 20, 14], [21, 4, 22, 5], [23, 19, 24, 18]]"
12n_0093_138,"[[23, 19, 24, 18], [8, 2, 9, 1], [3, 22, 4, 23], [10, 6, 11, 5], [12, 8, 13, 7], [2, 10, 3, 9], [6, 12, 7, 11], [13, 17, 14, 16], [15, 21, 16, 20], [17, 1, 18, 24], [19, 15, 20, 14], [21, 4, 22, 5]]"
12n_0093_139,"[[21, 4, 22, 5], [23, 19, 24, 18], [8, 2, 9, 1], [3, 22, 4, 23], [10, 6, 11, 5], [12, 8, 13, 7], [2, 10, 3, 9], [6, 12, 7, 11], [13, 17, 14, 16], [15, 21, 16, 20], [17, 1, 18, 24], [19, 15, 20, 14]]"
12n_0093_140,"[[19, 15, 20, 14], [21, 4, 22, 5], [23, 19, 24, 18], [8, 2, 9, 1], [3, 22, 4, 23], [10, 6, 11, 5], [12, 8, 13, 7], [2, 10, 3, 9], [6, 12, 7, 11], [13, 17, 14, 16], [15, 21, 16, 20], [17, 1, 18, 24]]"
12n_0093_141,"[[17, 1, 18, 24], [19, 15, 20, 14], [21, 4, 22, 5], [23, 19, 24, 18], [8, 2, 9, 1], [3, 22, 4, 23], [10, 6, 11, 5], [12, 8, 13, 7], [2, 10, 3, 9], [6, 12, 7, 11], [13, 17, 14, 16], [15, 21, 16, 20]]"
12n_0093_142,"[[15, 21, 16, 20], [17, 1, 18, 24], [19, 15, 20, 14], [21, 4, 22, 5], [23, 19, 24, 18], [8, 2, 9, 1], [3, 22, 4, 23], [10, 6, 11, 5], [12, 8, 13, 7], [2, 10, 3, 9], [6, 12, 7, 11], [13, 17, 14, 16]]"
12n_0093_143,"[[13, 17, 14, 16], [15, 21, 16, 20], [17, 1, 18, 24], [19, 15, 20, 14], [21, 4, 22, 5], [23, 19, 24, 18], [8, 2, 9, 1], [3, 22, 4, 23], [10, 6, 11, 5], [12, 8, 13, 7], [2, 10, 3, 9], [6, 12, 7, 11]]"
12n_0093_144,"[[7, 13, 8, 12], [14, 18, 15, 17], [16, 22, 17, 21], [18, 2, 19, 1], [20, 16, 21, 15], [22, 5, 23, 6], [24, 20, 1, 19], [9, 3, 10, 2], [4, 23, 5, 24], [11, 7, 12, 6], [13, 9, 14, 8], [3, 11, 4, 10]]"
12n_0093_145,"[[3, 11, 4, 10], [7, 13, 8, 12], [14, 18, 15, 17], [16, 22, 17, 21], [18, 2, 19, 1], [20, 16, 21, 15], [22, 5, 23, 6], [24, 20, 1, 19], [9, 3, 10, 2], [4, 23, 5, 24], [11, 7, 12, 6], [13, 9, 14, 8]]"
12n_0093_146,"[[13, 9, 14, 8], [3, 11, 4, 10], [7, 13, 8, 12], [14, 18, 15, 17], [16, 22, 17, 21], [18, 2, 19, 1], [20, 16, 21, 15], [22, 5, 23, 6], [24, 20, 1, 19], [9, 3, 10, 2], [4, 23, 5, 24], [11, 7, 12, 6]]"
12n_0093_147,"[[11, 7, 12, 6], [13, 9, 14, 8], [3, 11, 4, 10], [7, 13, 8, 12], [14, 18, 15, 17], [16, 22, 17, 21], [18, 2, 19, 1], [20, 16, 21, 15], [22, 5, 23, 6], [24, 20, 1, 19], [9, 3, 10, 2], [4, 23, 5, 24]]"
12n_0093_148,"[[4, 23, 5, 24], [11, 7, 12, 6], [13, 9, 14, 8], [3, 11, 4, 10], [7, 13, 8, 12], [14, 18, 15, 17], [16, 22, 17, 21], [18, 2, 19, 1], [20, 16, 21, 15], [22, 5, 23, 6], [24, 20, 1, 19], [9, 3, 10, 2]]"
12n_0093_149,"[[9, 3, 10, 2], [4, 23, 5, 24], [11, 7, 12, 6], [13, 9, 14, 8], [3, 11, 4, 10], [7, 13, 8, 12], [14, 18, 15, 17], [16, 22, 17, 21], [18, 2, 19, 1], [20, 16, 21, 15], [22, 5, 23, 6], [24, 20, 1, 19]]"
12n_0093_150,"[[24, 20, 1, 19], [9, 3, 10, 2], [4, 23, 5, 24], [11, 7, 12, 6], [13, 9, 14, 8], [3, 11, 4, 10], [7, 13, 8, 12], [14, 18, 15, 17], [16, 22, 17, 21], [18, 2, 19, 1], [20, 16, 21, 15], [22, 5, 23, 6]]"
12n_0093_151,"[[22, 5, 23, 6], [24, 20, 1, 19], [9, 3, 10, 2], [4, 23, 5, 24], [11, 7, 12, 6], [13, 9, 14, 8], [3, 11, 4, 10], [7, 13, 8, 12], [14, 18, 15, 17], [16, 22, 17, 21], [18, 2, 19, 1], [20, 16, 21, 15]]"
12n_0093_152,"[[20, 16, 21, 15], [22, 5, 23, 6], [24, 20, 1, 19], [9, 3, 10, 2], [4, 23, 5, 24], [11, 7, 12, 6], [13, 9, 14, 8], [3, 11, 4, 10], [7, 13, 8, 12], [14, 18, 15, 17], [16, 22, 17, 21], [18, 2, 19, 1]]"
12n_0093_153,"[[18, 2, 19, 1], [20, 16, 21, 15], [22, 5, 23, 6], [24, 20, 1, 19], [9, 3, 10, 2], [4, 23, 5, 24], [11, 7, 12, 6], [13, 9, 14, 8], [3, 11, 4, 10], [7, 13, 8, 12], [14, 18, 15, 17], [16, 22, 17, 21]]"
12n_0093_154,"[[16, 22, 17, 21], [18, 2, 19, 1], [20, 16, 21, 15], [22, 5, 23, 6], [24, 20, 1, 19], [9, 3, 10, 2], [4, 23, 5, 24], [11, 7, 12, 6], [13, 9, 14, 8], [3, 11, 4, 10], [7, 13, 8, 12], [14, 18, 15, 17]]"
12n_0093_155,"[[14, 18, 15, 17], [16, 22, 17, 21], [18, 2, 19, 1], [20, 16, 21, 15], [22, 5, 23, 6], [24, 20, 1, 19], [9, 3, 10, 2], [4, 23, 5, 24], [11, 7, 12, 6], [13, 9, 14, 8], [3, 11, 4, 10], [7, 13, 8, 12]]"
12n_0093_156,"[[8, 14, 9, 13], [15, 19, 16, 18], [17, 23, 18, 22], [19, 3, 20, 2], [21, 17, 22, 16], [23, 6, 24, 7], [1, 21, 2, 20], [10, 4, 11, 3], [5, 24, 6, 1], [12, 8, 13, 7], [14, 10, 15, 9], [4, 12, 5, 11]]"
12n_0093_157,"[[4, 12, 5, 11], [8, 14, 9, 13], [15, 19, 16, 18], [17, 23, 18, 22], [19, 3, 20, 2], [21, 17, 22, 16], [23, 6, 24, 7], [1, 21, 2, 20], [10, 4, 11, 3], [5, 24, 6, 1], [12, 8, 13, 7], [14, 10, 15, 9]]"
12n_0093_158,"[[14, 10, 15, 9], [4, 12, 5, 11], [8, 14, 9, 13], [15, 19, 16, 18], [17, 23, 18, 22], [19, 3, 20, 2], [21, 17, 22, 16], [23, 6, 24, 7], [1, 21, 2, 20], [10, 4, 11, 3], [5, 24, 6, 1], [12, 8, 13, 7]]"
12n_0093_159,"[[12, 8, 13, 7], [14, 10, 15, 9], [4, 12, 5, 11], [8, 14, 9, 13], [15, 19, 16, 18], [17, 23, 18, 22], [19, 3, 20, 2], [21, 17, 22, 16], [23, 6, 24, 7], [1, 21, 2, 20], [10, 4, 11, 3], [5, 24, 6, 1]]"
12n_0093_160,"[[5, 24, 6, 1], [12, 8, 13, 7], [14, 10, 15, 9], [4, 12, 5, 11], [8, 14, 9, 13], [15, 19, 16, 18], [17, 23, 18, 22], [19, 3, 20, 2], [21, 17, 22, 16], [23, 6, 24, 7], [1, 21, 2, 20], [10, 4, 11, 3]]"
12n_0093_161,"[[10, 4, 11, 3], [5, 24, 6, 1], [12, 8, 13, 7], [14, 10, 15, 9], [4, 12, 5, 11], [8, 14, 9, 13], [15, 19, 16, 18], [17, 23, 18, 22], [19, 3, 20, 2], [21, 17, 22, 16], [23, 6, 24, 7], [1, 21, 2, 20]]"
12n_0093_162,"[[1, 21, 2, 20], [10, 4, 11, 3], [5, 24, 6, 1], [12, 8, 13, 7], [14, 10, 15, 9], [4, 12, 5, 11], [8, 14, 9, 13], [15, 19, 16, 18], [17, 23, 18, 22], [19, 3, 20, 2], [21, 17, 22, 16], [23, 6, 24, 7]]"
12n_0093_163,"[[23, 6, 24, 7], [1, 21, 2, 20], [10, 4, 11, 3], [5, 24, 6, 1], [12, 8, 13, 7], [14, 10, 15, 9], [4, 12, 5, 11], [8, 14, 9, 13], [15, 19, 16, 18], [17, 23, 18, 22], [19, 3, 20, 2], [21, 17, 22, 16]]"
12n_0093_164,"[[21, 17, 22, 16], [23, 6, 24, 7], [1, 21, 2, 20], [10, 4, 11, 3], [5, 24, 6, 1], [12, 8, 13, 7], [14, 10, 15, 9], [4, 12, 5, 11], [8, 14, 9, 13], [15, 19, 16, 18], [17, 23, 18, 22], [19, 3, 20, 2]]"
12n_0093_165,"[[19, 3, 20, 2], [21, 17, 22, 16], [23, 6, 24, 7], [1, 21, 2, 20], [10, 4, 11, 3], [5, 24, 6, 1], [12, 8, 13, 7], [14, 10, 15, 9], [4, 12, 5, 11], [8, 14, 9, 13], [15, 19, 16, 18], [17, 23, 18, 22]]"
12n_0093_166,"[[17, 23, 18, 22], [19, 3, 20, 2], [21, 17, 22, 16], [23, 6, 24, 7], [1, 21, 2, 20], [10, 4, 11, 3], [5, 24, 6, 1], [12, 8, 13, 7], [14, 10, 15, 9], [4, 12, 5, 11], [8, 14, 9, 13], [15, 19, 16, 18]]"
12n_0093_167,"[[15, 19, 16, 18], [17, 23, 18, 22], [19, 3, 20, 2], [21, 17, 22, 16], [23, 6, 24, 7], [1, 21, 2, 20], [10, 4, 11, 3], [5, 24, 6, 1], [12, 8, 13, 7], [14, 10, 15, 9], [4, 12, 5, 11], [8, 14, 9, 13]]"
12n_0093_168,"[[9, 15, 10, 14], [16, 20, 17, 19], [18, 24, 19, 23], [20, 4, 21, 3], [22, 18, 23, 17], [24, 7, 1, 8], [2, 22, 3, 21], [11, 5, 12, 4], [6, 1, 7, 2], [13, 9, 14, 8], [15, 11, 16, 10], [5, 13, 6, 12]]"
12n_0093_169,"[[5, 13, 6, 12], [9, 15, 10, 14], [16, 20, 17, 19], [18, 24, 19, 23], [20, 4, 21, 3], [22, 18, 23, 17], [24, 7, 1, 8], [2, 22, 3, 21], [11, 5, 12, 4], [6, 1, 7, 2], [13, 9, 14, 8], [15, 11, 16, 10]]"
12n_0093_170,"[[15, 11, 16, 10], [5, 13, 6, 12], [9, 15, 10, 14], [16, 20, 17, 19], [18, 24, 19, 23], [20, 4, 21, 3], [22, 18, 23, 17], [24, 7, 1, 8], [2, 22, 3, 21], [11, 5, 12, 4], [6, 1, 7, 2], [13, 9, 14, 8]]"
12n_0093_171,"[[13, 9, 14, 8], [15, 11, 16, 10], [5, 13, 6, 12], [9, 15, 10, 14], [16, 20, 17, 19], [18, 24, 19, 23], [20, 4, 21, 3], [22, 18, 23, 17], [24, 7, 1, 8], [2, 22, 3, 21], [11, 5, 12, 4], [6, 1, 7, 2]]"
12n_0093_172,"[[6, 1, 7, 2], [13, 9, 14, 8], [15, 11, 16, 10], [5, 13, 6, 12], [9, 15, 10, 14], [16, 20, 17, 19], [18, 24, 19, 23], [20, 4, 21, 3], [22, 18, 23, 17], [24, 7, 1, 8], [2, 22, 3, 21], [11, 5, 12, 4]]"
12n_0093_173,"[[11, 5, 12, 4], [6, 1, 7, 2], [13, 9, 14, 8], [15, 11, 16, 10], [5, 13, 6, 12], [9, 15, 10, 14], [16, 20, 17, 19], [18, 24, 19, 23], [20, 4, 21, 3], [22, 18, 23, 17], [24, 7, 1, 8], [2, 22, 3, 21]]"
12n_0093_174,"[[2, 22, 3, 21], [11, 5, 12, 4], [6, 1, 7, 2], [13, 9, 14, 8], [15, 11, 16, 10], [5, 13, 6, 12], [9, 15, 10, 14], [16, 20, 17, 19], [18, 24, 19, 23], [20, 4, 21, 3], [22, 18, 23, 17], [24, 7, 1, 8]]"
12n_0093_175,"[[24, 7, 1, 8], [2, 22, 3, 21], [11, 5, 12, 4], [6, 1, 7, 2], [13, 9, 14, 8], [15, 11, 16, 10], [5, 13, 6, 12], [9, 15, 10, 14], [16, 20, 17, 19], [18, 24, 19, 23], [20, 4, 21, 3], [22, 18, 23, 17]]"
12n_0093_176,"[[22, 18, 23, 17], [24, 7, 1, 8], [2, 22, 3, 21], [11, 5, 12, 4], [6, 1, 7, 2], [13, 9, 14, 8], [15, 11, 16, 10], [5, 13, 6, 12], [9, 15, 10, 14], [16, 20, 17, 19], [18, 24, 19, 23], [20, 4, 21, 3]]"
12n_0093_177,"[[20, 4, 21, 3], [22, 18, 23, 17], [24, 7, 1, 8], [2, 22, 3, 21], [11, 5, 12, 4], [6, 1, 7, 2], [13, 9, 14, 8], [15, 11, 16, 10], [5, 13, 6, 12], [9, 15, 10, 14], [16, 20, 17, 19], [18, 24, 19, 23]]"
12n_0093_178,"[[18, 24, 19, 23], [20, 4, 21, 3], [22, 18, 23, 17], [24, 7, 1, 8], [2, 22, 3, 21], [11, 5, 12, 4], [6, 1, 7, 2], [13, 9, 14, 8], [15, 11, 16, 10], [5, 13, 6, 12], [9, 15, 10, 14], [16, 20, 17, 19]]"
12n_0093_179,"[[16, 20, 17, 19], [18, 24, 19, 23], [20, 4, 21, 3], [22, 18, 23, 17], [24, 7, 1, 8], [2, 22, 3, 21], [11, 5, 12, 4], [6, 1, 7, 2], [13, 9, 14, 8], [15, 11, 16, 10], [5, 13, 6, 12], [9, 15, 10, 14]]"
12n_0093_180,"[[10, 16, 11, 15], [17, 21, 18, 20], [19, 1, 20, 24], [21, 5, 22, 4], [23, 19, 24, 18], [1, 8, 2, 9], [3, 23, 4, 22], [12, 6, 13, 5], [7, 2, 8, 3], [14, 10, 15, 9], [16, 12, 17, 11], [6, 14, 7, 13]]"
12n_0093_181,"[[6, 14, 7, 13], [10, 16, 11, 15], [17, 21, 18, 20], [19, 1, 20, 24], [21, 5, 22, 4], [23, 19, 24, 18], [1, 8, 2, 9], [3, 23, 4, 22], [12, 6, 13, 5], [7, 2, 8, 3], [14, 10, 15, 9], [16, 12, 17, 11]]"
12n_0093_182,"[[16, 12, 17, 11], [6, 14, 7, 13], [10, 16, 11, 15], [17, 21, 18, 20], [19, 1, 20, 24], [21, 5, 22, 4], [23, 19, 24, 18], [1, 8, 2, 9], [3, 23, 4, 22], [12, 6, 13, 5], [7, 2, 8, 3], [14, 10, 15, 9]]"
12n_0093_183,"[[14, 10, 15, 9], [16, 12, 17, 11], [6, 14, 7, 13], [10, 16, 11, 15], [17, 21, 18, 20], [19, 1, 20, 24], [21, 5, 22, 4], [23, 19, 24, 18], [1, 8, 2, 9], [3, 23, 4, 22], [12, 6, 13, 5], [7, 2, 8, 3]]"
12n_0093_184,"[[7, 2, 8, 3], [14, 10, 15, 9], [16, 12, 17, 11], [6, 14, 7, 13], [10, 16, 11, 15], [17, 21, 18, 20], [19, 1, 20, 24], [21, 5, 22, 4], [23, 19, 24, 18], [1, 8, 2, 9], [3, 23, 4, 22], [12, 6, 13, 5]]"
12n_0093_185,"[[12, 6, 13, 5], [7, 2, 8, 3], [14, 10, 15, 9], [16, 12, 17, 11], [6, 14, 7, 13], [10, 16, 11, 15], [17, 21, 18, 20], [19, 1, 20, 24], [21, 5, 22, 4], [23, 19, 24, 18], [1, 8, 2, 9], [3, 23, 4, 22]]"
