name,pd_notation
12n_0195_0,"[[17, 24, 18, 1], [2, 6, 3, 5], [4, 10, 5, 9], [6, 16, 7, 15], [8, 4, 9, 3], [19, 10, 20, 11], [21, 12, 22, 13], [14, 8, 15, 7], [23, 16, 24, 17], [1, 18, 2, 19], [13, 20, 14, 21], [11, 22, 12, 23]]"
12n_0195_1,"[[11, 22, 12, 23], [17, 24, 18, 1], [2, 6, 3, 5], [4, 10, 5, 9], [6, 16, 7, 15], [8, 4, 9, 3], [19, 10, 20, 11], [21, 12, 22, 13], [14, 8, 15, 7], [23, 16, 24, 17], [1, 18, 2, 19], [13, 20, 14, 21]]"
12n_0195_2,"[[13, 20, 14, 21], [11, 22, 12, 23], [17, 24, 18, 1], [2, 6, 3, 5], [4, 10, 5, 9], [6, 16, 7, 15], [8, 4, 9, 3], [19, 10, 20, 11], [21, 12, 22, 13], [14, 8, 15, 7], [23, 16, 24, 17], [1, 18, 2, 19]]"
12n_0195_3,"[[1, 18, 2, 19], [13, 20, 14, 21], [11, 22, 12, 23], [17, 24, 18, 1], [2, 6, 3, 5], [4, 10, 5, 9], [6, 16, 7, 15], [8, 4, 9, 3], [19, 10, 20, 11], [21, 12, 22, 13], [14, 8, 15, 7], [23, 16, 24, 17]]"
12n_0195_4,"[[23, 16, 24, 17], [1, 18, 2, 19], [13, 20, 14, 21], [11, 22, 12, 23], [17, 24, 18, 1], [2, 6, 3, 5], [4, 10, 5, 9], [6, 16, 7, 15], [8, 4, 9, 3], [19, 10, 20, 11], [21, 12, 22, 13], [14, 8, 15, 7]]"
12n_0195_5,"[[14, 8, 15, 7], [23, 16, 24, 17], [1, 18, 2, 19], [13, 20, 14, 21], [11, 22, 12, 23], [17, 24, 18, 1], [2, 6, 3, 5], [4, 10, 5, 9], [6, 16, 7, 15], [8, 4, 9, 3], [19, 10, 20, 11], [21, 12, 22, 13]]"
12n_0195_6,"[[21, 12, 22, 13], [14, 8, 15, 7], [23, 16, 24, 17], [1, 18, 2, 19], [13, 20, 14, 21], [11, 22, 12, 23], [17, 24, 18, 1], [2, 6, 3, 5], [4, 10, 5, 9], [6, 16, 7, 15], [8, 4, 9, 3], [19, 10, 20, 11]]"
12n_0195_7,"[[19, 10, 20, 11], [21, 12, 22, 13], [14, 8, 15, 7], [23, 16, 24, 17], [1, 18, 2, 19], [13, 20, 14, 21], [11, 22, 12, 23], [17, 24, 18, 1], [2, 6, 3, 5], [4, 10, 5, 9], [6, 16, 7, 15], [8, 4, 9, 3]]"
12n_0195_8,"[[8, 4, 9, 3], [19, 10, 20, 11], [21, 12, 22, 13], [14, 8, 15, 7], [23, 16, 24, 17], [1, 18, 2, 19], [13, 20, 14, 21], [11, 22, 12, 23], [17, 24, 18, 1], [2, 6, 3, 5], [4, 10, 5, 9], [6, 16, 7, 15]]"
12n_0195_9,"[[6, 16, 7, 15], [8, 4, 9, 3], [19, 10, 20, 11], [21, 12, 22, 13], [14, 8, 15, 7], [23, 16, 24, 17], [1, 18, 2, 19], [13, 20, 14, 21], [11, 22, 12, 23], [17, 24, 18, 1], [2, 6, 3, 5], [4, 10, 5, 9]]"
12n_0195_10,"[[4, 10, 5, 9], [6, 16, 7, 15], [8, 4, 9, 3], [19, 10, 20, 11], [21, 12, 22, 13], [14, 8, 15, 7], [23, 16, 24, 17], [1, 18, 2, 19], [13, 20, 14, 21], [11, 22, 12, 23], [17, 24, 18, 1], [2, 6, 3, 5]]"
12n_0195_11,"[[2, 6, 3, 5], [4, 10, 5, 9], [6, 16, 7, 15], [8, 4, 9, 3], [19, 10, 20, 11], [21, 12, 22, 13], [14, 8, 15, 7], [23, 16, 24, 17], [1, 18, 2, 19], [13, 20, 14, 21], [11, 22, 12, 23], [17, 24, 18, 1]]"
12n_0195_12,"[[18, 1, 19, 2], [3, 7, 4, 6], [5, 11, 6, 10], [7, 17, 8, 16], [9, 5, 10, 4], [20, 11, 21, 12], [22, 13, 23, 14], [15, 9, 16, 8], [24, 17, 1, 18], [2, 19, 3, 20], [14, 21, 15, 22], [12, 23, 13, 24]]"
12n_0195_13,"[[12, 23, 13, 24], [18, 1, 19, 2], [3, 7, 4, 6], [5, 11, 6, 10], [7, 17, 8, 16], [9, 5, 10, 4], [20, 11, 21, 12], [22, 13, 23, 14], [15, 9, 16, 8], [24, 17, 1, 18], [2, 19, 3, 20], [14, 21, 15, 22]]"
12n_0195_14,"[[14, 21, 15, 22], [12, 23, 13, 24], [18, 1, 19, 2], [3, 7, 4, 6], [5, 11, 6, 10], [7, 17, 8, 16], [9, 5, 10, 4], [20, 11, 21, 12], [22, 13, 23, 14], [15, 9, 16, 8], [24, 17, 1, 18], [2, 19, 3, 20]]"
12n_0195_15,"[[2, 19, 3, 20], [14, 21, 15, 22], [12, 23, 13, 24], [18, 1, 19, 2], [3, 7, 4, 6], [5, 11, 6, 10], [7, 17, 8, 16], [9, 5, 10, 4], [20, 11, 21, 12], [22, 13, 23, 14], [15, 9, 16, 8], [24, 17, 1, 18]]"
12n_0195_16,"[[24, 17, 1, 18], [2, 19, 3, 20], [14, 21, 15, 22], [12, 23, 13, 24], [18, 1, 19, 2], [3, 7, 4, 6], [5, 11, 6, 10], [7, 17, 8, 16], [9, 5, 10, 4], [20, 11, 21, 12], [22, 13, 23, 14], [15, 9, 16, 8]]"
12n_0195_17,"[[15, 9, 16, 8], [24, 17, 1, 18], [2, 19, 3, 20], [14, 21, 15, 22], [12, 23, 13, 24], [18, 1, 19, 2], [3, 7, 4, 6], [5, 11, 6, 10], [7, 17, 8, 16], [9, 5, 10, 4], [20, 11, 21, 12], [22, 13, 23, 14]]"
12n_0195_18,"[[22, 13, 23, 14], [15, 9, 16, 8], [24, 17, 1, 18], [2, 19, 3, 20], [14, 21, 15, 22], [12, 23, 13, 24], [18, 1, 19, 2], [3, 7, 4, 6], [5, 11, 6, 10], [7, 17, 8, 16], [9, 5, 10, 4], [20, 11, 21, 12]]"
12n_0195_19,"[[20, 11, 21, 12], [22, 13, 23, 14], [15, 9, 16, 8], [24, 17, 1, 18], [2, 19, 3, 20], [14, 21, 15, 22], [12, 23, 13, 24], [18, 1, 19, 2], [3, 7, 4, 6], [5, 11, 6, 10], [7, 17, 8, 16], [9, 5, 10, 4]]"
12n_0195_20,"[[9, 5, 10, 4], [20, 11, 21, 12], [22, 13, 23, 14], [15, 9, 16, 8], [24, 17, 1, 18], [2, 19, 3, 20], [14, 21, 15, 22], [12, 23, 13, 24], [18, 1, 19, 2], [3, 7, 4, 6], [5, 11, 6, 10], [7, 17, 8, 16]]"
12n_0195_21,"[[7, 17, 8, 16], [9, 5, 10, 4], [20, 11, 21, 12], [22, 13, 23, 14], [15, 9, 16, 8], [24, 17, 1, 18], [2, 19, 3, 20], [14, 21, 15, 22], [12, 23, 13, 24], [18, 1, 19, 2], [3, 7, 4, 6], [5, 11, 6, 10]]"
12n_0195_22,"[[5, 11, 6, 10], [7, 17, 8, 16], [9, 5, 10, 4], [20, 11, 21, 12], [22, 13, 23, 14], [15, 9, 16, 8], [24, 17, 1, 18], [2, 19, 3, 20], [14, 21, 15, 22], [12, 23, 13, 24], [18, 1, 19, 2], [3, 7, 4, 6]]"
12n_0195_23,"[[3, 7, 4, 6], [5, 11, 6, 10], [7, 17, 8, 16], [9, 5, 10, 4], [20, 11, 21, 12], [22, 13, 23, 14], [15, 9, 16, 8], [24, 17, 1, 18], [2, 19, 3, 20], [14, 21, 15, 22], [12, 23, 13, 24], [18, 1, 19, 2]]"
12n_0195_24,"[[19, 2, 20, 3], [4, 8, 5, 7], [6, 12, 7, 11], [8, 18, 9, 17], [10, 6, 11, 5], [21, 12, 22, 13], [23, 14, 24, 15], [16, 10, 17, 9], [1, 18, 2, 19], [3, 20, 4, 21], [15, 22, 16, 23], [13, 24, 14, 1]]"
12n_0195_25,"[[13, 24, 14, 1], [19, 2, 20, 3], [4, 8, 5, 7], [6, 12, 7, 11], [8, 18, 9, 17], [10, 6, 11, 5], [21, 12, 22, 13], [23, 14, 24, 15], [16, 10, 17, 9], [1, 18, 2, 19], [3, 20, 4, 21], [15, 22, 16, 23]]"
12n_0195_26,"[[15, 22, 16, 23], [13, 24, 14, 1], [19, 2, 20, 3], [4, 8, 5, 7], [6, 12, 7, 11], [8, 18, 9, 17], [10, 6, 11, 5], [21, 12, 22, 13], [23, 14, 24, 15], [16, 10, 17, 9], [1, 18, 2, 19], [3, 20, 4, 21]]"
12n_0195_27,"[[3, 20, 4, 21], [15, 22, 16, 23], [13, 24, 14, 1], [19, 2, 20, 3], [4, 8, 5, 7], [6, 12, 7, 11], [8, 18, 9, 17], [10, 6, 11, 5], [21, 12, 22, 13], [23, 14, 24, 15], [16, 10, 17, 9], [1, 18, 2, 19]]"
12n_0195_28,"[[1, 18, 2, 19], [3, 20, 4, 21], [15, 22, 16, 23], [13, 24, 14, 1], [19, 2, 20, 3], [4, 8, 5, 7], [6, 12, 7, 11], [8, 18, 9, 17], [10, 6, 11, 5], [21, 12, 22, 13], [23, 14, 24, 15], [16, 10, 17, 9]]"
12n_0195_29,"[[16, 10, 17, 9], [1, 18, 2, 19], [3, 20, 4, 21], [15, 22, 16, 23], [13, 24, 14, 1], [19, 2, 20, 3], [4, 8, 5, 7], [6, 12, 7, 11], [8, 18, 9, 17], [10, 6, 11, 5], [21, 12, 22, 13], [23, 14, 24, 15]]"
12n_0195_30,"[[23, 14, 24, 15], [16, 10, 17, 9], [1, 18, 2, 19], [3, 20, 4, 21], [15, 22, 16, 23], [13, 24, 14, 1], [19, 2, 20, 3], [4, 8, 5, 7], [6, 12, 7, 11], [8, 18, 9, 17], [10, 6, 11, 5], [21, 12, 22, 13]]"
12n_0195_31,"[[21, 12, 22, 13], [23, 14, 24, 15], [16, 10, 17, 9], [1, 18, 2, 19], [3, 20, 4, 21], [15, 22, 16, 23], [13, 24, 14, 1], [19, 2, 20, 3], [4, 8, 5, 7], [6, 12, 7, 11], [8, 18, 9, 17], [10, 6, 11, 5]]"
12n_0195_32,"[[10, 6, 11, 5], [21, 12, 22, 13], [23, 14, 24, 15], [16, 10, 17, 9], [1, 18, 2, 19], [3, 20, 4, 21], [15, 22, 16, 23], [13, 24, 14, 1], [19, 2, 20, 3], [4, 8, 5, 7], [6, 12, 7, 11], [8, 18, 9, 17]]"
12n_0195_33,"[[8, 18, 9, 17], [10, 6, 11, 5], [21, 12, 22, 13], [23, 14, 24, 15], [16, 10, 17, 9], [1, 18, 2, 19], [3, 20, 4, 21], [15, 22, 16, 23], [13, 24, 14, 1], [19, 2, 20, 3], [4, 8, 5, 7], [6, 12, 7, 11]]"
12n_0195_34,"[[6, 12, 7, 11], [8, 18, 9, 17], [10, 6, 11, 5], [21, 12, 22, 13], [23, 14, 24, 15], [16, 10, 17, 9], [1, 18, 2, 19], [3, 20, 4, 21], [15, 22, 16, 23], [13, 24, 14, 1], [19, 2, 20, 3], [4, 8, 5, 7]]"
12n_0195_35,"[[4, 8, 5, 7], [6, 12, 7, 11], [8, 18, 9, 17], [10, 6, 11, 5], [21, 12, 22, 13], [23, 14, 24, 15], [16, 10, 17, 9], [1, 18, 2, 19], [3, 20, 4, 21], [15, 22, 16, 23], [13, 24, 14, 1], [19, 2, 20, 3]]"
12n_0195_36,"[[20, 3, 21, 4], [5, 9, 6, 8], [7, 13, 8, 12], [9, 19, 10, 18], [11, 7, 12, 6], [22, 13, 23, 14], [24, 15, 1, 16], [17, 11, 18, 10], [2, 19, 3, 20], [4, 21, 5, 22], [16, 23, 17, 24], [14, 1, 15, 2]]"
12n_0195_37,"[[14, 1, 15, 2], [20, 3, 21, 4], [5, 9, 6, 8], [7, 13, 8, 12], [9, 19, 10, 18], [11, 7, 12, 6], [22, 13, 23, 14], [24, 15, 1, 16], [17, 11, 18, 10], [2, 19, 3, 20], [4, 21, 5, 22], [16, 23, 17, 24]]"
12n_0195_38,"[[16, 23, 17, 24], [14, 1, 15, 2], [20, 3, 21, 4], [5, 9, 6, 8], [7, 13, 8, 12], [9, 19, 10, 18], [11, 7, 12, 6], [22, 13, 23, 14], [24, 15, 1, 16], [17, 11, 18, 10], [2, 19, 3, 20], [4, 21, 5, 22]]"
12n_0195_39,"[[4, 21, 5, 22], [16, 23, 17, 24], [14, 1, 15, 2], [20, 3, 21, 4], [5, 9, 6, 8], [7, 13, 8, 12], [9, 19, 10, 18], [11, 7, 12, 6], [22, 13, 23, 14], [24, 15, 1, 16], [17, 11, 18, 10], [2, 19, 3, 20]]"
12n_0195_40,"[[2, 19, 3, 20], [4, 21, 5, 22], [16, 23, 17, 24], [14, 1, 15, 2], [20, 3, 21, 4], [5, 9, 6, 8], [7, 13, 8, 12], [9, 19, 10, 18], [11, 7, 12, 6], [22, 13, 23, 14], [24, 15, 1, 16], [17, 11, 18, 10]]"
12n_0195_41,"[[17, 11, 18, 10], [2, 19, 3, 20], [4, 21, 5, 22], [16, 23, 17, 24], [14, 1, 15, 2], [20, 3, 21, 4], [5, 9, 6, 8], [7, 13, 8, 12], [9, 19, 10, 18], [11, 7, 12, 6], [22, 13, 23, 14], [24, 15, 1, 16]]"
12n_0195_42,"[[24, 15, 1, 16], [17, 11, 18, 10], [2, 19, 3, 20], [4, 21, 5, 22], [16, 23, 17, 24], [14, 1, 15, 2], [20, 3, 21, 4], [5, 9, 6, 8], [7, 13, 8, 12], [9, 19, 10, 18], [11, 7, 12, 6], [22, 13, 23, 14]]"
12n_0195_43,"[[22, 13, 23, 14], [24, 15, 1, 16], [17, 11, 18, 10], [2, 19, 3, 20], [4, 21, 5, 22], [16, 23, 17, 24], [14, 1, 15, 2], [20, 3, 21, 4], [5, 9, 6, 8], [7, 13, 8, 12], [9, 19, 10, 18], [11, 7, 12, 6]]"
12n_0195_44,"[[11, 7, 12, 6], [22, 13, 23, 14], [24, 15, 1, 16], [17, 11, 18, 10], [2, 19, 3, 20], [4, 21, 5, 22], [16, 23, 17, 24], [14, 1, 15, 2], [20, 3, 21, 4], [5, 9, 6, 8], [7, 13, 8, 12], [9, 19, 10, 18]]"
12n_0195_45,"[[9, 19, 10, 18], [11, 7, 12, 6], [22, 13, 23, 14], [24, 15, 1, 16], [17, 11, 18, 10], [2, 19, 3, 20], [4, 21, 5, 22], [16, 23, 17, 24], [14, 1, 15, 2], [20, 3, 21, 4], [5, 9, 6, 8], [7, 13, 8, 12]]"
12n_0195_46,"[[7, 13, 8, 12], [9, 19, 10, 18], [11, 7, 12, 6], [22, 13, 23, 14], [24, 15, 1, 16], [17, 11, 18, 10], [2, 19, 3, 20], [4, 21, 5, 22], [16, 23, 17, 24], [14, 1, 15, 2], [20, 3, 21, 4], [5, 9, 6, 8]]"
12n_0195_47,"[[5, 9, 6, 8], [7, 13, 8, 12], [9, 19, 10, 18], [11, 7, 12, 6], [22, 13, 23, 14], [24, 15, 1, 16], [17, 11, 18, 10], [2, 19, 3, 20], [4, 21, 5, 22], [16, 23, 17, 24], [14, 1, 15, 2], [20, 3, 21, 4]]"
12n_0195_48,"[[21, 4, 22, 5], [6, 10, 7, 9], [8, 14, 9, 13], [10, 20, 11, 19], [12, 8, 13, 7], [23, 14, 24, 15], [1, 16, 2, 17], [18, 12, 19, 11], [3, 20, 4, 21], [5, 22, 6, 23], [17, 24, 18, 1], [15, 2, 16, 3]]"
12n_0195_49,"[[15, 2, 16, 3], [21, 4, 22, 5], [6, 10, 7, 9], [8, 14, 9, 13], [10, 20, 11, 19], [12, 8, 13, 7], [23, 14, 24, 15], [1, 16, 2, 17], [18, 12, 19, 11], [3, 20, 4, 21], [5, 22, 6, 23], [17, 24, 18, 1]]"
12n_0195_50,"[[17, 24, 18, 1], [15, 2, 16, 3], [21, 4, 22, 5], [6, 10, 7, 9], [8, 14, 9, 13], [10, 20, 11, 19], [12, 8, 13, 7], [23, 14, 24, 15], [1, 16, 2, 17], [18, 12, 19, 11], [3, 20, 4, 21], [5, 22, 6, 23]]"
12n_0195_51,"[[5, 22, 6, 23], [17, 24, 18, 1], [15, 2, 16, 3], [21, 4, 22, 5], [6, 10, 7, 9], [8, 14, 9, 13], [10, 20, 11, 19], [12, 8, 13, 7], [23, 14, 24, 15], [1, 16, 2, 17], [18, 12, 19, 11], [3, 20, 4, 21]]"
12n_0195_52,"[[3, 20, 4, 21], [5, 22, 6, 23], [17, 24, 18, 1], [15, 2, 16, 3], [21, 4, 22, 5], [6, 10, 7, 9], [8, 14, 9, 13], [10, 20, 11, 19], [12, 8, 13, 7], [23, 14, 24, 15], [1, 16, 2, 17], [18, 12, 19, 11]]"
12n_0195_53,"[[18, 12, 19, 11], [3, 20, 4, 21], [5, 22, 6, 23], [17, 24, 18, 1], [15, 2, 16, 3], [21, 4, 22, 5], [6, 10, 7, 9], [8, 14, 9, 13], [10, 20, 11, 19], [12, 8, 13, 7], [23, 14, 24, 15], [1, 16, 2, 17]]"
12n_0195_54,"[[1, 16, 2, 17], [18, 12, 19, 11], [3, 20, 4, 21], [5, 22, 6, 23], [17, 24, 18, 1], [15, 2, 16, 3], [21, 4, 22, 5], [6, 10, 7, 9], [8, 14, 9, 13], [10, 20, 11, 19], [12, 8, 13, 7], [23, 14, 24, 15]]"
12n_0195_55,"[[23, 14, 24, 15], [1, 16, 2, 17], [18, 12, 19, 11], [3, 20, 4, 21], [5, 22, 6, 23], [17, 24, 18, 1], [15, 2, 16, 3], [21, 4, 22, 5], [6, 10, 7, 9], [8, 14, 9, 13], [10, 20, 11, 19], [12, 8, 13, 7]]"
12n_0195_56,"[[12, 8, 13, 7], [23, 14, 24, 15], [1, 16, 2, 17], [18, 12, 19, 11], [3, 20, 4, 21], [5, 22, 6, 23], [17, 24, 18, 1], [15, 2, 16, 3], [21, 4, 22, 5], [6, 10, 7, 9], [8, 14, 9, 13], [10, 20, 11, 19]]"
12n_0195_57,"[[10, 20, 11, 19], [12, 8, 13, 7], [23, 14, 24, 15], [1, 16, 2, 17], [18, 12, 19, 11], [3, 20, 4, 21], [5, 22, 6, 23], [17, 24, 18, 1], [15, 2, 16, 3], [21, 4, 22, 5], [6, 10, 7, 9], [8, 14, 9, 13]]"
12n_0195_58,"[[8, 14, 9, 13], [10, 20, 11, 19], [12, 8, 13, 7], [23, 14, 24, 15], [1, 16, 2, 17], [18, 12, 19, 11], [3, 20, 4, 21], [5, 22, 6, 23], [17, 24, 18, 1], [15, 2, 16, 3], [21, 4, 22, 5], [6, 10, 7, 9]]"
12n_0195_59,"[[6, 10, 7, 9], [8, 14, 9, 13], [10, 20, 11, 19], [12, 8, 13, 7], [23, 14, 24, 15], [1, 16, 2, 17], [18, 12, 19, 11], [3, 20, 4, 21], [5, 22, 6, 23], [17, 24, 18, 1], [15, 2, 16, 3], [21, 4, 22, 5]]"
12n_0195_60,"[[22, 5, 23, 6], [7, 11, 8, 10], [9, 15, 10, 14], [11, 21, 12, 20], [13, 9, 14, 8], [24, 15, 1, 16], [2, 17, 3, 18], [19, 13, 20, 12], [4, 21, 5, 22], [6, 23, 7, 24], [18, 1, 19, 2], [16, 3, 17, 4]]"
12n_0195_61,"[[16, 3, 17, 4], [22, 5, 23, 6], [7, 11, 8, 10], [9, 15, 10, 14], [11, 21, 12, 20], [13, 9, 14, 8], [24, 15, 1, 16], [2, 17, 3, 18], [19, 13, 20, 12], [4, 21, 5, 22], [6, 23, 7, 24], [18, 1, 19, 2]]"
12n_0195_62,"[[18, 1, 19, 2], [16, 3, 17, 4], [22, 5, 23, 6], [7, 11, 8, 10], [9, 15, 10, 14], [11, 21, 12, 20], [13, 9, 14, 8], [24, 15, 1, 16], [2, 17, 3, 18], [19, 13, 20, 12], [4, 21, 5, 22], [6, 23, 7, 24]]"
12n_0195_63,"[[6, 23, 7, 24], [18, 1, 19, 2], [16, 3, 17, 4], [22, 5, 23, 6], [7, 11, 8, 10], [9, 15, 10, 14], [11, 21, 12, 20], [13, 9, 14, 8], [24, 15, 1, 16], [2, 17, 3, 18], [19, 13, 20, 12], [4, 21, 5, 22]]"
12n_0195_64,"[[4, 21, 5, 22], [6, 23, 7, 24], [18, 1, 19, 2], [16, 3, 17, 4], [22, 5, 23, 6], [7, 11, 8, 10], [9, 15, 10, 14], [11, 21, 12, 20], [13, 9, 14, 8], [24, 15, 1, 16], [2, 17, 3, 18], [19, 13, 20, 12]]"
12n_0195_65,"[[19, 13, 20, 12], [4, 21, 5, 22], [6, 23, 7, 24], [18, 1, 19, 2], [16, 3, 17, 4], [22, 5, 23, 6], [7, 11, 8, 10], [9, 15, 10, 14], [11, 21, 12, 20], [13, 9, 14, 8], [24, 15, 1, 16], [2, 17, 3, 18]]"
12n_0195_66,"[[2, 17, 3, 18], [19, 13, 20, 12], [4, 21, 5, 22], [6, 23, 7, 24], [18, 1, 19, 2], [16, 3, 17, 4], [22, 5, 23, 6], [7, 11, 8, 10], [9, 15, 10, 14], [11, 21, 12, 20], [13, 9, 14, 8], [24, 15, 1, 16]]"
12n_0195_67,"[[24, 15, 1, 16], [2, 17, 3, 18], [19, 13, 20, 12], [4, 21, 5, 22], [6, 23, 7, 24], [18, 1, 19, 2], [16, 3, 17, 4], [22, 5, 23, 6], [7, 11, 8, 10], [9, 15, 10, 14], [11, 21, 12, 20], [13, 9, 14, 8]]"
12n_0195_68,"[[13, 9, 14, 8], [24, 15, 1, 16], [2, 17, 3, 18], [19, 13, 20, 12], [4, 21, 5, 22], [6, 23, 7, 24], [18, 1, 19, 2], [16, 3, 17, 4], [22, 5, 23, 6], [7, 11, 8, 10], [9, 15, 10, 14], [11, 21, 12, 20]]"
12n_0195_69,"[[11, 21, 12, 20], [13, 9, 14, 8], [24, 15, 1, 16], [2, 17, 3, 18], [19, 13, 20, 12], [4, 21, 5, 22], [6, 23, 7, 24], [18, 1, 19, 2], [16, 3, 17, 4], [22, 5, 23, 6], [7, 11, 8, 10], [9, 15, 10, 14]]"
12n_0195_70,"[[9, 15, 10, 14], [11, 21, 12, 20], [13, 9, 14, 8], [24, 15, 1, 16], [2, 17, 3, 18], [19, 13, 20, 12], [4, 21, 5, 22], [6, 23, 7, 24], [18, 1, 19, 2], [16, 3, 17, 4], [22, 5, 23, 6], [7, 11, 8, 10]]"
12n_0195_71,"[[7, 11, 8, 10], [9, 15, 10, 14], [11, 21, 12, 20], [13, 9, 14, 8], [24, 15, 1, 16], [2, 17, 3, 18], [19, 13, 20, 12], [4, 21, 5, 22], [6, 23, 7, 24], [18, 1, 19, 2], [16, 3, 17, 4], [22, 5, 23, 6]]"
12n_0195_72,"[[23, 6, 24, 7], [8, 12, 9, 11], [10, 16, 11, 15], [12, 22, 13, 21], [14, 10, 15, 9], [1, 16, 2, 17], [3, 18, 4, 19], [20, 14, 21, 13], [5, 22, 6, 23], [7, 24, 8, 1], [19, 2, 20, 3], [17, 4, 18, 5]]"
12n_0195_73,"[[17, 4, 18, 5], [23, 6, 24, 7], [8, 12, 9, 11], [10, 16, 11, 15], [12, 22, 13, 21], [14, 10, 15, 9], [1, 16, 2, 17], [3, 18, 4, 19], [20, 14, 21, 13], [5, 22, 6, 23], [7, 24, 8, 1], [19, 2, 20, 3]]"
12n_0195_74,"[[19, 2, 20, 3], [17, 4, 18, 5], [23, 6, 24, 7], [8, 12, 9, 11], [10, 16, 11, 15], [12, 22, 13, 21], [14, 10, 15, 9], [1, 16, 2, 17], [3, 18, 4, 19], [20, 14, 21, 13], [5, 22, 6, 23], [7, 24, 8, 1]]"
12n_0195_75,"[[7, 24, 8, 1], [19, 2, 20, 3], [17, 4, 18, 5], [23, 6, 24, 7], [8, 12, 9, 11], [10, 16, 11, 15], [12, 22, 13, 21], [14, 10, 15, 9], [1, 16, 2, 17], [3, 18, 4, 19], [20, 14, 21, 13], [5, 22, 6, 23]]"
12n_0195_76,"[[5, 22, 6, 23], [7, 24, 8, 1], [19, 2, 20, 3], [17, 4, 18, 5], [23, 6, 24, 7], [8, 12, 9, 11], [10, 16, 11, 15], [12, 22, 13, 21], [14, 10, 15, 9], [1, 16, 2, 17], [3, 18, 4, 19], [20, 14, 21, 13]]"
12n_0195_77,"[[20, 14, 21, 13], [5, 22, 6, 23], [7, 24, 8, 1], [19, 2, 20, 3], [17, 4, 18, 5], [23, 6, 24, 7], [8, 12, 9, 11], [10, 16, 11, 15], [12, 22, 13, 21], [14, 10, 15, 9], [1, 16, 2, 17], [3, 18, 4, 19]]"
12n_0195_78,"[[3, 18, 4, 19], [20, 14, 21, 13], [5, 22, 6, 23], [7, 24, 8, 1], [19, 2, 20, 3], [17, 4, 18, 5], [23, 6, 24, 7], [8, 12, 9, 11], [10, 16, 11, 15], [12, 22, 13, 21], [14, 10, 15, 9], [1, 16, 2, 17]]"
12n_0195_79,"[[1, 16, 2, 17], [3, 18, 4, 19], [20, 14, 21, 13], [5, 22, 6, 23], [7, 24, 8, 1], [19, 2, 20, 3], [17, 4, 18, 5], [23, 6, 24, 7], [8, 12, 9, 11], [10, 16, 11, 15], [12, 22, 13, 21], [14, 10, 15, 9]]"
12n_0195_80,"[[14, 10, 15, 9], [1, 16, 2, 17], [3, 18, 4, 19], [20, 14, 21, 13], [5, 22, 6, 23], [7, 24, 8, 1], [19, 2, 20, 3], [17, 4, 18, 5], [23, 6, 24, 7], [8, 12, 9, 11], [10, 16, 11, 15], [12, 22, 13, 21]]"
12n_0195_81,"[[12, 22, 13, 21], [14, 10, 15, 9], [1, 16, 2, 17], [3, 18, 4, 19], [20, 14, 21, 13], [5, 22, 6, 23], [7, 24, 8, 1], [19, 2, 20, 3], [17, 4, 18, 5], [23, 6, 24, 7], [8, 12, 9, 11], [10, 16, 11, 15]]"
12n_0195_82,"[[10, 16, 11, 15], [12, 22, 13, 21], [14, 10, 15, 9], [1, 16, 2, 17], [3, 18, 4, 19], [20, 14, 21, 13], [5, 22, 6, 23], [7, 24, 8, 1], [19, 2, 20, 3], [17, 4, 18, 5], [23, 6, 24, 7], [8, 12, 9, 11]]"
12n_0195_83,"[[8, 12, 9, 11], [10, 16, 11, 15], [12, 22, 13, 21], [14, 10, 15, 9], [1, 16, 2, 17], [3, 18, 4, 19], [20, 14, 21, 13], [5, 22, 6, 23], [7, 24, 8, 1], [19, 2, 20, 3], [17, 4, 18, 5], [23, 6, 24, 7]]"
12n_0195_84,"[[24, 7, 1, 8], [9, 13, 10, 12], [11, 17, 12, 16], [13, 23, 14, 22], [15, 11, 16, 10], [2, 17, 3, 18], [4, 19, 5, 20], [21, 15, 22, 14], [6, 23, 7, 24], [8, 1, 9, 2], [20, 3, 21, 4], [18, 5, 19, 6]]"
12n_0195_85,"[[18, 5, 19, 6], [24, 7, 1, 8], [9, 13, 10, 12], [11, 17, 12, 16], [13, 23, 14, 22], [15, 11, 16, 10], [2, 17, 3, 18], [4, 19, 5, 20], [21, 15, 22, 14], [6, 23, 7, 24], [8, 1, 9, 2], [20, 3, 21, 4]]"
12n_0195_86,"[[20, 3, 21, 4], [18, 5, 19, 6], [24, 7, 1, 8], [9, 13, 10, 12], [11, 17, 12, 16], [13, 23, 14, 22], [15, 11, 16, 10], [2, 17, 3, 18], [4, 19, 5, 20], [21, 15, 22, 14], [6, 23, 7, 24], [8, 1, 9, 2]]"
12n_0195_87,"[[8, 1, 9, 2], [20, 3, 21, 4], [18, 5, 19, 6], [24, 7, 1, 8], [9, 13, 10, 12], [11, 17, 12, 16], [13, 23, 14, 22], [15, 11, 16, 10], [2, 17, 3, 18], [4, 19, 5, 20], [21, 15, 22, 14], [6, 23, 7, 24]]"
12n_0195_88,"[[6, 23, 7, 24], [8, 1, 9, 2], [20, 3, 21, 4], [18, 5, 19, 6], [24, 7, 1, 8], [9, 13, 10, 12], [11, 17, 12, 16], [13, 23, 14, 22], [15, 11, 16, 10], [2, 17, 3, 18], [4, 19, 5, 20], [21, 15, 22, 14]]"
12n_0195_89,"[[21, 15, 22, 14], [6, 23, 7, 24], [8, 1, 9, 2], [20, 3, 21, 4], [18, 5, 19, 6], [24, 7, 1, 8], [9, 13, 10, 12], [11, 17, 12, 16], [13, 23, 14, 22], [15, 11, 16, 10], [2, 17, 3, 18], [4, 19, 5, 20]]"
12n_0195_90,"[[4, 19, 5, 20], [21, 15, 22, 14], [6, 23, 7, 24], [8, 1, 9, 2], [20, 3, 21, 4], [18, 5, 19, 6], [24, 7, 1, 8], [9, 13, 10, 12], [11, 17, 12, 16], [13, 23, 14, 22], [15, 11, 16, 10], [2, 17, 3, 18]]"
12n_0195_91,"[[2, 17, 3, 18], [4, 19, 5, 20], [21, 15, 22, 14], [6, 23, 7, 24], [8, 1, 9, 2], [20, 3, 21, 4], [18, 5, 19, 6], [24, 7, 1, 8], [9, 13, 10, 12], [11, 17, 12, 16], [13, 23, 14, 22], [15, 11, 16, 10]]"
12n_0195_92,"[[15, 11, 16, 10], [2, 17, 3, 18], [4, 19, 5, 20], [21, 15, 22, 14], [6, 23, 7, 24], [8, 1, 9, 2], [20, 3, 21, 4], [18, 5, 19, 6], [24, 7, 1, 8], [9, 13, 10, 12], [11, 17, 12, 16], [13, 23, 14, 22]]"
12n_0195_93,"[[13, 23, 14, 22], [15, 11, 16, 10], [2, 17, 3, 18], [4, 19, 5, 20], [21, 15, 22, 14], [6, 23, 7, 24], [8, 1, 9, 2], [20, 3, 21, 4], [18, 5, 19, 6], [24, 7, 1, 8], [9, 13, 10, 12], [11, 17, 12, 16]]"
12n_0195_94,"[[11, 17, 12, 16], [13, 23, 14, 22], [15, 11, 16, 10], [2, 17, 3, 18], [4, 19, 5, 20], [21, 15, 22, 14], [6, 23, 7, 24], [8, 1, 9, 2], [20, 3, 21, 4], [18, 5, 19, 6], [24, 7, 1, 8], [9, 13, 10, 12]]"
12n_0195_95,"[[9, 13, 10, 12], [11, 17, 12, 16], [13, 23, 14, 22], [15, 11, 16, 10], [2, 17, 3, 18], [4, 19, 5, 20], [21, 15, 22, 14], [6, 23, 7, 24], [8, 1, 9, 2], [20, 3, 21, 4], [18, 5, 19, 6], [24, 7, 1, 8]]"
12n_0195_96,"[[1, 8, 2, 9], [10, 14, 11, 13], [12, 18, 13, 17], [14, 24, 15, 23], [16, 12, 17, 11], [3, 18, 4, 19], [5, 20, 6, 21], [22, 16, 23, 15], [7, 24, 8, 1], [9, 2, 10, 3], [21, 4, 22, 5], [19, 6, 20, 7]]"
12n_0195_97,"[[19, 6, 20, 7], [1, 8, 2, 9], [10, 14, 11, 13], [12, 18, 13, 17], [14, 24, 15, 23], [16, 12, 17, 11], [3, 18, 4, 19], [5, 20, 6, 21], [22, 16, 23, 15], [7, 24, 8, 1], [9, 2, 10, 3], [21, 4, 22, 5]]"
12n_0195_98,"[[21, 4, 22, 5], [19, 6, 20, 7], [1, 8, 2, 9], [10, 14, 11, 13], [12, 18, 13, 17], [14, 24, 15, 23], [16, 12, 17, 11], [3, 18, 4, 19], [5, 20, 6, 21], [22, 16, 23, 15], [7, 24, 8, 1], [9, 2, 10, 3]]"
12n_0195_99,"[[9, 2, 10, 3], [21, 4, 22, 5], [19, 6, 20, 7], [1, 8, 2, 9], [10, 14, 11, 13], [12, 18, 13, 17], [14, 24, 15, 23], [16, 12, 17, 11], [3, 18, 4, 19], [5, 20, 6, 21], [22, 16, 23, 15], [7, 24, 8, 1]]"
12n_0195_100,"[[7, 24, 8, 1], [9, 2, 10, 3], [21, 4, 22, 5], [19, 6, 20, 7], [1, 8, 2, 9], [10, 14, 11, 13], [12, 18, 13, 17], [14, 24, 15, 23], [16, 12, 17, 11], [3, 18, 4, 19], [5, 20, 6, 21], [22, 16, 23, 15]]"
12n_0195_101,"[[22, 16, 23, 15], [7, 24, 8, 1], [9, 2, 10, 3], [21, 4, 22, 5], [19, 6, 20, 7], [1, 8, 2, 9], [10, 14, 11, 13], [12, 18, 13, 17], [14, 24, 15, 23], [16, 12, 17, 11], [3, 18, 4, 19], [5, 20, 6, 21]]"
12n_0195_102,"[[5, 20, 6, 21], [22, 16, 23, 15], [7, 24, 8, 1], [9, 2, 10, 3], [21, 4, 22, 5], [19, 6, 20, 7], [1, 8, 2, 9], [10, 14, 11, 13], [12, 18, 13, 17], [14, 24, 15, 23], [16, 12, 17, 11], [3, 18, 4, 19]]"
12n_0195_103,"[[3, 18, 4, 19], [5, 20, 6, 21], [22, 16, 23, 15], [7, 24, 8, 1], [9, 2, 10, 3], [21, 4, 22, 5], [19, 6, 20, 7], [1, 8, 2, 9], [10, 14, 11, 13], [12, 18, 13, 17], [14, 24, 15, 23], [16, 12, 17, 11]]"
12n_0195_104,"[[16, 12, 17, 11], [3, 18, 4, 19], [5, 20, 6, 21], [22, 16, 23, 15], [7, 24, 8, 1], [9, 2, 10, 3], [21, 4, 22, 5], [19, 6, 20, 7], [1, 8, 2, 9], [10, 14, 11, 13], [12, 18, 13, 17], [14, 24, 15, 23]]"
12n_0195_105,"[[14, 24, 15, 23], [16, 12, 17, 11], [3, 18, 4, 19], [5, 20, 6, 21], [22, 16, 23, 15], [7, 24, 8, 1], [9, 2, 10, 3], [21, 4, 22, 5], [19, 6, 20, 7], [1, 8, 2, 9], [10, 14, 11, 13], [12, 18, 13, 17]]"
12n_0195_106,"[[12, 18, 13, 17], [14, 24, 15, 23], [16, 12, 17, 11], [3, 18, 4, 19], [5, 20, 6, 21], [22, 16, 23, 15], [7, 24, 8, 1], [9, 2, 10, 3], [21, 4, 22, 5], [19, 6, 20, 7], [1, 8, 2, 9], [10, 14, 11, 13]]"
12n_0195_107,"[[10, 14, 11, 13], [12, 18, 13, 17], [14, 24, 15, 23], [16, 12, 17, 11], [3, 18, 4, 19], [5, 20, 6, 21], [22, 16, 23, 15], [7, 24, 8, 1], [9, 2, 10, 3], [21, 4, 22, 5], [19, 6, 20, 7], [1, 8, 2, 9]]"
12n_0195_108,"[[2, 9, 3, 10], [11, 15, 12, 14], [13, 19, 14, 18], [15, 1, 16, 24], [17, 13, 18, 12], [4, 19, 5, 20], [6, 21, 7, 22], [23, 17, 24, 16], [8, 1, 9, 2], [10, 3, 11, 4], [22, 5, 23, 6], [20, 7, 21, 8]]"
12n_0195_109,"[[20, 7, 21, 8], [2, 9, 3, 10], [11, 15, 12, 14], [13, 19, 14, 18], [15, 1, 16, 24], [17, 13, 18, 12], [4, 19, 5, 20], [6, 21, 7, 22], [23, 17, 24, 16], [8, 1, 9, 2], [10, 3, 11, 4], [22, 5, 23, 6]]"
12n_0195_110,"[[22, 5, 23, 6], [20, 7, 21, 8], [2, 9, 3, 10], [11, 15, 12, 14], [13, 19, 14, 18], [15, 1, 16, 24], [17, 13, 18, 12], [4, 19, 5, 20], [6, 21, 7, 22], [23, 17, 24, 16], [8, 1, 9, 2], [10, 3, 11, 4]]"
12n_0195_111,"[[10, 3, 11, 4], [22, 5, 23, 6], [20, 7, 21, 8], [2, 9, 3, 10], [11, 15, 12, 14], [13, 19, 14, 18], [15, 1, 16, 24], [17, 13, 18, 12], [4, 19, 5, 20], [6, 21, 7, 22], [23, 17, 24, 16], [8, 1, 9, 2]]"
12n_0195_112,"[[8, 1, 9, 2], [10, 3, 11, 4], [22, 5, 23, 6], [20, 7, 21, 8], [2, 9, 3, 10], [11, 15, 12, 14], [13, 19, 14, 18], [15, 1, 16, 24], [17, 13, 18, 12], [4, 19, 5, 20], [6, 21, 7, 22], [23, 17, 24, 16]]"
12n_0195_113,"[[23, 17, 24, 16], [8, 1, 9, 2], [10, 3, 11, 4], [22, 5, 23, 6], [20, 7, 21, 8], [2, 9, 3, 10], [11, 15, 12, 14], [13, 19, 14, 18], [15, 1, 16, 24], [17, 13, 18, 12], [4, 19, 5, 20], [6, 21, 7, 22]]"
12n_0195_114,"[[6, 21, 7, 22], [23, 17, 24, 16], [8, 1, 9, 2], [10, 3, 11, 4], [22, 5, 23, 6], [20, 7, 21, 8], [2, 9, 3, 10], [11, 15, 12, 14], [13, 19, 14, 18], [15, 1, 16, 24], [17, 13, 18, 12], [4, 19, 5, 20]]"
12n_0195_115,"[[4, 19, 5, 20], [6, 21, 7, 22], [23, 17, 24, 16], [8, 1, 9, 2], [10, 3, 11, 4], [22, 5, 23, 6], [20, 7, 21, 8], [2, 9, 3, 10], [11, 15, 12, 14], [13, 19, 14, 18], [15, 1, 16, 24], [17, 13, 18, 12]]"
12n_0195_116,"[[17, 13, 18, 12], [4, 19, 5, 20], [6, 21, 7, 22], [23, 17, 24, 16], [8, 1, 9, 2], [10, 3, 11, 4], [22, 5, 23, 6], [20, 7, 21, 8], [2, 9, 3, 10], [11, 15, 12, 14], [13, 19, 14, 18], [15, 1, 16, 24]]"
12n_0195_117,"[[15, 1, 16, 24], [17, 13, 18, 12], [4, 19, 5, 20], [6, 21, 7, 22], [23, 17, 24, 16], [8, 1, 9, 2], [10, 3, 11, 4], [22, 5, 23, 6], [20, 7, 21, 8], [2, 9, 3, 10], [11, 15, 12, 14], [13, 19, 14, 18]]"
12n_0195_118,"[[13, 19, 14, 18], [15, 1, 16, 24], [17, 13, 18, 12], [4, 19, 5, 20], [6, 21, 7, 22], [23, 17, 24, 16], [8, 1, 9, 2], [10, 3, 11, 4], [22, 5, 23, 6], [20, 7, 21, 8], [2, 9, 3, 10], [11, 15, 12, 14]]"
12n_0195_119,"[[11, 15, 12, 14], [13, 19, 14, 18], [15, 1, 16, 24], [17, 13, 18, 12], [4, 19, 5, 20], [6, 21, 7, 22], [23, 17, 24, 16], [8, 1, 9, 2], [10, 3, 11, 4], [22, 5, 23, 6], [20, 7, 21, 8], [2, 9, 3, 10]]"
12n_0195_120,"[[3, 10, 4, 11], [12, 16, 13, 15], [14, 20, 15, 19], [16, 2, 17, 1], [18, 14, 19, 13], [5, 20, 6, 21], [7, 22, 8, 23], [24, 18, 1, 17], [9, 2, 10, 3], [11, 4, 12, 5], [23, 6, 24, 7], [21, 8, 22, 9]]"
12n_0195_121,"[[21, 8, 22, 9], [3, 10, 4, 11], [12, 16, 13, 15], [14, 20, 15, 19], [16, 2, 17, 1], [18, 14, 19, 13], [5, 20, 6, 21], [7, 22, 8, 23], [24, 18, 1, 17], [9, 2, 10, 3], [11, 4, 12, 5], [23, 6, 24, 7]]"
12n_0195_122,"[[23, 6, 24, 7], [21, 8, 22, 9], [3, 10, 4, 11], [12, 16, 13, 15], [14, 20, 15, 19], [16, 2, 17, 1], [18, 14, 19, 13], [5, 20, 6, 21], [7, 22, 8, 23], [24, 18, 1, 17], [9, 2, 10, 3], [11, 4, 12, 5]]"
12n_0195_123,"[[11, 4, 12, 5], [23, 6, 24, 7], [21, 8, 22, 9], [3, 10, 4, 11], [12, 16, 13, 15], [14, 20, 15, 19], [16, 2, 17, 1], [18, 14, 19, 13], [5, 20, 6, 21], [7, 22, 8, 23], [24, 18, 1, 17], [9, 2, 10, 3]]"
12n_0195_124,"[[9, 2, 10, 3], [11, 4, 12, 5], [23, 6, 24, 7], [21, 8, 22, 9], [3, 10, 4, 11], [12, 16, 13, 15], [14, 20, 15, 19], [16, 2, 17, 1], [18, 14, 19, 13], [5, 20, 6, 21], [7, 22, 8, 23], [24, 18, 1, 17]]"
12n_0195_125,"[[24, 18, 1, 17], [9, 2, 10, 3], [11, 4, 12, 5], [23, 6, 24, 7], [21, 8, 22, 9], [3, 10, 4, 11], [12, 16, 13, 15], [14, 20, 15, 19], [16, 2, 17, 1], [18, 14, 19, 13], [5, 20, 6, 21], [7, 22, 8, 23]]"
12n_0195_126,"[[7, 22, 8, 23], [24, 18, 1, 17], [9, 2, 10, 3], [11, 4, 12, 5], [23, 6, 24, 7], [21, 8, 22, 9], [3, 10, 4, 11], [12, 16, 13, 15], [14, 20, 15, 19], [16, 2, 17, 1], [18, 14, 19, 13], [5, 20, 6, 21]]"
12n_0195_127,"[[5, 20, 6, 21], [7, 22, 8, 23], [24, 18, 1, 17], [9, 2, 10, 3], [11, 4, 12, 5], [23, 6, 24, 7], [21, 8, 22, 9], [3, 10, 4, 11], [12, 16, 13, 15], [14, 20, 15, 19], [16, 2, 17, 1], [18, 14, 19, 13]]"
12n_0195_128,"[[18, 14, 19, 13], [5, 20, 6, 21], [7, 22, 8, 23], [24, 18, 1, 17], [9, 2, 10, 3], [11, 4, 12, 5], [23, 6, 24, 7], [21, 8, 22, 9], [3, 10, 4, 11], [12, 16, 13, 15], [14, 20, 15, 19], [16, 2, 17, 1]]"
12n_0195_129,"[[16, 2, 17, 1], [18, 14, 19, 13], [5, 20, 6, 21], [7, 22, 8, 23], [24, 18, 1, 17], [9, 2, 10, 3], [11, 4, 12, 5], [23, 6, 24, 7], [21, 8, 22, 9], [3, 10, 4, 11], [12, 16, 13, 15], [14, 20, 15, 19]]"
12n_0195_130,"[[14, 20, 15, 19], [16, 2, 17, 1], [18, 14, 19, 13], [5, 20, 6, 21], [7, 22, 8, 23], [24, 18, 1, 17], [9, 2, 10, 3], [11, 4, 12, 5], [23, 6, 24, 7], [21, 8, 22, 9], [3, 10, 4, 11], [12, 16, 13, 15]]"
12n_0195_131,"[[12, 16, 13, 15], [14, 20, 15, 19], [16, 2, 17, 1], [18, 14, 19, 13], [5, 20, 6, 21], [7, 22, 8, 23], [24, 18, 1, 17], [9, 2, 10, 3], [11, 4, 12, 5], [23, 6, 24, 7], [21, 8, 22, 9], [3, 10, 4, 11]]"
12n_0195_132,"[[4, 11, 5, 12], [13, 17, 14, 16], [15, 21, 16, 20], [17, 3, 18, 2], [19, 15, 20, 14], [6, 21, 7, 22], [8, 23, 9, 24], [1, 19, 2, 18], [10, 3, 11, 4], [12, 5, 13, 6], [24, 7, 1, 8], [22, 9, 23, 10]]"
12n_0195_133,"[[22, 9, 23, 10], [4, 11, 5, 12], [13, 17, 14, 16], [15, 21, 16, 20], [17, 3, 18, 2], [19, 15, 20, 14], [6, 21, 7, 22], [8, 23, 9, 24], [1, 19, 2, 18], [10, 3, 11, 4], [12, 5, 13, 6], [24, 7, 1, 8]]"
12n_0195_134,"[[24, 7, 1, 8], [22, 9, 23, 10], [4, 11, 5, 12], [13, 17, 14, 16], [15, 21, 16, 20], [17, 3, 18, 2], [19, 15, 20, 14], [6, 21, 7, 22], [8, 23, 9, 24], [1, 19, 2, 18], [10, 3, 11, 4], [12, 5, 13, 6]]"
12n_0195_135,"[[12, 5, 13, 6], [24, 7, 1, 8], [22, 9, 23, 10], [4, 11, 5, 12], [13, 17, 14, 16], [15, 21, 16, 20], [17, 3, 18, 2], [19, 15, 20, 14], [6, 21, 7, 22], [8, 23, 9, 24], [1, 19, 2, 18], [10, 3, 11, 4]]"
12n_0195_136,"[[10, 3, 11, 4], [12, 5, 13, 6], [24, 7, 1, 8], [22, 9, 23, 10], [4, 11, 5, 12], [13, 17, 14, 16], [15, 21, 16, 20], [17, 3, 18, 2], [19, 15, 20, 14], [6, 21, 7, 22], [8, 23, 9, 24], [1, 19, 2, 18]]"
12n_0195_137,"[[1, 19, 2, 18], [10, 3, 11, 4], [12, 5, 13, 6], [24, 7, 1, 8], [22, 9, 23, 10], [4, 11, 5, 12], [13, 17, 14, 16], [15, 21, 16, 20], [17, 3, 18, 2], [19, 15, 20, 14], [6, 21, 7, 22], [8, 23, 9, 24]]"
12n_0195_138,"[[8, 23, 9, 24], [1, 19, 2, 18], [10, 3, 11, 4], [12, 5, 13, 6], [24, 7, 1, 8], [22, 9, 23, 10], [4, 11, 5, 12], [13, 17, 14, 16], [15, 21, 16, 20], [17, 3, 18, 2], [19, 15, 20, 14], [6, 21, 7, 22]]"
12n_0195_139,"[[6, 21, 7, 22], [8, 23, 9, 24], [1, 19, 2, 18], [10, 3, 11, 4], [12, 5, 13, 6], [24, 7, 1, 8], [22, 9, 23, 10], [4, 11, 5, 12], [13, 17, 14, 16], [15, 21, 16, 20], [17, 3, 18, 2], [19, 15, 20, 14]]"
12n_0195_140,"[[19, 15, 20, 14], [6, 21, 7, 22], [8, 23, 9, 24], [1, 19, 2, 18], [10, 3, 11, 4], [12, 5, 13, 6], [24, 7, 1, 8], [22, 9, 23, 10], [4, 11, 5, 12], [13, 17, 14, 16], [15, 21, 16, 20], [17, 3, 18, 2]]"
12n_0195_141,"[[17, 3, 18, 2], [19, 15, 20, 14], [6, 21, 7, 22], [8, 23, 9, 24], [1, 19, 2, 18], [10, 3, 11, 4], [12, 5, 13, 6], [24, 7, 1, 8], [22, 9, 23, 10], [4, 11, 5, 12], [13, 17, 14, 16], [15, 21, 16, 20]]"
12n_0195_142,"[[15, 21, 16, 20], [17, 3, 18, 2], [19, 15, 20, 14], [6, 21, 7, 22], [8, 23, 9, 24], [1, 19, 2, 18], [10, 3, 11, 4], [12, 5, 13, 6], [24, 7, 1, 8], [22, 9, 23, 10], [4, 11, 5, 12], [13, 17, 14, 16]]"
12n_0195_143,"[[13, 17, 14, 16], [15, 21, 16, 20], [17, 3, 18, 2], [19, 15, 20, 14], [6, 21, 7, 22], [8, 23, 9, 24], [1, 19, 2, 18], [10, 3, 11, 4], [12, 5, 13, 6], [24, 7, 1, 8], [22, 9, 23, 10], [4, 11, 5, 12]]"
12n_0195_144,"[[5, 12, 6, 13], [14, 18, 15, 17], [16, 22, 17, 21], [18, 4, 19, 3], [20, 16, 21, 15], [7, 22, 8, 23], [9, 24, 10, 1], [2, 20, 3, 19], [11, 4, 12, 5], [13, 6, 14, 7], [1, 8, 2, 9], [23, 10, 24, 11]]"
12n_0195_145,"[[23, 10, 24, 11], [5, 12, 6, 13], [14, 18, 15, 17], [16, 22, 17, 21], [18, 4, 19, 3], [20, 16, 21, 15], [7, 22, 8, 23], [9, 24, 10, 1], [2, 20, 3, 19], [11, 4, 12, 5], [13, 6, 14, 7], [1, 8, 2, 9]]"
12n_0195_146,"[[1, 8, 2, 9], [23, 10, 24, 11], [5, 12, 6, 13], [14, 18, 15, 17], [16, 22, 17, 21], [18, 4, 19, 3], [20, 16, 21, 15], [7, 22, 8, 23], [9, 24, 10, 1], [2, 20, 3, 19], [11, 4, 12, 5], [13, 6, 14, 7]]"
12n_0195_147,"[[13, 6, 14, 7], [1, 8, 2, 9], [23, 10, 24, 11], [5, 12, 6, 13], [14, 18, 15, 17], [16, 22, 17, 21], [18, 4, 19, 3], [20, 16, 21, 15], [7, 22, 8, 23], [9, 24, 10, 1], [2, 20, 3, 19], [11, 4, 12, 5]]"
12n_0195_148,"[[11, 4, 12, 5], [13, 6, 14, 7], [1, 8, 2, 9], [23, 10, 24, 11], [5, 12, 6, 13], [14, 18, 15, 17], [16, 22, 17, 21], [18, 4, 19, 3], [20, 16, 21, 15], [7, 22, 8, 23], [9, 24, 10, 1], [2, 20, 3, 19]]"
12n_0195_149,"[[2, 20, 3, 19], [11, 4, 12, 5], [13, 6, 14, 7], [1, 8, 2, 9], [23, 10, 24, 11], [5, 12, 6, 13], [14, 18, 15, 17], [16, 22, 17, 21], [18, 4, 19, 3], [20, 16, 21, 15], [7, 22, 8, 23], [9, 24, 10, 1]]"
12n_0195_150,"[[9, 24, 10, 1], [2, 20, 3, 19], [11, 4, 12, 5], [13, 6, 14, 7], [1, 8, 2, 9], [23, 10, 24, 11], [5, 12, 6, 13], [14, 18, 15, 17], [16, 22, 17, 21], [18, 4, 19, 3], [20, 16, 21, 15], [7, 22, 8, 23]]"
12n_0195_151,"[[7, 22, 8, 23], [9, 24, 10, 1], [2, 20, 3, 19], [11, 4, 12, 5], [13, 6, 14, 7], [1, 8, 2, 9], [23, 10, 24, 11], [5, 12, 6, 13], [14, 18, 15, 17], [16, 22, 17, 21], [18, 4, 19, 3], [20, 16, 21, 15]]"
12n_0195_152,"[[20, 16, 21, 15], [7, 22, 8, 23], [9, 24, 10, 1], [2, 20, 3, 19], [11, 4, 12, 5], [13, 6, 14, 7], [1, 8, 2, 9], [23, 10, 24, 11], [5, 12, 6, 13], [14, 18, 15, 17], [16, 22, 17, 21], [18, 4, 19, 3]]"
12n_0195_153,"[[18, 4, 19, 3], [20, 16, 21, 15], [7, 22, 8, 23], [9, 24, 10, 1], [2, 20, 3, 19], [11, 4, 12, 5], [13, 6, 14, 7], [1, 8, 2, 9], [23, 10, 24, 11], [5, 12, 6, 13], [14, 18, 15, 17], [16, 22, 17, 21]]"
12n_0195_154,"[[16, 22, 17, 21], [18, 4, 19, 3], [20, 16, 21, 15], [7, 22, 8, 23], [9, 24, 10, 1], [2, 20, 3, 19], [11, 4, 12, 5], [13, 6, 14, 7], [1, 8, 2, 9], [23, 10, 24, 11], [5, 12, 6, 13], [14, 18, 15, 17]]"
12n_0195_155,"[[14, 18, 15, 17], [16, 22, 17, 21], [18, 4, 19, 3], [20, 16, 21, 15], [7, 22, 8, 23], [9, 24, 10, 1], [2, 20, 3, 19], [11, 4, 12, 5], [13, 6, 14, 7], [1, 8, 2, 9], [23, 10, 24, 11], [5, 12, 6, 13]]"
12n_0195_156,"[[6, 13, 7, 14], [15, 19, 16, 18], [17, 23, 18, 22], [19, 5, 20, 4], [21, 17, 22, 16], [8, 23, 9, 24], [10, 1, 11, 2], [3, 21, 4, 20], [12, 5, 13, 6], [14, 7, 15, 8], [2, 9, 3, 10], [24, 11, 1, 12]]"
12n_0195_157,"[[24, 11, 1, 12], [6, 13, 7, 14], [15, 19, 16, 18], [17, 23, 18, 22], [19, 5, 20, 4], [21, 17, 22, 16], [8, 23, 9, 24], [10, 1, 11, 2], [3, 21, 4, 20], [12, 5, 13, 6], [14, 7, 15, 8], [2, 9, 3, 10]]"
12n_0195_158,"[[2, 9, 3, 10], [24, 11, 1, 12], [6, 13, 7, 14], [15, 19, 16, 18], [17, 23, 18, 22], [19, 5, 20, 4], [21, 17, 22, 16], [8, 23, 9, 24], [10, 1, 11, 2], [3, 21, 4, 20], [12, 5, 13, 6], [14, 7, 15, 8]]"
12n_0195_159,"[[14, 7, 15, 8], [2, 9, 3, 10], [24, 11, 1, 12], [6, 13, 7, 14], [15, 19, 16, 18], [17, 23, 18, 22], [19, 5, 20, 4], [21, 17, 22, 16], [8, 23, 9, 24], [10, 1, 11, 2], [3, 21, 4, 20], [12, 5, 13, 6]]"
12n_0195_160,"[[12, 5, 13, 6], [14, 7, 15, 8], [2, 9, 3, 10], [24, 11, 1, 12], [6, 13, 7, 14], [15, 19, 16, 18], [17, 23, 18, 22], [19, 5, 20, 4], [21, 17, 22, 16], [8, 23, 9, 24], [10, 1, 11, 2], [3, 21, 4, 20]]"
12n_0195_161,"[[3, 21, 4, 20], [12, 5, 13, 6], [14, 7, 15, 8], [2, 9, 3, 10], [24, 11, 1, 12], [6, 13, 7, 14], [15, 19, 16, 18], [17, 23, 18, 22], [19, 5, 20, 4], [21, 17, 22, 16], [8, 23, 9, 24], [10, 1, 11, 2]]"
12n_0195_162,"[[10, 1, 11, 2], [3, 21, 4, 20], [12, 5, 13, 6], [14, 7, 15, 8], [2, 9, 3, 10], [24, 11, 1, 12], [6, 13, 7, 14], [15, 19, 16, 18], [17, 23, 18, 22], [19, 5, 20, 4], [21, 17, 22, 16], [8, 23, 9, 24]]"
12n_0195_163,"[[8, 23, 9, 24], [10, 1, 11, 2], [3, 21, 4, 20], [12, 5, 13, 6], [14, 7, 15, 8], [2, 9, 3, 10], [24, 11, 1, 12], [6, 13, 7, 14], [15, 19, 16, 18], [17, 23, 18, 22], [19, 5, 20, 4], [21, 17, 22, 16]]"
12n_0195_164,"[[21, 17, 22, 16], [8, 23, 9, 24], [10, 1, 11, 2], [3, 21, 4, 20], [12, 5, 13, 6], [14, 7, 15, 8], [2, 9, 3, 10], [24, 11, 1, 12], [6, 13, 7, 14], [15, 19, 16, 18], [17, 23, 18, 22], [19, 5, 20, 4]]"
12n_0195_165,"[[19, 5, 20, 4], [21, 17, 22, 16], [8, 23, 9, 24], [10, 1, 11, 2], [3, 21, 4, 20], [12, 5, 13, 6], [14, 7, 15, 8], [2, 9, 3, 10], [24, 11, 1, 12], [6, 13, 7, 14], [15, 19, 16, 18], [17, 23, 18, 22]]"
12n_0195_166,"[[17, 23, 18, 22], [19, 5, 20, 4], [21, 17, 22, 16], [8, 23, 9, 24], [10, 1, 11, 2], [3, 21, 4, 20], [12, 5, 13, 6], [14, 7, 15, 8], [2, 9, 3, 10], [24, 11, 1, 12], [6, 13, 7, 14], [15, 19, 16, 18]]"
12n_0195_167,"[[15, 19, 16, 18], [17, 23, 18, 22], [19, 5, 20, 4], [21, 17, 22, 16], [8, 23, 9, 24], [10, 1, 11, 2], [3, 21, 4, 20], [12, 5, 13, 6], [14, 7, 15, 8], [2, 9, 3, 10], [24, 11, 1, 12], [6, 13, 7, 14]]"
12n_0195_168,"[[7, 14, 8, 15], [16, 20, 17, 19], [18, 24, 19, 23], [20, 6, 21, 5], [22, 18, 23, 17], [9, 24, 10, 1], [11, 2, 12, 3], [4, 22, 5, 21], [13, 6, 14, 7], [15, 8, 16, 9], [3, 10, 4, 11], [1, 12, 2, 13]]"
12n_0195_169,"[[1, 12, 2, 13], [7, 14, 8, 15], [16, 20, 17, 19], [18, 24, 19, 23], [20, 6, 21, 5], [22, 18, 23, 17], [9, 24, 10, 1], [11, 2, 12, 3], [4, 22, 5, 21], [13, 6, 14, 7], [15, 8, 16, 9], [3, 10, 4, 11]]"
12n_0195_170,"[[3, 10, 4, 11], [1, 12, 2, 13], [7, 14, 8, 15], [16, 20, 17, 19], [18, 24, 19, 23], [20, 6, 21, 5], [22, 18, 23, 17], [9, 24, 10, 1], [11, 2, 12, 3], [4, 22, 5, 21], [13, 6, 14, 7], [15, 8, 16, 9]]"
12n_0195_171,"[[15, 8, 16, 9], [3, 10, 4, 11], [1, 12, 2, 13], [7, 14, 8, 15], [16, 20, 17, 19], [18, 24, 19, 23], [20, 6, 21, 5], [22, 18, 23, 17], [9, 24, 10, 1], [11, 2, 12, 3], [4, 22, 5, 21], [13, 6, 14, 7]]"
12n_0195_172,"[[13, 6, 14, 7], [15, 8, 16, 9], [3, 10, 4, 11], [1, 12, 2, 13], [7, 14, 8, 15], [16, 20, 17, 19], [18, 24, 19, 23], [20, 6, 21, 5], [22, 18, 23, 17], [9, 24, 10, 1], [11, 2, 12, 3], [4, 22, 5, 21]]"
12n_0195_173,"[[4, 22, 5, 21], [13, 6, 14, 7], [15, 8, 16, 9], [3, 10, 4, 11], [1, 12, 2, 13], [7, 14, 8, 15], [16, 20, 17, 19], [18, 24, 19, 23], [20, 6, 21, 5], [22, 18, 23, 17], [9, 24, 10, 1], [11, 2, 12, 3]]"
12n_0195_174,"[[11, 2, 12, 3], [4, 22, 5, 21], [13, 6, 14, 7], [15, 8, 16, 9], [3, 10, 4, 11], [1, 12, 2, 13], [7, 14, 8, 15], [16, 20, 17, 19], [18, 24, 19, 23], [20, 6, 21, 5], [22, 18, 23, 17], [9, 24, 10, 1]]"
12n_0195_175,"[[9, 24, 10, 1], [11, 2, 12, 3], [4, 22, 5, 21], [13, 6, 14, 7], [15, 8, 16, 9], [3, 10, 4, 11], [1, 12, 2, 13], [7, 14, 8, 15], [16, 20, 17, 19], [18, 24, 19, 23], [20, 6, 21, 5], [22, 18, 23, 17]]"
12n_0195_176,"[[22, 18, 23, 17], [9, 24, 10, 1], [11, 2, 12, 3], [4, 22, 5, 21], [13, 6, 14, 7], [15, 8, 16, 9], [3, 10, 4, 11], [1, 12, 2, 13], [7, 14, 8, 15], [16, 20, 17, 19], [18, 24, 19, 23], [20, 6, 21, 5]]"
12n_0195_177,"[[20, 6, 21, 5], [22, 18, 23, 17], [9, 24, 10, 1], [11, 2, 12, 3], [4, 22, 5, 21], [13, 6, 14, 7], [15, 8, 16, 9], [3, 10, 4, 11], [1, 12, 2, 13], [7, 14, 8, 15], [16, 20, 17, 19], [18, 24, 19, 23]]"
12n_0195_178,"[[18, 24, 19, 23], [20, 6, 21, 5], [22, 18, 23, 17], [9, 24, 10, 1], [11, 2, 12, 3], [4, 22, 5, 21], [13, 6, 14, 7], [15, 8, 16, 9], [3, 10, 4, 11], [1, 12, 2, 13], [7, 14, 8, 15], [16, 20, 17, 19]]"
12n_0195_179,"[[16, 20, 17, 19], [18, 24, 19, 23], [20, 6, 21, 5], [22, 18, 23, 17], [9, 24, 10, 1], [11, 2, 12, 3], [4, 22, 5, 21], [13, 6, 14, 7], [15, 8, 16, 9], [3, 10, 4, 11], [1, 12, 2, 13], [7, 14, 8, 15]]"
12n_0195_180,"[[8, 15, 9, 16], [17, 21, 18, 20], [19, 1, 20, 24], [21, 7, 22, 6], [23, 19, 24, 18], [10, 1, 11, 2], [12, 3, 13, 4], [5, 23, 6, 22], [14, 7, 15, 8], [16, 9, 17, 10], [4, 11, 5, 12], [2, 13, 3, 14]]"
12n_0195_181,"[[2, 13, 3, 14], [8, 15, 9, 16], [17, 21, 18, 20], [19, 1, 20, 24], [21, 7, 22, 6], [23, 19, 24, 18], [10, 1, 11, 2], [12, 3, 13, 4], [5, 23, 6, 22], [14, 7, 15, 8], [16, 9, 17, 10], [4, 11, 5, 12]]"
12n_0195_182,"[[4, 11, 5, 12], [2, 13, 3, 14], [8, 15, 9, 16], [17, 21, 18, 20], [19, 1, 20, 24], [21, 7, 22, 6], [23, 19, 24, 18], [10, 1, 11, 2], [12, 3, 13, 4], [5, 23, 6, 22], [14, 7, 15, 8], [16, 9, 17, 10]]"
12n_0195_183,"[[16, 9, 17, 10], [4, 11, 5, 12], [2, 13, 3, 14], [8, 15, 9, 16], [17, 21, 18, 20], [19, 1, 20, 24], [21, 7, 22, 6], [23, 19, 24, 18], [10, 1, 11, 2], [12, 3, 13, 4], [5, 23, 6, 22], [14, 7, 15, 8]]"
12n_0195_184,"[[14, 7, 15, 8], [16, 9, 17, 10], [4, 11, 5, 12], [2, 13, 3, 14], [8, 15, 9, 16], [17, 21, 18, 20], [19, 1, 20, 24], [21, 7, 22, 6], [23, 19, 24, 18], [10, 1, 11, 2], [12, 3, 13, 4], [5, 23, 6, 22]]"
12n_0195_185,"[[5, 23, 6, 22], [14, 7, 15, 8], [16, 9, 17, 10], [4, 11, 5, 12], [2, 13, 3, 14], [8, 15, 9, 16], [17, 21, 18, 20], [19, 1, 20, 24], [21, 7, 22, 6], [23, 19, 24, 18], [10, 1, 11, 2], [12, 3, 13, 4]]"
